-1.38755e-12,-1.5,14.98
-1.38755e-12,-1.5,14.96
-1.38755e-12,-1.5,14.94
-0.0868241,-1.5076,14.92
-0.25,-1.56699,14.9
-0.383022,-1.67861,14.88
-0.433013,-1.75,14.86
-0.433013,-1.75,14.84
-0.433013,-1.75,14.82
-0.433013,-1.75,14.8
-0.433013,-1.75,14.78
-0.433013,-1.75,14.76
-0.433013,-1.75,14.74
-0.433013,-1.75,14.72
-0.433013,-1.75,14.7
-0.433013,-1.75,14.68
-0.433013,-1.75,14.66
-0.433013,-1.75,14.64
-0.433013,-1.75,14.62
-0.433013,-1.75,14.6
-0.433013,-1.75,14.58
-0.433013,-1.75,14.56
-0.433013,-1.75,14.54
-0.433013,-1.75,14.52
-0.433013,-1.75,14.5
-0.433013,-1.75,14.48
-0.433013,-1.75,14.46
-0.433013,-1.75,14.44
-0.492404,-1.91318,14.42
-0.492404,-2.08682,14.4
-0.433013,-2.25,14.38
-0.433013,-2.25,14.36
-0.433013,-2.25,14.34
-0.433013,-2.25,14.32
-0.433013,-2.25,14.3
-0.433013,-2.25,14.28
-0.433013,-2.25,14.26
-0.433013,-2.25,14.24
-0.433013,-2.25,14.22
-0.433013,-2.25,14.2
-0.433013,-2.25,14.18
-0.433013,-2.25,14.16
-0.321394,-2.38302,14.14
-0.17101,-2.46985,14.12
-2.97408e-12,-2.5,14.1
0.0868241,-2.5076,14.08
0.25,-2.56699,14.06
0.383022,-2.67861,14.04
0.433013,-2.75,14.02
0.544632,-2.88302,14.0
0.695015,-2.96985,13.98
0.866025,-3.0,13.96
0.952849,-2.9924,13.94
1.11603,-2.93301,13.92
1.24905,-2.82139,13.9
1.29904,-2.75,13.88
1.35843,-2.58682,13.86
1.35843,-2.41318,13.84
1.29904,-2.25,13.82
1.24905,-2.17861,13.8
1.11603,-2.06699,13.78
0.952849,-2.0076,13.76
0.866025,-2.0,13.74
0.866025,-2.0,13.72
0.866025,-2.0,13.7
0.866025,-2.0,13.68
0.866025,-2.0,13.66
0.866025,-2.0,13.64
0.866025,-2.0,13.62
0.866025,-2.0,13.6
0.695015,-1.96985,13.58
0.544632,-1.88302,13.56
0.433013,-1.75,13.54
0.396179,-1.67101,13.52
0.366025,-1.5,13.5
0.396179,-1.32899,13.48
0.433013,-1.25,13.46
0.544632,-1.11698,13.44
0.695015,-1.03015,13.42
0.866025,-1.0,13.4
0.866025,-1.0,13.38
0.866025,-1.0,13.36
0.866025,-1.0,13.34
0.866025,-1.0,13.32
0.866025,-1.0,13.3
0.866025,-1.0,13.28
0.866025,-1.0,13.26
0.866025,-1.0,13.24
0.866025,-1.0,13.22
0.866025,-1.0,13.2
0.866025,-1.0,13.18
0.866025,-1.0,13.16
0.866025,-1.0,13.14
0.866025,-1.0,13.12
0.866025,-1.0,13.1
0.866025,-1.0,13.08
0.866025,-1.0,13.06
0.866025,-1.0,13.04
0.866025,-1.0,13.02
0.866025,-1.0,13.0
0.866025,-1.0,12.98
0.866025,-1.0,12.96
0.866025,-1.0,12.94
0.866025,-1.0,12.92
0.866025,-1.0,12.9
0.866025,-1.0,12.88
0.866025,-1.0,12.86
0.866025,-1.0,12.84
0.952849,-1.0076,12.82
1.11603,-1.06699,12.8
1.24905,-1.17861,12.78
1.29904,-1.25,12.76
1.35843,-1.41318,12.74
1.35843,-1.58682,12.72
1.29904,-1.75,12.7
1.24905,-1.82139,12.68
1.11603,-1.93301,12.66
0.952849,-1.9924,12.64
0.866025,-2.0,12.62
0.866025,-2.0,12.6
0.866025,-2.0,12.58
0.866025,-2.0,12.56
0.866025,-2.0,12.54
0.866025,-2.0,12.52
0.866025,-2.0,12.5
0.866025,-2.0,12.48
0.695015,-2.03015,12.46
0.544632,-2.11698,12.44
0.433013,-2.25,12.42
0.396179,-2.32899,12.4
0.366025,-2.5,12.38
0.396179,-2.67101,12.36
0.433013,-2.75,12.34
0.544632,-2.88302,12.32
0.695015,-2.96985,12.3
0.866025,-3.0,12.28
0.952849,-2.9924,12.26
1.11603,-2.93301,12.24
1.24905,-2.82139,12.22
1.29904,-2.75,12.2
1.29904,-2.75,12.18
1.29904,-2.75,12.16
1.29904,-2.75,12.14
1.29904,-2.75,12.12
1.29904,-2.75,12.1
1.29904,-2.75,12.08
1.29904,-2.75,12.06
1.29904,-2.75,12.04
1.29904,-2.75,12.02
1.29904,-2.75,12.0
1.29904,-2.75,11.98
1.29904,-2.75,11.96
1.29904,-2.75,11.94
1.29904,-2.75,11.92
1.29904,-2.75,11.9
1.29904,-2.75,11.88
1.29904,-2.75,11.86
1.29904,-2.75,11.84
1.29904,-2.75,11.82
1.29904,-2.75,11.8
1.29904,-2.75,11.78
1.18742,-2.88302,11.76
1.03704,-2.96985,11.74
0.866025,-3.0,11.72
0.866025,-3.0,11.7
0.866025,-3.0,11.68
0.866025,-3.0,11.66
0.866025,-3.0,11.64
0.866025,-3.0,11.62
0.866025,-3.0,11.6
0.866025,-3.0,11.58
0.866025,-3.0,11.56
0.866025,-3.0,11.54
0.866025,-3.0,11.52
0.866025,-3.0,11.5
0.866025,-3.0,11.48
0.866025,-3.0,11.46
0.866025,-3.0,11.44
0.779201,-2.9924,11.42
0.616025,-2.93301,11.4
0.483003,-2.82139,11.38
0.433013,-2.75,11.36
0.433013,-2.75,11.34
0.433013,-2.75,11.32
0.433013,-2.75,11.3
0.469846,-2.82899,11.28
0.5,-3.0,11.26
0.469846,-3.17101,11.24
0.433013,-3.25,11.22
0.321394,-3.38302,11.2
0.17101,-3.46985,11.18
-4.16354e-12,-3.5,11.16
-0.0868241,-3.4924,11.14
-0.25,-3.43301,11.12
-0.383022,-3.32139,11.1
-0.433013,-3.25,11.08
-0.433013,-3.25,11.06
-0.433013,-3.25,11.04
-0.433013,-3.25,11.02
-0.469846,-3.17101,11.0
-0.5,-3.0,10.98
-0.469846,-2.82899,10.96
-0.433013,-2.75,10.94
-0.373622,-2.58682,10.92
-0.373622,-2.41318,10.9
-0.433013,-2.25,10.88
-0.483003,-2.17861,10.86
-0.616025,-2.06699,10.84
-0.779201,-2.0076,10.82
-0.866025,-2.0,10.8
-1.03704,-2.03015,10.78
-1.18742,-2.11698,10.76
-1.29904,-2.25,10.74
-1.33587,-2.32899,10.72
-1.36603,-2.5,10.7
-1.33587,-2.67101,10.68
-1.29904,-2.75,10.66
-1.29904,-2.75,10.64
-1.29904,-2.75,10.62
-1.29904,-2.75,10.6
-1.29904,-2.75,10.58
-1.29904,-2.75,10.56
-1.29904,-2.75,10.54
-1.29904,-2.75,10.52
-1.29904,-2.75,10.5
-1.29904,-2.75,10.48
-1.29904,-2.75,10.46
-1.29904,-2.75,10.44
-1.29904,-2.75,10.42
-1.29904,-2.75,10.4
-1.29904,-2.75,10.38
-1.29904,-2.75,10.36
-1.29904,-2.75,10.34
-1.29904,-2.75,10.32
-1.29904,-2.75,10.3
-1.29904,-2.75,10.28
-1.29904,-2.75,10.26
-1.29904,-2.75,10.24
-1.35843,-2.58682,10.22
-1.35843,-2.41318,10.2
-1.29904,-2.25,10.18
-1.2622,-2.17101,10.16
-1.23205,-2.0,10.14
-1.2622,-1.82899,10.12
-1.29904,-1.75,10.1
-1.41066,-1.61698,10.08
-1.56104,-1.53015,10.06
-1.73205,-1.5,10.04
-1.81887,-1.5076,10.02
-1.98205,-1.56699,10.0
-2.11507,-1.67861,9.98
-2.16506,-1.75,9.96
-2.22445,-1.91318,9.94
-2.22445,-2.08682,9.92
-2.16506,-2.25,9.9
-2.16506,-2.25,9.88
-2.16506,-2.25,9.86
-2.16506,-2.25,9.84
-2.16506,-2.25,9.82
-2.16506,-2.25,9.8
-2.16506,-2.25,9.78
-2.16506,-2.25,9.76
-2.16506,-2.25,9.74
-2.16506,-2.25,9.72
-2.16506,-2.25,9.7
-2.16506,-2.25,9.68
-2.16506,-2.25,9.66
-2.16506,-2.25,9.64
-2.16506,-2.25,9.62
-2.16506,-2.25,9.6
-2.16506,-2.25,9.58
-2.16506,-2.25,9.56
-2.16506,-2.25,9.54
-2.16506,-2.25,9.52
-2.16506,-2.25,9.5
-2.16506,-2.25,9.48
-2.2019,-2.17101,9.46
-2.23205,-2.0,9.44
-2.2019,-1.82899,9.42
-2.16506,-1.75,9.4
-2.10567,-1.58682,9.38
-2.10567,-1.41318,9.36
-2.16506,-1.25,9.34
-2.21505,-1.17861,9.32
-2.34808,-1.06699,9.3
-2.51125,-1.0076,9.28
-2.59808,-1.0,9.26
-2.76909,-1.03015,9.24
-2.91947,-1.11698,9.22
-3.03109,-1.25,9.2
-3.06792,-1.32899,9.18
-3.09808,-1.5,9.16
-3.06792,-1.67101,9.14
-3.03109,-1.75,9.12
-3.03109,-1.75,9.1
-3.03109,-1.75,9.08
-3.03109,-1.75,9.06
-3.03109,-1.75,9.04
-3.03109,-1.75,9.02
-3.03109,-1.75,9.0
-3.03109,-1.75,8.98
-3.09048,-1.58682,8.96
-3.09048,-1.41318,8.94
-3.03109,-1.25,8.92
-2.9811,-1.17861,8.9
-2.84808,-1.06699,8.88
-2.6849,-1.0076,8.86
-2.59808,-1.0,8.84
-2.42707,-1.03015,8.82
-2.27668,-1.11698,8.8
-2.16506,-1.25,8.78
-2.11507,-1.32139,8.76
-1.98205,-1.43301,8.74
-1.81887,-1.4924,8.72
-1.73205,-1.5,8.7
-1.73205,-1.5,8.68
-1.73205,-1.5,8.66
-1.73205,-1.5,8.64
-1.81887,-1.5076,8.62
-1.98205,-1.56699,8.6
-2.11507,-1.67861,8.58
-2.16506,-1.75,8.56
-2.22445,-1.91318,8.54
-2.22445,-2.08682,8.52
-2.16506,-2.25,8.5
-2.11507,-2.32139,8.48
-1.98205,-2.43301,8.46
-1.81887,-2.4924,8.44
-1.73205,-2.5,8.42
-1.56104,-2.46985,8.4
-1.41066,-2.38302,8.38
-1.29904,-2.25,8.36
-1.24905,-2.17861,8.34
-1.11603,-2.06699,8.32
-0.952849,-2.0076,8.3
-0.866025,-2.0,8.28
-0.866025,-2.0,8.26
-0.866025,-2.0,8.24
-0.866025,-2.0,8.22
-0.952849,-1.9924,8.2
-1.11603,-1.93301,8.18
-1.24905,-1.82139,8.16
-1.29904,-1.75,8.14
-1.35843,-1.58682,8.12
-1.35843,-1.41318,8.1
-1.29904,-1.25,8.08
-1.24905,-1.17861,8.06
-1.11603,-1.06699,8.04
-0.952849,-1.0076,8.02
-0.866025,-1.0,8.0
-0.866025,-1.0,7.98
-0.866025,-1.0,7.96
-0.866025,-1.0,7.94
-0.866025,-1.0,7.92
-0.866025,-1.0,7.9
-0.866025,-1.0,7.88
-0.866025,-1.0,7.86
-0.866025,-1.0,7.84
-0.866025,-1.0,7.82
-0.866025,-1.0,7.8
-0.866025,-1.0,7.78
-0.866025,-1.0,7.76
-0.866025,-1.0,7.74
-0.866025,-1.0,7.72
-0.866025,-1.0,7.7
-0.866025,-1.0,7.68
-0.866025,-1.0,7.66
-0.866025,-1.0,7.64
-0.866025,-1.0,7.62
-0.866025,-1.0,7.6
-0.866025,-1.0,7.58
-0.866025,-1.0,7.56
-0.866025,-1.0,7.54
-0.866025,-1.0,7.52
-0.866025,-1.0,7.5
-0.866025,-1.0,7.48
-0.866025,-1.0,7.46
-0.866025,-1.0,7.44
-0.695015,-1.03015,7.42
-0.544632,-1.11698,7.4
-0.433013,-1.25,7.38
-0.396179,-1.32899,7.36
-0.366025,-1.5,7.34
-0.396179,-1.67101,7.32
-0.433013,-1.75,7.3
-0.544632,-1.88302,7.28
-0.695015,-1.96985,7.26
-0.866025,-2.0,7.24
-0.866025,-2.0,7.22
-0.866025,-2.0,7.2
-0.866025,-2.0,7.18
-0.866025,-2.0,7.16
-0.695015,-2.03015,7.14
-0.544632,-2.11698,7.12
-0.433013,-2.25,7.1
-0.433013,-2.25,7.08
-0.433013,-2.25,7.06
-0.433013,-2.25,7.04
-0.433013,-2.25,7.02
-0.433013,-2.25,7.0
-0.433013,-2.25,6.98
-0.433013,-2.25,6.96
-0.433013,-2.25,6.94
-0.433013,-2.25,6.92
-0.433013,-2.25,6.9
-0.433013,-2.25,6.88
-0.433013,-2.25,6.86
-0.433013,-2.25,6.84
-0.433013,-2.25,6.82
-0.396179,-2.32899,6.8
-0.366025,-2.5,6.78
-0.396179,-2.67101,6.76
-0.433013,-2.75,6.74
-0.433013,-2.75,6.72
-0.433013,-2.75,6.7
-0.433013,-2.75,6.68
-0.383022,-2.67861,6.66
-0.25,-2.56699,6.64
-0.0868241,-2.5076,6.62
-3.37005e-12,-2.5,6.6
0.17101,-2.53015,6.58
0.321394,-2.61698,6.56
0.433013,-2.75,6.54
0.469846,-2.82899,6.52
0.5,-3.0,6.5
0.469846,-3.17101,6.48
0.433013,-3.25,6.46
0.433013,-3.25,6.44
0.433013,-3.25,6.42
0.433013,-3.25,6.4
0.383022,-3.32139,6.38
0.25,-3.43301,6.36
0.0868241,-3.4924,6.34
-4.16354e-12,-3.5,6.32
-4.16354e-12,-3.5,6.3
-4.16354e-12,-3.5,6.28
-4.16354e-12,-3.5,6.26
-4.16354e-12,-3.5,6.24
-4.16354e-12,-3.5,6.22
-4.16354e-12,-3.5,6.2
-4.16354e-12,-3.5,6.18
-4.16354e-12,-3.5,6.16
-4.16354e-12,-3.5,6.14
-4.16354e-12,-3.5,6.12
-4.16354e-12,-3.5,6.1
-4.16354e-12,-3.5,6.08
-4.16354e-12,-3.5,6.06
-4.16354e-12,-3.5,6.04
-0.17101,-3.46985,6.02
-0.321394,-3.38302,6.0
-0.433013,-3.25,5.98
-0.433013,-3.25,5.96
-0.433013,-3.25,5.94
-0.433013,-3.25,5.92
-0.433013,-3.25,5.9
-0.492404,-3.08682,5.88
-0.492404,-2.91318,5.86
-0.433013,-2.75,5.84
-0.383022,-2.67861,5.82
-0.25,-2.56699,5.8
-0.0868241,-2.5076,5.78
-3.37005e-12,-2.5,5.76
0.17101,-2.53015,5.74
0.321394,-2.61698,5.72
0.433013,-2.75,5.7
0.433013,-2.75,5.68
0.433013,-2.75,5.66
0.433013,-2.75,5.64
0.433013,-2.75,5.62
0.373622,-2.58682,5.6
0.373622,-2.41318,5.58
0.433013,-2.25,5.56
0.433013,-2.25,5.54
0.433013,-2.25,5.52
0.433013,-2.25,5.5
0.433013,-2.25,5.48
0.433013,-2.25,5.46
0.433013,-2.25,5.44
0.433013,-2.25,5.42
0.433013,-2.25,5.4
0.433013,-2.25,5.38
0.433013,-2.25,5.36
0.433013,-2.25,5.34
0.433013,-2.25,5.32
0.433013,-2.25,5.3
0.433013,-2.25,5.28
0.483003,-2.17861,5.26
0.616025,-2.06699,5.24
0.779201,-2.0076,5.22
0.866025,-2.0,5.2
0.866025,-2.0,5.18
0.866025,-2.0,5.16
0.866025,-2.0,5.14
0.779201,-1.9924,5.12
0.616025,-1.93301,5.1
0.483003,-1.82139,5.08
0.433013,-1.75,5.06
0.373622,-1.58682,5.04
0.373622,-1.41318,5.02
0.433013,-1.25,5.0
0.483003,-1.17861,4.98
0.616025,-1.06699,4.96
0.779201,-1.0076,4.94
0.866025,-1.0,4.92
0.866025,-1.0,4.9
0.866025,-1.0,4.88
0.866025,-1.0,4.86
0.866025,-1.0,4.84
0.866025,-1.0,4.82
0.866025,-1.0,4.8
0.866025,-1.0,4.78
0.866025,-1.0,4.76
0.866025,-1.0,4.74
0.866025,-1.0,4.72
0.866025,-1.0,4.7
0.866025,-1.0,4.68
0.866025,-1.0,4.66
0.866025,-1.0,4.64
0.866025,-1.0,4.62
0.866025,-1.0,4.6
0.866025,-1.0,4.58
0.866025,-1.0,4.56
0.866025,-1.0,4.54
0.866025,-1.0,4.52
0.866025,-1.0,4.5
0.866025,-1.0,4.48
0.866025,-1.0,4.46
0.866025,-1.0,4.44
0.866025,-1.0,4.42
0.866025,-1.0,4.4
0.866025,-1.0,4.38
0.866025,-1.0,4.36
1.03704,-1.03015,4.34
1.18742,-1.11698,4.32
1.29904,-1.25,4.3
1.33587,-1.32899,4.28
1.36603,-1.5,4.26
1.33587,-1.67101,4.24
1.29904,-1.75,4.22
1.18742,-1.88302,4.2
1.03704,-1.96985,4.18
0.866025,-2.0,4.16
0.866025,-2.0,4.14
0.866025,-2.0,4.12
0.866025,-2.0,4.1
0.866025,-2.0,4.08
1.03704,-2.03015,4.06
1.18742,-2.11698,4.04
1.29904,-2.25,4.02
1.34903,-2.32139,4.0
1.48205,-2.43301,3.98
1.64523,-2.4924,3.96
1.73205,-2.5,3.94
1.90306,-2.46985,3.92
2.05344,-2.38302,3.9
2.16506,-2.25,3.88
2.2019,-2.17101,3.86
2.23205,-2.0,3.84
2.2019,-1.82899,3.82
2.16506,-1.75,3.8
2.05344,-1.61698,3.78
1.90306,-1.53015,3.76
1.73205,-1.5,3.74
1.73205,-1.5,3.72
1.73205,-1.5,3.7
1.73205,-1.5,3.68
1.73205,-1.5,3.66
1.90306,-1.46985,3.64
2.05344,-1.38302,3.62
2.16506,-1.25,3.6
2.21505,-1.17861,3.58
2.34808,-1.06699,3.56
2.51125,-1.0076,3.54
2.59808,-1.0,3.52
2.76909,-1.03015,3.5
2.91947,-1.11698,3.48
3.03109,-1.25,3.46
3.06792,-1.32899,3.44
3.09808,-1.5,3.42
3.06792,-1.67101,3.4
3.03109,-1.75,3.38
3.03109,-1.75,3.36
3.03109,-1.75,3.34
3.03109,-1.75,3.32
3.03109,-1.75,3.3
3.03109,-1.75,3.28
3.03109,-1.75,3.26
3.03109,-1.75,3.24
3.09048,-1.58682,3.22
3.09048,-1.41318,3.2
3.03109,-1.25,3.18
2.9811,-1.17861,3.16
2.84808,-1.06699,3.14
2.6849,-1.0076,3.12
2.59808,-1.0,3.1
2.42707,-1.03015,3.08
2.27668,-1.11698,3.06
2.16506,-1.25,3.04
2.12823,-1.32899,3.02
2.09808,-1.5,3.0
2.12823,-1.67101,2.98
2.16506,-1.75,2.96
2.22445,-1.91318,2.94
2.22445,-2.08682,2.92
2.16506,-2.25,2.9
2.16506,-2.25,2.88
2.16506,-2.25,2.86
2.16506,-2.25,2.84
2.16506,-2.25,2.82
2.16506,-2.25,2.8
2.16506,-2.25,2.78
2.16506,-2.25,2.76
2.16506,-2.25,2.74
2.16506,-2.25,2.72
2.16506,-2.25,2.7
2.16506,-2.25,2.68
2.16506,-2.25,2.66
2.16506,-2.25,2.64
2.16506,-2.25,2.62
2.16506,-2.25,2.6
2.16506,-2.25,2.58
2.16506,-2.25,2.56
2.16506,-2.25,2.54
2.16506,-2.25,2.52
2.16506,-2.25,2.5
2.16506,-2.25,2.48
2.2019,-2.17101,2.46
2.23205,-2.0,2.44
2.2019,-1.82899,2.42
2.16506,-1.75,2.4
2.05344,-1.61698,2.38
1.90306,-1.53015,2.36
1.73205,-1.5,2.34
1.64523,-1.5076,2.32
1.48205,-1.56699,2.3
1.34903,-1.67861,2.28
1.29904,-1.75,2.26
1.23965,-1.91318,2.24
1.23965,-2.08682,2.22
1.29904,-2.25,2.2
1.33587,-2.32899,2.18
1.36603,-2.5,2.16
1.33587,-2.67101,2.14
1.29904,-2.75,2.12
1.29904,-2.75,2.1
1.29904,-2.75,2.08
1.29904,-2.75,2.06
1.29904,-2.75,2.04
1.29904,-2.75,2.02
1.29904,-2.75,2.0
1.29904,-2.75,1.98
1.29904,-2.75,1.96
1.29904,-2.75,1.94
1.29904,-2.75,1.92
1.29904,-2.75,1.9
1.29904,-2.75,1.88
1.29904,-2.75,1.86
1.29904,-2.75,1.84
1.29904,-2.75,1.82
1.29904,-2.75,1.8
1.29904,-2.75,1.78
1.29904,-2.75,1.76
1.29904,-2.75,1.74
1.29904,-2.75,1.72
1.29904,-2.75,1.7
1.35843,-2.58682,1.68
1.35843,-2.41318,1.66
1.29904,-2.25,1.64
1.24905,-2.17861,1.62
1.11603,-2.06699,1.6
0.952849,-2.0076,1.58
0.866025,-2.0,1.56
0.695015,-2.03015,1.54
0.544632,-2.11698,1.52
0.433013,-2.25,1.5
0.396179,-2.32899,1.48
0.366025,-2.5,1.46
0.396179,-2.67101,1.44
0.433013,-2.75,1.42
0.492404,-2.91318,1.4
0.492404,-3.08682,1.38
0.433013,-3.25,1.36
0.433013,-3.25,1.34
0.433013,-3.25,1.32
0.433013,-3.25,1.3
0.433013,-3.25,1.28
0.321394,-3.38302,1.26
0.17101,-3.46985,1.24
-4.16354e-12,-3.5,1.22
-0.0868241,-3.4924,1.2
-0.25,-3.43301,1.18
-0.383022,-3.32139,1.16
-0.433013,-3.25,1.14
-0.492404,-3.08682,1.12
-0.492404,-2.91318,1.1
-0.433013,-2.75,1.08
-0.433013,-2.75,1.06
-0.433013,-2.75,1.04
-0.433013,-2.75,1.02
-0.433013,-2.75,1.0
-0.544632,-2.88302,0.98
-0.695015,-2.96985,0.96
-0.866025,-3.0,0.94
-0.866025,-3.0,0.92
-0.866025,-3.0,0.9
-0.866025,-3.0,0.88
-0.866025,-3.0,0.86
-0.866025,-3.0,0.84
-0.866025,-3.0,0.82
-0.866025,-3.0,0.8
-0.866025,-3.0,0.78
-0.866025,-3.0,0.76
-0.866025,-3.0,0.74
-0.866025,-3.0,0.72
-0.866025,-3.0,0.7
-0.866025,-3.0,0.68
-0.866025,-3.0,0.66
-0.952849,-2.9924,0.64
-1.11603,-2.93301,0.62
-1.24905,-2.82139,0.6
-1.29904,-2.75,0.58
-1.29904,-2.75,0.56
-1.29904,-2.75,0.54
-1.29904,-2.75,0.52
-1.29904,-2.75,0.5
-1.29904,-2.75,0.48
-1.29904,-2.75,0.46
-1.29904,-2.75,0.44
-1.29904,-2.75,0.42
-1.29904,-2.75,0.4
-1.29904,-2.75,0.38
-1.29904,-2.75,0.36
-1.29904,-2.75,0.34
-1.29904,-2.75,0.32
-1.29904,-2.75,0.3
-1.29904,-2.75,0.28
-1.29904,-2.75,0.26
-1.29904,-2.75,0.24
-1.29904,-2.75,0.22
-1.29904,-2.75,0.2
-1.29904,-2.75,0.18
-1.29904,-2.75,0.16
-1.18742,-2.88302,0.14
-1.03704,-2.96985,0.12
-0.866025,-3.0,0.1
-0.779201,-2.9924,0.08
-0.616025,-2.93301,0.06
-0.483003,-2.82139,0.04
-0.433013,-2.75,0.02
-0.373622,-2.58682,-4.12829e-14
-0.373622,-2.41318,-0.02
-0.433013,-2.25,-0.04
-0.483003,-2.17861,-0.06
-0.616025,-2.06699,-0.08
-0.779201,-2.0076,-0.1
-0.866025,-2.0,-0.12
-0.866025,-2.0,-0.14
-0.866025,-2.0,-0.16
-0.866025,-2.0,-0.18
-0.866025,-2.0,-0.2
-0.866025,-2.0,-0.22
-0.866025,-2.0,-0.24
-0.866025,-2.0,-0.26
-1.03704,-1.96985,-0.28
-1.18742,-1.88302,-0.3
-1.29904,-1.75,-0.32
-1.33587,-1.67101,-0.34
-1.36603,-1.5,-0.36
-1.33587,-1.32899,-0.38
-1.29904,-1.25,-0.4
-1.18742,-1.11698,-0.42
-1.03704,-1.03015,-0.44
-0.866025,-1.0,-0.46
-0.866025,-1.0,-0.48
-0.866025,-1.0,-0.5
-0.866025,-1.0,-0.52
-0.866025,-1.0,-0.54
-0.866025,-1.0,-0.56
-0.866025,-1.0,-0.58
-0.866025,-1.0,-0.6
-0.866025,-1.0,-0.62
-0.866025,-1.0,-0.64
-0.866025,-1.0,-0.66
-0.866025,-1.0,-0.68
-0.866025,-1.0,-0.7
-0.866025,-1.0,-0.72
-0.866025,-1.0,-0.74
-0.866025,-1.0,-0.76
-0.866025,-1.0,-0.78
-0.866025,-1.0,-0.8
-0.866025,-1.0,-0.82
-0.866025,-1.0,-0.84
-0.866025,-1.0,-0.86
-0.866025,-1.0,-0.88
-0.866025,-1.0,-0.9
-0.866025,-1.0,-0.92
-0.866025,-1.0,-0.94
-0.866025,-1.0,-0.96
-0.866025,-1.0,-0.98
-0.866025,-1.0,-1.0
-0.866025,-1.0,-1.02
-0.779201,-1.0076,-1.04
-0.616025,-1.06699,-1.06
-0.483003,-1.17861,-1.08
-0.433013,-1.25,-1.1
-0.373622,-1.41318,-1.12
-0.373622,-1.58682,-1.14
-0.433013,-1.75,-1.16
-0.483003,-1.82139,-1.18
-0.616025,-1.93301,-1.2
-0.779201,-1.9924,-1.22
-0.866025,-2.0,-1.24
-0.866025,-2.0,-1.26
-0.866025,-2.0,-1.28
-0.866025,-2.0,-1.3
-0.866025,-2.0,-1.32
-0.866025,-2.0,-1.34
-0.866025,-2.0,-1.36
-0.866025,-2.0,-1.38
-1.03704,-2.03015,-1.4
-1.18742,-2.11698,-1.42
-1.29904,-2.25,-1.44
-1.33587,-2.32899,-1.46
-1.36603,-2.5,-1.48
-1.33587,-2.67101,-1.5
-1.29904,-2.75,-1.52
-1.18742,-2.88302,-1.54
-1.03704,-2.96985,-1.56
-0.866025,-3.0,-1.58
-0.779201,-2.9924,-1.6
-0.616025,-2.93301,-1.62
-0.483003,-2.82139,-1.64
-0.433013,-2.75,-1.66
-0.321394,-2.61698,-1.68
-0.17101,-2.53015,-1.7
-2.577e-12,-2.5,-1.72
0.0868241,-2.4924,-1.74
0.25,-2.43301,-1.76
0.383022,-2.32139,-1.78
0.433013,-2.25,-1.8
0.433013,-2.25,-1.82
0.433013,-2.25,-1.84
0.433013,-2.25,-1.86
0.433013,-2.25,-1.88
0.433013,-2.25,-1.9
0.433013,-2.25,-1.92
0.433013,-2.25,-1.94
0.433013,-2.25,-1.96
0.433013,-2.25,-1.98
0.433013,-2.25,-2.0
0.469846,-2.17101,-2.02
0.5,-2.0,-2.04
0.469846,-1.82899,-2.06
0.433013,-1.75,-2.08
0.433013,-1.75,-2.1
0.433013,-1.75,-2.12
0.433013,-1.75,-2.14
0.433013,-1.75,-2.16
0.433013,-1.75,-2.18
0.433013,-1.75,-2.2
0.433013,-1.75,-2.22
0.433013,-1.75,-2.24
0.433013,-1.75,-2.26
0.433013,-1.75,-2.28
0.433013,-1.75,-2.3
0.433013,-1.75,-2.32
0.433013,-1.75,-2.34
0.433013,-1.75,-2.36
0.433013,-1.75,-2.38
0.433013,-1.75,-2.4
0.433013,-1.75,-2.42
0.433013,-1.75,-2.44
0.433013,-1.75,-2.46
0.433013,-1.75,-2.48
0.433013,-1.75,-2.5
0.321394,-1.61698,-2.52
0.17101,-1.53015,-2.54
-2.18059e-12,-1.5,-2.56
-2.18059e-12,-1.5,-2.58
-2.18059e-12,-1.5,-2.6
-2.18059e-12,-1.5,-2.62
-2.18059e-12,-1.5,-2.64
-2.18059e-12,-1.5,-2.66
-2.18059e-12,-1.5,-2.68
-2.18059e-12,-1.5,-2.7
-2.18059e-12,-1.5,-2.72
-2.18059e-12,-1.5,-2.74
-2.18059e-12,-1.5,-2.76
-2.18059e-12,-1.5,-2.78
-0.17101,-1.53015,-2.8
-0.321394,-1.61698,-2.82
-0.433013,-1.75,-2.84
-0.433013,-1.75,-2.86
-0.433013,-1.75,-2.88
-0.433013,-1.75,-2.9
-0.433013,-1.75,-2.92
-0.433013,-1.75,-2.94
-0.433013,-1.75,-2.96
-0.433013,-1.75,-2.98
-0.433013,-1.75,-3.0
-0.433013,-1.75,-3.02
-0.433013,-1.75,-3.04
-0.433013,-1.75,-3.06
-0.433013,-1.75,-3.08
-0.433013,-1.75,-3.1
-0.433013,-1.75,-3.12
-0.433013,-1.75,-3.14
-0.433013,-1.75,-3.16
-0.433013,-1.75,-3.18
-0.433013,-1.75,-3.2
-0.433013,-1.75,-3.22
-0.433013,-1.75,-3.24
-0.433013,-1.75,-3.26
-0.469846,-1.82899,-3.28
-0.5,-2.0,-3.3
-0.469846,-2.17101,-3.32
-0.433013,-2.25,-3.34
-0.433013,-2.25,-3.36
-0.433013,-2.25,-3.38
-0.433013,-2.25,-3.4
-0.433013,-2.25,-3.42
-0.433013,-2.25,-3.44
-0.433013,-2.25,-3.46
-0.433013,-2.25,-3.48
-0.433013,-2.25,-3.5
-0.433013,-2.25,-3.52
-0.433013,-2.25,-3.54
-0.383022,-2.32139,-3.56
-0.25,-2.43301,-3.58
-0.0868241,-2.4924,-3.6
-2.97408e-12,-2.5,-3.62
-2.97408e-12,-2.5,-3.64
-2.97408e-12,-2.5,-3.66
-2.97408e-12,-2.5,-3.68
-0.0868241,-2.5076,-3.7
-0.25,-2.56699,-3.72
-0.383022,-2.67861,-3.74
-0.433013,-2.75,-3.76
-0.492404,-2.91318,-3.78
-0.492404,-3.08682,-3.8
-0.433013,-3.25,-3.82
-0.383022,-3.32139,-3.84
-0.25,-3.43301,-3.86
-0.0868241,-3.4924,-3.88
-4.16354e-12,-3.5,-3.9
0.17101,-3.46985,-3.92
0.321394,-3.38302,-3.94
0.433013,-3.25,-3.96
0.433013,-3.25,-3.98
0.433013,-3.25,-4.0
0.433013,-3.25,-4.02
0.433013,-3.25,-4.04
0.433013,-3.25,-4.06
0.433013,-3.25,-4.08
0.433013,-3.25,-4.1
0.383022,-3.32139,-4.12
0.25,-3.43301,-4.14
0.0868241,-3.4924,-4.16
-4.16354e-12,-3.5,-4.18
-0.17101,-3.46985,-4.2
-0.321394,-3.38302,-4.22
-0.433013,-3.25,-4.24
-0.469846,-3.17101,-4.26
-0.5,-3.0,-4.28
-0.469846,-2.82899,-4.3
-0.433013,-2.75,-4.32
-0.433013,-2.75,-4.34
-0.433013,-2.75,-4.36
-0.433013,-2.75,-4.38
-0.383022,-2.67861,-4.4
-0.25,-2.56699,-4.42
-0.0868241,-2.5076,-4.44
-3.37005e-12,-2.5,-4.46
-3.37005e-12,-2.5,-4.48
-3.37005e-12,-2.5,-4.5
-3.37005e-12,-2.5,-4.52
-3.37005e-12,-2.5,-4.54
-3.37005e-12,-2.5,-4.56
-3.37005e-12,-2.5,-4.58
-3.37005e-12,-2.5,-4.6
-3.37005e-12,-2.5,-4.62
-3.37005e-12,-2.5,-4.64
-3.37005e-12,-2.5,-4.66
-3.37005e-12,-2.5,-4.68
-3.37005e-12,-2.5,-4.7
-3.37005e-12,-2.5,-4.72
-3.37005e-12,-2.5,-4.74
0.17101,-2.53015,-4.76
0.321394,-2.61698,-4.78
0.433013,-2.75,-4.8
0.433013,-2.75,-4.82
0.433013,-2.75,-4.84
0.433013,-2.75,-4.86
0.433013,-2.75,-4.88
0.492404,-2.91318,-4.9
0.492404,-3.08682,-4.92
0.433013,-3.25,-4.94
0.383022,-3.32139,-4.96
0.25,-3.43301,-4.98
0.0868241,-3.4924,-5.0
-4.16354e-12,-3.5,-5.02
-0.17101,-3.46985,-5.04
-0.321394,-3.38302,-5.06
-0.433013,-3.25,-5.08
-0.433013,-3.25,-5.1
-0.433013,-3.25,-5.12
-0.433013,-3.25,-5.14
-0.433013,-3.25,-5.16
-0.433013,-3.25,-5.18
-0.433013,-3.25,-5.2
-0.433013,-3.25,-5.22
-0.383022,-3.32139,-5.24
-0.25,-3.43301,-5.26
-0.0868241,-3.4924,-5.28
-4.16354e-12,-3.5,-5.3
0.17101,-3.46985,-5.32
0.321394,-3.38302,-5.34
0.433013,-3.25,-5.36
0.469846,-3.17101,-5.38
0.5,-3.0,-5.4
0.469846,-2.82899,-5.42
0.433013,-2.75,-5.44
0.321394,-2.61698,-5.46
0.17101,-2.53015,-5.48
-3.37005e-12,-2.5,-5.5
-3.37005e-12,-2.5,-5.52
-3.37005e-12,-2.5,-5.54
-3.37005e-12,-2.5,-5.56
-3.37005e-12,-2.5,-5.58
0.17101,-2.46985,-5.6
0.321394,-2.38302,-5.62
0.433013,-2.25,-5.64
0.433013,-2.25,-5.66
0.433013,-2.25,-5.68
0.433013,-2.25,-5.7
0.433013,-2.25,-5.72
0.433013,-2.25,-5.74
0.433013,-2.25,-5.76
0.433013,-2.25,-5.78
0.433013,-2.25,-5.8
0.433013,-2.25,-5.82
0.433013,-2.25,-5.84
0.433013,-2.25,-5.86
0.492404,-2.08682,-5.88
0.492404,-1.91318,-5.9
0.433013,-1.75,-5.92
0.433013,-1.75,-5.94
0.433013,-1.75,-5.96
0.433013,-1.75,-5.98
0.433013,-1.75,-6.0
0.433013,-1.75,-6.02
0.433013,-1.75,-6.04
0.433013,-1.75,-6.06
0.433013,-1.75,-6.08
0.433013,-1.75,-6.1
0.433013,-1.75,-6.12
0.433013,-1.75,-6.14
0.433013,-1.75,-6.16
0.433013,-1.75,-6.18
0.433013,-1.75,-6.2
0.433013,-1.75,-6.22
0.433013,-1.75,-6.24
0.433013,-1.75,-6.26
0.433013,-1.75,-6.28
0.433013,-1.75,-6.3
0.433013,-1.75,-6.32
0.433013,-1.75,-6.34
0.383022,-1.67861,-6.36
0.25,-1.56699,-6.38
0.0868241,-1.5076,-6.4
-2.18059e-12,-1.5,-6.42
-2.18059e-12,-1.5,-6.44
-2.18059e-12,-1.5,-6.46
-2.18059e-12,-1.5,-6.48
-2.18059e-12,-1.5,-6.5
-2.18059e-12,-1.5,-6.52
-2.18059e-12,-1.5,-6.54
-2.18059e-12,-1.5,-6.56
