-0.695015,1.96985,14.98
-0.544632,1.88302,14.96
-0.433013,1.75,14.94
-0.383022,1.67861,14.92
-0.25,1.56699,14.9
-0.0868241,1.5076,14.88
1.98094e-13,1.5,14.86
1.98094e-13,1.5,14.84
1.98094e-13,1.5,14.82
1.98094e-13,1.5,14.8
1.98094e-13,1.5,14.78
1.98094e-13,1.5,14.76
1.98094e-13,1.5,14.74
1.98094e-13,1.5,14.72
1.98094e-13,1.5,14.7
1.98094e-13,1.5,14.68
1.98094e-13,1.5,14.66
1.98094e-13,1.5,14.64
1.98094e-13,1.5,14.62
1.98094e-13,1.5,14.6
1.98094e-13,1.5,14.58
1.98094e-13,1.5,14.56
1.98094e-13,1.5,14.54
1.98094e-13,1.5,14.52
1.98094e-13,1.5,14.5
1.98094e-13,1.5,14.48
1.98094e-13,1.5,14.46
1.98094e-13,1.5,14.44
0.17101,1.53015,14.42
0.321394,1.61698,14.4
0.433013,1.75,14.38
0.483003,1.82139,14.36
0.616025,1.93301,14.34
0.779201,1.9924,14.32
0.866025,2.0,14.3
1.03704,1.96985,14.28
1.18742,1.88302,14.26
1.29904,1.75,14.24
1.33587,1.67101,14.22
1.36603,1.5,14.2
1.33587,1.32899,14.18
1.29904,1.25,14.16
1.23965,1.08682,14.14
1.23965,0.913176,14.12
1.29904,0.75,14.1
1.29904,0.75,14.08
1.29904,0.75,14.06
1.29904,0.75,14.04
1.29904,0.75,14.02
1.29904,0.75,14.0
1.29904,0.75,13.98
1.29904,0.75,13.96
1.29904,0.75,13.94
1.29904,0.75,13.92
1.29904,0.75,13.9
1.29904,0.75,13.88
1.29904,0.75,13.86
1.29904,0.75,13.84
1.29904,0.75,13.82
1.29904,0.75,13.8
1.29904,0.75,13.78
1.29904,0.75,13.76
1.29904,0.75,13.74
1.29904,0.75,13.72
1.29904,0.75,13.7
1.29904,0.75,13.68
1.34903,0.678606,13.66
1.48205,0.566987,13.64
1.64523,0.507596,13.62
1.73205,0.5,13.6
1.90306,0.469846,13.58
2.05344,0.383022,13.56
2.16506,0.25,13.54
2.2019,0.17101,13.52
2.23205,-2.51776e-12,13.5
2.2019,-0.17101,13.48
2.16506,-0.25,13.46
2.05344,-0.383022,13.44
1.90306,-0.469846,13.42
1.73205,-0.5,13.4
1.64523,-0.507596,13.38
1.48205,-0.566987,13.36
1.34903,-0.678606,13.34
1.29904,-0.75,13.32
1.29904,-0.75,13.3
1.29904,-0.75,13.28
1.29904,-0.75,13.26
1.29904,-0.75,13.24
1.29904,-0.75,13.22
1.29904,-0.75,13.2
1.29904,-0.75,13.18
1.29904,-0.75,13.16
1.29904,-0.75,13.14
1.29904,-0.75,13.12
1.29904,-0.75,13.1
1.29904,-0.75,13.08
1.29904,-0.75,13.06
1.29904,-0.75,13.04
1.29904,-0.75,13.02
1.29904,-0.75,13.0
1.29904,-0.75,12.98
1.29904,-0.75,12.96
1.29904,-0.75,12.94
1.29904,-0.75,12.92
1.29904,-0.75,12.9
1.23965,-0.913176,12.88
1.23965,-1.08682,12.86
1.29904,-1.25,12.84
1.33587,-1.32899,12.82
1.36603,-1.5,12.8
1.33587,-1.67101,12.78
1.29904,-1.75,12.76
1.18742,-1.88302,12.74
1.03704,-1.96985,12.72
0.866025,-2.0,12.7
0.779201,-1.9924,12.68
0.616025,-1.93301,12.66
0.483003,-1.82139,12.64
0.433013,-1.75,12.62
0.321394,-1.61698,12.6
0.17101,-1.53015,12.58
-1.38755e-12,-1.5,12.56
-2.18059e-12,-1.5,12.54
-2.18059e-12,-1.5,12.52
-2.18059e-12,-1.5,12.5
-2.18059e-12,-1.5,12.48
-2.18059e-12,-1.5,12.46
-2.18059e-12,-1.5,12.44
-2.18059e-12,-1.5,12.42
-2.18059e-12,-1.5,12.4
-2.18059e-12,-1.5,12.38
-2.18059e-12,-1.5,12.36
-2.18059e-12,-1.5,12.34
-2.18059e-12,-1.5,12.32
-2.18059e-12,-1.5,12.3
-2.18059e-12,-1.5,12.28
-2.18059e-12,-1.5,12.26
-2.18059e-12,-1.5,12.24
-2.18059e-12,-1.5,12.22
-2.18059e-12,-1.5,12.2
-2.18059e-12,-1.5,12.18
-2.18059e-12,-1.5,12.16
-2.18059e-12,-1.5,12.14
-0.0868241,-1.5076,12.12
-0.25,-1.56699,12.1
-0.383022,-1.67861,12.08
-0.433013,-1.75,12.06
-0.544632,-1.88302,12.04
-0.695015,-1.96985,12.02
-0.866025,-2.0,12.0
-0.952849,-1.9924,11.98
-1.11603,-1.93301,11.96
-1.24905,-1.82139,11.94
-1.29904,-1.75,11.92
-1.35843,-1.58682,11.9
-1.35843,-1.41318,11.88
-1.29904,-1.25,11.86
-1.2622,-1.17101,11.84
-1.23205,-1.0,11.82
-1.2622,-0.82899,11.8
-1.29904,-0.75,11.78
-1.29904,-0.75,11.76
-1.29904,-0.75,11.74
-1.29904,-0.75,11.72
-1.29904,-0.75,11.7
-1.29904,-0.75,11.68
-1.29904,-0.75,11.66
-1.29904,-0.75,11.64
-1.29904,-0.75,11.62
-1.29904,-0.75,11.6
-1.29904,-0.75,11.58
-1.29904,-0.75,11.56
-1.29904,-0.75,11.54
-1.29904,-0.75,11.52
-1.29904,-0.75,11.5
-1.29904,-0.75,11.48
-1.29904,-0.75,11.46
-1.29904,-0.75,11.44
-1.29904,-0.75,11.42
-1.29904,-0.75,11.4
-1.29904,-0.75,11.38
-1.29904,-0.75,11.36
-1.41066,-0.616978,11.34
-1.56104,-0.530154,11.32
-1.73205,-0.5,11.3
-1.81887,-0.492404,11.28
-1.98205,-0.433013,11.26
-2.11507,-0.321394,11.24
-2.16506,-0.25,11.22
-2.22445,-0.0868241,11.2
-2.22445,0.0868241,11.18
-2.16506,0.25,11.16
-2.11507,0.321394,11.14
-1.98205,0.433013,11.12
-1.81887,0.492404,11.1
-1.73205,0.5,11.08
-1.56104,0.530154,11.06
-1.41066,0.616978,11.04
-1.29904,0.75,11.02
-1.29904,0.75,11.0
-1.29904,0.75,10.98
-1.29904,0.75,10.96
-1.29904,0.75,10.94
-1.29904,0.75,10.92
-1.29904,0.75,10.9
-1.29904,0.75,10.88
-1.29904,0.75,10.86
-1.29904,0.75,10.84
-1.29904,0.75,10.82
-1.29904,0.75,10.8
-1.29904,0.75,10.78
-1.29904,0.75,10.76
-1.29904,0.75,10.74
-1.29904,0.75,10.72
-1.29904,0.75,10.7
-1.29904,0.75,10.68
-1.29904,0.75,10.66
-1.29904,0.75,10.64
-1.29904,0.75,10.62
-1.29904,0.75,10.6
-1.2622,0.82899,10.58
-1.23205,1.0,10.56
-1.2622,1.17101,10.54
-1.29904,1.25,10.52
-1.35843,1.41318,10.5
-1.35843,1.58682,10.48
-1.29904,1.75,10.46
-1.24905,1.82139,10.44
-1.11603,1.93301,10.42
-0.952849,1.9924,10.4
-0.866025,2.0,10.38
-0.695015,1.96985,10.36
-0.544632,1.88302,10.34
-0.433013,1.75,10.32
-0.383022,1.67861,10.3
-0.25,1.56699,10.28
-0.0868241,1.5076,10.26
1.98094e-13,1.5,10.24
1.98094e-13,1.5,10.22
1.98094e-13,1.5,10.2
1.98094e-13,1.5,10.18
1.98094e-13,1.5,10.16
1.98094e-13,1.5,10.14
1.98094e-13,1.5,10.12
1.98094e-13,1.5,10.1
1.98094e-13,1.5,10.08
1.98094e-13,1.5,10.06
1.98094e-13,1.5,10.04
1.98094e-13,1.5,10.02
1.98094e-13,1.5,10.0
1.98094e-13,1.5,9.98
1.98094e-13,1.5,9.96
1.98094e-13,1.5,9.94
1.98094e-13,1.5,9.92
1.98094e-13,1.5,9.9
1.98094e-13,1.5,9.88
1.98094e-13,1.5,9.86
1.98094e-13,1.5,9.84
1.98094e-13,1.5,9.82
0.17101,1.53015,9.8
0.321394,1.61698,9.78
0.433013,1.75,9.76
0.483003,1.82139,9.74
0.616025,1.93301,9.72
0.779201,1.9924,9.7
0.866025,2.0,9.68
1.03704,1.96985,9.66
1.18742,1.88302,9.64
1.29904,1.75,9.62
1.33587,1.67101,9.6
1.36603,1.5,9.58
1.33587,1.32899,9.56
1.29904,1.25,9.54
1.23965,1.08682,9.52
1.23965,0.913176,9.5
1.29904,0.75,9.48
1.29904,0.75,9.46
1.29904,0.75,9.44
1.29904,0.75,9.42
1.29904,0.75,9.4
1.29904,0.75,9.38
1.29904,0.75,9.36
1.29904,0.75,9.34
1.29904,0.75,9.32
1.29904,0.75,9.3
1.29904,0.75,9.28
1.29904,0.75,9.26
1.29904,0.75,9.24
1.29904,0.75,9.22
1.29904,0.75,9.2
1.29904,0.75,9.18
1.29904,0.75,9.16
1.29904,0.75,9.14
1.29904,0.75,9.12
1.29904,0.75,9.1
1.29904,0.75,9.08
1.29904,0.75,9.06
1.34903,0.678606,9.04
1.48205,0.566987,9.02
1.64523,0.507596,9.0
1.73205,0.5,8.98
1.90306,0.469846,8.96
2.05344,0.383022,8.94
2.16506,0.25,8.92
2.2019,0.17101,8.9
2.23205,-2.51776e-12,8.88
2.2019,-0.17101,8.86
2.16506,-0.25,8.84
2.05344,-0.383022,8.82
1.90306,-0.469846,8.8
1.73205,-0.5,8.78
1.64523,-0.507596,8.76
1.48205,-0.566987,8.74
1.34903,-0.678606,8.72
1.29904,-0.75,8.7
1.29904,-0.75,8.68
1.29904,-0.75,8.66
1.29904,-0.75,8.64
1.29904,-0.75,8.62
1.29904,-0.75,8.6
1.29904,-0.75,8.58
1.29904,-0.75,8.56
1.29904,-0.75,8.54
1.29904,-0.75,8.52
1.29904,-0.75,8.5
1.29904,-0.75,8.48
1.29904,-0.75,8.46
1.29904,-0.75,8.44
1.29904,-0.75,8.42
1.29904,-0.75,8.4
1.29904,-0.75,8.38
1.29904,-0.75,8.36
1.29904,-0.75,8.34
1.29904,-0.75,8.32
1.29904,-0.75,8.3
1.29904,-0.75,8.28
1.23965,-0.913176,8.26
1.23965,-1.08682,8.24
1.29904,-1.25,8.22
1.33587,-1.32899,8.2
1.36603,-1.5,8.18
1.33587,-1.67101,8.16
1.29904,-1.75,8.14
1.18742,-1.88302,8.12
1.03704,-1.96985,8.1
0.866025,-2.0,8.08
0.779201,-1.9924,8.06
0.616025,-1.93301,8.04
0.483003,-1.82139,8.02
0.433013,-1.75,8.0
0.321394,-1.61698,7.98
0.17101,-1.53015,7.96
-1.38755e-12,-1.5,7.94
-2.18059e-12,-1.5,7.92
-2.18059e-12,-1.5,7.9
-2.18059e-12,-1.5,7.88
-2.18059e-12,-1.5,7.86
-2.18059e-12,-1.5,7.84
-2.18059e-12,-1.5,7.82
-2.18059e-12,-1.5,7.8
-2.18059e-12,-1.5,7.78
-2.18059e-12,-1.5,7.76
-2.18059e-12,-1.5,7.74
-2.18059e-12,-1.5,7.72
-2.18059e-12,-1.5,7.7
-2.18059e-12,-1.5,7.68
-2.18059e-12,-1.5,7.66
-2.18059e-12,-1.5,7.64
-2.18059e-12,-1.5,7.62
-2.18059e-12,-1.5,7.6
-2.18059e-12,-1.5,7.58
-2.18059e-12,-1.5,7.56
-2.18059e-12,-1.5,7.54
-2.18059e-12,-1.5,7.52
-0.0868241,-1.5076,7.5
-0.25,-1.56699,7.48
-0.383022,-1.67861,7.46
-0.433013,-1.75,7.44
-0.544632,-1.88302,7.42
-0.695015,-1.96985,7.4
-0.866025,-2.0,7.38
-0.952849,-1.9924,7.36
-1.11603,-1.93301,7.34
-1.24905,-1.82139,7.32
-1.29904,-1.75,7.3
-1.35843,-1.58682,7.28
-1.35843,-1.41318,7.26
-1.29904,-1.25,7.24
-1.2622,-1.17101,7.22
-1.23205,-1.0,7.2
-1.2622,-0.82899,7.18
-1.29904,-0.75,7.16
-1.29904,-0.75,7.14
-1.29904,-0.75,7.12
-1.29904,-0.75,7.1
-1.29904,-0.75,7.08
-1.29904,-0.75,7.06
-1.29904,-0.75,7.04
-1.29904,-0.75,7.02
-1.29904,-0.75,7.0
-1.29904,-0.75,6.98
-1.29904,-0.75,6.96
-1.29904,-0.75,6.94
-1.29904,-0.75,6.92
-1.29904,-0.75,6.9
-1.29904,-0.75,6.88
-1.29904,-0.75,6.86
-1.29904,-0.75,6.84
-1.29904,-0.75,6.82
-1.29904,-0.75,6.8
-1.29904,-0.75,6.78
-1.29904,-0.75,6.76
-1.29904,-0.75,6.74
-1.41066,-0.616978,6.72
-1.56104,-0.530154,6.7
-1.73205,-0.5,6.68
-1.81887,-0.492404,6.66
-1.98205,-0.433013,6.64
-2.11507,-0.321394,6.62
-2.16506,-0.25,6.6
-2.22445,-0.0868241,6.58
-2.22445,0.0868241,6.56
-2.16506,0.25,6.54
-2.11507,0.321394,6.52
-1.98205,0.433013,6.5
-1.81887,0.492404,6.48
-1.73205,0.5,6.46
-1.56104,0.530154,6.44
-1.41066,0.616978,6.42
-1.29904,0.75,6.4
-1.29904,0.75,6.38
-1.29904,0.75,6.36
-1.29904,0.75,6.34
-1.29904,0.75,6.32
-1.29904,0.75,6.3
-1.29904,0.75,6.28
-1.29904,0.75,6.26
-1.29904,0.75,6.24
-1.29904,0.75,6.22
-1.29904,0.75,6.2
-1.29904,0.75,6.18
-1.29904,0.75,6.16
-1.29904,0.75,6.14
-1.29904,0.75,6.12
-1.29904,0.75,6.1
-1.29904,0.75,6.08
-1.29904,0.75,6.06
-1.29904,0.75,6.04
-1.29904,0.75,6.02
-1.29904,0.75,6.0
-1.29904,0.75,5.98
-1.2622,0.82899,5.96
-1.23205,1.0,5.94
-1.2622,1.17101,5.92
-1.29904,1.25,5.9
-1.35843,1.41318,5.88
-1.35843,1.58682,5.86
-1.29904,1.75,5.84
-1.24905,1.82139,5.82
-1.11603,1.93301,5.8
-0.952849,1.9924,5.78
-0.866025,2.0,5.76
-0.695015,1.96985,5.74
-0.544632,1.88302,5.72
-0.433013,1.75,5.7
-0.383022,1.67861,5.68
-0.25,1.56699,5.66
-0.0868241,1.5076,5.64
1.98094e-13,1.5,5.62
1.98094e-13,1.5,5.6
1.98094e-13,1.5,5.58
1.98094e-13,1.5,5.56
1.98094e-13,1.5,5.54
1.98094e-13,1.5,5.52
1.98094e-13,1.5,5.5
1.98094e-13,1.5,5.48
1.98094e-13,1.5,5.46
1.98094e-13,1.5,5.44
1.98094e-13,1.5,5.42
1.98094e-13,1.5,5.4
1.98094e-13,1.5,5.38
1.98094e-13,1.5,5.36
1.98094e-13,1.5,5.34
1.98094e-13,1.5,5.32
1.98094e-13,1.5,5.3
1.98094e-13,1.5,5.28
1.98094e-13,1.5,5.26
1.98094e-13,1.5,5.24
1.98094e-13,1.5,5.22
1.98094e-13,1.5,5.2
0.17101,1.53015,5.18
0.321394,1.61698,5.16
0.433013,1.75,5.14
0.483003,1.82139,5.12
0.616025,1.93301,5.1
0.779201,1.9924,5.08
0.866025,2.0,5.06
1.03704,1.96985,5.04
1.18742,1.88302,5.02
1.29904,1.75,5.0
1.33587,1.67101,4.98
1.36603,1.5,4.96
1.33587,1.32899,4.94
1.29904,1.25,4.92
1.23965,1.08682,4.9
1.23965,0.913176,4.88
1.29904,0.75,4.86
1.29904,0.75,4.84
1.29904,0.75,4.82
1.29904,0.75,4.8
1.29904,0.75,4.78
1.29904,0.75,4.76
1.29904,0.75,4.74
1.29904,0.75,4.72
1.29904,0.75,4.7
1.29904,0.75,4.68
1.29904,0.75,4.66
1.29904,0.75,4.64
1.29904,0.75,4.62
1.29904,0.75,4.6
1.29904,0.75,4.58
1.29904,0.75,4.56
1.29904,0.75,4.54
1.29904,0.75,4.52
1.29904,0.75,4.5
1.29904,0.75,4.48
1.29904,0.75,4.46
1.29904,0.75,4.44
1.34903,0.678606,4.42
1.48205,0.566987,4.4
1.64523,0.507596,4.38
1.73205,0.5,4.36
1.90306,0.469846,4.34
2.05344,0.383022,4.32
2.16506,0.25,4.3
2.2019,0.17101,4.28
2.23205,-2.51776e-12,4.26
2.2019,-0.17101,4.24
2.16506,-0.25,4.22
2.05344,-0.383022,4.2
1.90306,-0.469846,4.18
1.73205,-0.5,4.16
1.64523,-0.507596,4.14
1.48205,-0.566987,4.12
1.34903,-0.678606,4.1
1.29904,-0.75,4.08
1.29904,-0.75,4.06
1.29904,-0.75,4.04
1.29904,-0.75,4.02
1.29904,-0.75,4.0
1.29904,-0.75,3.98
1.29904,-0.75,3.96
1.29904,-0.75,3.94
1.29904,-0.75,3.92
1.29904,-0.75,3.9
1.29904,-0.75,3.88
1.29904,-0.75,3.86
1.29904,-0.75,3.84
1.29904,-0.75,3.82
1.29904,-0.75,3.8
1.29904,-0.75,3.78
1.29904,-0.75,3.76
1.29904,-0.75,3.74
1.29904,-0.75,3.72
1.29904,-0.75,3.7
1.29904,-0.75,3.68
1.29904,-0.75,3.66
1.23965,-0.913176,3.64
1.23965,-1.08682,3.62
1.29904,-1.25,3.6
1.33587,-1.32899,3.58
1.36603,-1.5,3.56
1.33587,-1.67101,3.54
1.29904,-1.75,3.52
1.18742,-1.88302,3.5
1.03704,-1.96985,3.48
0.866025,-2.0,3.46
0.779201,-1.9924,3.44
0.616025,-1.93301,3.42
0.483003,-1.82139,3.4
0.433013,-1.75,3.38
0.321394,-1.61698,3.36
0.17101,-1.53015,3.34
-1.38755e-12,-1.5,3.32
-2.18059e-12,-1.5,3.3
-2.18059e-12,-1.5,3.28
-2.18059e-12,-1.5,3.26
-2.18059e-12,-1.5,3.24
-2.18059e-12,-1.5,3.22
-2.18059e-12,-1.5,3.2
-2.18059e-12,-1.5,3.18
-2.18059e-12,-1.5,3.16
-2.18059e-12,-1.5,3.14
-2.18059e-12,-1.5,3.12
-2.18059e-12,-1.5,3.1
-2.18059e-12,-1.5,3.08
-2.18059e-12,-1.5,3.06
-2.18059e-12,-1.5,3.04
-2.18059e-12,-1.5,3.02
-2.18059e-12,-1.5,3.0
-2.18059e-12,-1.5,2.98
-2.18059e-12,-1.5,2.96
-2.18059e-12,-1.5,2.94
-2.18059e-12,-1.5,2.92
-2.18059e-12,-1.5,2.9
-0.0868241,-1.5076,2.88
-0.25,-1.56699,2.86
-0.383022,-1.67861,2.84
-0.433013,-1.75,2.82
-0.544632,-1.88302,2.8
-0.695015,-1.96985,2.78
-0.866025,-2.0,2.76
-0.952849,-1.9924,2.74
-1.11603,-1.93301,2.72
-1.24905,-1.82139,2.7
-1.29904,-1.75,2.68
-1.35843,-1.58682,2.66
-1.35843,-1.41318,2.64
-1.29904,-1.25,2.62
-1.2622,-1.17101,2.6
-1.23205,-1.0,2.58
-1.2622,-0.82899,2.56
-1.29904,-0.75,2.54
-1.29904,-0.75,2.52
-1.29904,-0.75,2.5
-1.29904,-0.75,2.48
-1.29904,-0.75,2.46
-1.29904,-0.75,2.44
-1.29904,-0.75,2.42
-1.29904,-0.75,2.4
-1.29904,-0.75,2.38
-1.29904,-0.75,2.36
-1.29904,-0.75,2.34
-1.29904,-0.75,2.32
-1.29904,-0.75,2.3
-1.29904,-0.75,2.28
-1.29904,-0.75,2.26
-1.29904,-0.75,2.24
-1.29904,-0.75,2.22
-1.29904,-0.75,2.2
-1.29904,-0.75,2.18
-1.29904,-0.75,2.16
-1.29904,-0.75,2.14
-1.29904,-0.75,2.12
-1.41066,-0.616978,2.1
-1.56104,-0.530154,2.08
-1.73205,-0.5,2.06
-1.81887,-0.492404,2.04
-1.98205,-0.433013,2.02
-2.11507,-0.321394,2.0
-2.16506,-0.25,1.98
-2.22445,-0.0868241,1.96
-2.22445,0.0868241,1.94
-2.16506,0.25,1.92
-2.11507,0.321394,1.9
-1.98205,0.433013,1.88
-1.81887,0.492404,1.86
-1.73205,0.5,1.84
-1.56104,0.530154,1.82
-1.41066,0.616978,1.8
-1.29904,0.75,1.78
-1.29904,0.75,1.76
-1.29904,0.75,1.74
-1.29904,0.75,1.72
-1.29904,0.75,1.7
-1.29904,0.75,1.68
-1.29904,0.75,1.66
-1.29904,0.75,1.64
-1.29904,0.75,1.62
-1.29904,0.75,1.6
-1.29904,0.75,1.58
-1.29904,0.75,1.56
-1.29904,0.75,1.54
-1.29904,0.75,1.52
-1.29904,0.75,1.5
-1.29904,0.75,1.48
-1.29904,0.75,1.46
-1.29904,0.75,1.44
-1.29904,0.75,1.42
-1.29904,0.75,1.4
-1.29904,0.75,1.38
-1.29904,0.75,1.36
-1.2622,0.82899,1.34
-1.23205,1.0,1.32
-1.2622,1.17101,1.3
-1.29904,1.25,1.28
-1.35843,1.41318,1.26
-1.35843,1.58682,1.24
-1.29904,1.75,1.22
-1.24905,1.82139,1.2
-1.11603,1.93301,1.18
-0.952849,1.9924,1.16
-0.866025,2.0,1.14
-0.695015,1.96985,1.12
-0.544632,1.88302,1.1
-0.433013,1.75,1.08
-0.383022,1.67861,1.06
-0.25,1.56699,1.04
-0.0868241,1.5076,1.02
1.98094e-13,1.5,1.0
1.98094e-13,1.5,0.98
1.98094e-13,1.5,0.96
1.98094e-13,1.5,0.94
1.98094e-13,1.5,0.92
1.98094e-13,1.5,0.9
1.98094e-13,1.5,0.88
1.98094e-13,1.5,0.86
1.98094e-13,1.5,0.84
1.98094e-13,1.5,0.82
1.98094e-13,1.5,0.8
1.98094e-13,1.5,0.78
1.98094e-13,1.5,0.76
1.98094e-13,1.5,0.74
1.98094e-13,1.5,0.72
1.98094e-13,1.5,0.7
1.98094e-13,1.5,0.68
1.98094e-13,1.5,0.66
1.98094e-13,1.5,0.64
1.98094e-13,1.5,0.62
1.98094e-13,1.5,0.6
1.98094e-13,1.5,0.58
0.17101,1.53015,0.56
0.321394,1.61698,0.54
0.433013,1.75,0.52
0.483003,1.82139,0.5
0.616025,1.93301,0.48
0.779201,1.9924,0.46
0.866025,2.0,0.44
1.03704,1.96985,0.42
1.18742,1.88302,0.4
1.29904,1.75,0.38
1.33587,1.67101,0.36
1.36603,1.5,0.34
1.33587,1.32899,0.32
1.29904,1.25,0.3
1.23965,1.08682,0.28
1.23965,0.913176,0.26
1.29904,0.75,0.24
1.29904,0.75,0.22
1.29904,0.75,0.2
1.29904,0.75,0.18
1.29904,0.75,0.16
1.29904,0.75,0.14
1.29904,0.75,0.12
1.29904,0.75,0.1
1.29904,0.75,0.08
1.29904,0.75,0.06
1.29904,0.75,0.04
1.29904,0.75,0.02
1.29904,0.75,-4.12829e-14
1.29904,0.75,-0.02
1.29904,0.75,-0.04
1.29904,0.75,-0.06
1.29904,0.75,-0.08
1.29904,0.75,-0.1
1.29904,0.75,-0.12
1.29904,0.75,-0.14
1.29904,0.75,-0.16
1.29904,0.75,-0.18
1.34903,0.678606,-0.2
1.48205,0.566987,-0.22
1.64523,0.507596,-0.24
1.73205,0.5,-0.26
1.90306,0.469846,-0.28
2.05344,0.383022,-0.3
2.16506,0.25,-0.32
2.2019,0.17101,-0.34
2.23205,-2.51776e-12,-0.36
2.2019,-0.17101,-0.38
2.16506,-0.25,-0.4
2.05344,-0.383022,-0.42
1.90306,-0.469846,-0.44
1.73205,-0.5,-0.46
1.64523,-0.507596,-0.48
1.48205,-0.566987,-0.5
1.34903,-0.678606,-0.52
1.29904,-0.75,-0.54
1.29904,-0.75,-0.56
1.29904,-0.75,-0.58
1.29904,-0.75,-0.6
1.29904,-0.75,-0.62
1.29904,-0.75,-0.64
1.29904,-0.75,-0.66
1.29904,-0.75,-0.68
1.29904,-0.75,-0.7
1.29904,-0.75,-0.72
1.29904,-0.75,-0.74
1.29904,-0.75,-0.76
1.29904,-0.75,-0.78
1.29904,-0.75,-0.8
1.29904,-0.75,-0.82
1.29904,-0.75,-0.84
1.29904,-0.75,-0.86
1.29904,-0.75,-0.88
1.29904,-0.75,-0.9
1.29904,-0.75,-0.92
1.29904,-0.75,-0.94
1.29904,-0.75,-0.96
1.23965,-0.913176,-0.98
1.23965,-1.08682,-1.0
1.29904,-1.25,-1.02
1.33587,-1.32899,-1.04
1.36603,-1.5,-1.06
1.33587,-1.67101,-1.08
1.29904,-1.75,-1.1
1.18742,-1.88302,-1.12
1.03704,-1.96985,-1.14
0.866025,-2.0,-1.16
0.779201,-1.9924,-1.18
0.616025,-1.93301,-1.2
0.483003,-1.82139,-1.22
0.433013,-1.75,-1.24
0.321394,-1.61698,-1.26
0.17101,-1.53015,-1.28
-1.38755e-12,-1.5,-1.3
-2.18059e-12,-1.5,-1.32
-2.18059e-12,-1.5,-1.34
-2.18059e-12,-1.5,-1.36
-2.18059e-12,-1.5,-1.38
-2.18059e-12,-1.5,-1.4
-2.18059e-12,-1.5,-1.42
-2.18059e-12,-1.5,-1.44
-2.18059e-12,-1.5,-1.46
-2.18059e-12,-1.5,-1.48
-2.18059e-12,-1.5,-1.5
-2.18059e-12,-1.5,-1.52
-2.18059e-12,-1.5,-1.54
-2.18059e-12,-1.5,-1.56
-2.18059e-12,-1.5,-1.58
-2.18059e-12,-1.5,-1.6
-2.18059e-12,-1.5,-1.62
-2.18059e-12,-1.5,-1.64
-2.18059e-12,-1.5,-1.66
-2.18059e-12,-1.5,-1.68
-2.18059e-12,-1.5,-1.7
-2.18059e-12,-1.5,-1.72
-0.0868241,-1.5076,-1.74
-0.25,-1.56699,-1.76
-0.383022,-1.67861,-1.78
-0.433013,-1.75,-1.8
-0.544632,-1.88302,-1.82
-0.695015,-1.96985,-1.84
-0.866025,-2.0,-1.86
-0.952849,-1.9924,-1.88
-1.11603,-1.93301,-1.9
-1.24905,-1.82139,-1.92
-1.29904,-1.75,-1.94
-1.35843,-1.58682,-1.96
-1.35843,-1.41318,-1.98
-1.29904,-1.25,-2.0
-1.2622,-1.17101,-2.02
-1.23205,-1.0,-2.04
-1.2622,-0.82899,-2.06
-1.29904,-0.75,-2.08
-1.29904,-0.75,-2.1
-1.29904,-0.75,-2.12
-1.29904,-0.75,-2.14
-1.29904,-0.75,-2.16
-1.29904,-0.75,-2.18
-1.29904,-0.75,-2.2
-1.29904,-0.75,-2.22
-1.29904,-0.75,-2.24
-1.29904,-0.75,-2.26
-1.29904,-0.75,-2.28
-1.29904,-0.75,-2.3
-1.29904,-0.75,-2.32
-1.29904,-0.75,-2.34
-1.29904,-0.75,-2.36
-1.29904,-0.75,-2.38
-1.29904,-0.75,-2.4
-1.29904,-0.75,-2.42
-1.29904,-0.75,-2.44
-1.29904,-0.75,-2.46
-1.29904,-0.75,-2.48
-1.29904,-0.75,-2.5
-1.41066,-0.616978,-2.52
-1.56104,-0.530154,-2.54
-1.73205,-0.5,-2.56
-1.81887,-0.492404,-2.58
-1.98205,-0.433013,-2.6
-2.11507,-0.321394,-2.62
-2.16506,-0.25,-2.64
-2.22445,-0.0868241,-2.66
-2.22445,0.0868241,-2.68
-2.16506,0.25,-2.7
-2.11507,0.321394,-2.72
-1.98205,0.433013,-2.74
-1.81887,0.492404,-2.76
-1.73205,0.5,-2.78
-1.56104,0.530154,-2.8
-1.41066,0.616978,-2.82
-1.29904,0.75,-2.84
-1.29904,0.75,-2.86
-1.29904,0.75,-2.88
-1.29904,0.75,-2.9
-1.29904,0.75,-2.92
-1.29904,0.75,-2.94
-1.29904,0.75,-2.96
-1.29904,0.75,-2.98
-1.29904,0.75,-3.0
-1.29904,0.75,-3.02
-1.29904,0.75,-3.04
-1.29904,0.75,-3.06
-1.29904,0.75,-3.08
-1.29904,0.75,-3.1
-1.29904,0.75,-3.12
-1.29904,0.75,-3.14
-1.29904,0.75,-3.16
-1.29904,0.75,-3.18
-1.29904,0.75,-3.2
-1.29904,0.75,-3.22
-1.29904,0.75,-3.24
-1.29904,0.75,-3.26
-1.2622,0.82899,-3.28
-1.23205,1.0,-3.3
-1.2622,1.17101,-3.32
-1.29904,1.25,-3.34
-1.35843,1.41318,-3.36
-1.35843,1.58682,-3.38
-1.29904,1.75,-3.4
-1.24905,1.82139,-3.42
-1.11603,1.93301,-3.44
-0.952849,1.9924,-3.46
-0.866025,2.0,-3.48
-0.695015,1.96985,-3.5
-0.544632,1.88302,-3.52
-0.433013,1.75,-3.54
-0.383022,1.67861,-3.56
-0.25,1.56699,-3.58
-0.0868241,1.5076,-3.6
1.98094e-13,1.5,-3.62
1.98094e-13,1.5,-3.64
1.98094e-13,1.5,-3.66
1.98094e-13,1.5,-3.68
1.98094e-13,1.5,-3.7
1.98094e-13,1.5,-3.72
1.98094e-13,1.5,-3.74
1.98094e-13,1.5,-3.76
1.98094e-13,1.5,-3.78
1.98094e-13,1.5,-3.8
1.98094e-13,1.5,-3.82
1.98094e-13,1.5,-3.84
1.98094e-13,1.5,-3.86
1.98094e-13,1.5,-3.88
1.98094e-13,1.5,-3.9
1.98094e-13,1.5,-3.92
1.98094e-13,1.5,-3.94
1.98094e-13,1.5,-3.96
1.98094e-13,1.5,-3.98
1.98094e-13,1.5,-4.0
1.98094e-13,1.5,-4.02
1.98094e-13,1.5,-4.04
0.17101,1.53015,-4.06
0.321394,1.61698,-4.08
0.433013,1.75,-4.1
0.483003,1.82139,-4.12
0.616025,1.93301,-4.14
0.779201,1.9924,-4.16
0.866025,2.0,-4.18
1.03704,1.96985,-4.2
1.18742,1.88302,-4.22
1.29904,1.75,-4.24
1.33587,1.67101,-4.26
1.36603,1.5,-4.28
1.33587,1.32899,-4.3
1.29904,1.25,-4.32
1.23965,1.08682,-4.34
1.23965,0.913176,-4.36
1.29904,0.75,-4.38
1.29904,0.75,-4.4
1.29904,0.75,-4.42
1.29904,0.75,-4.44
1.29904,0.75,-4.46
1.29904,0.75,-4.48
1.29904,0.75,-4.5
1.29904,0.75,-4.52
1.29904,0.75,-4.54
1.29904,0.75,-4.56
1.29904,0.75,-4.58
1.29904,0.75,-4.6
1.29904,0.75,-4.62
1.29904,0.75,-4.64
1.29904,0.75,-4.66
1.29904,0.75,-4.68
1.29904,0.75,-4.7
1.29904,0.75,-4.72
1.29904,0.75,-4.74
1.29904,0.75,-4.76
1.29904,0.75,-4.78
1.29904,0.75,-4.8
1.34903,0.678606,-4.82
1.48205,0.566987,-4.84
1.64523,0.507596,-4.86
1.73205,0.5,-4.88
1.90306,0.469846,-4.9
2.05344,0.383022,-4.92
2.16506,0.25,-4.94
2.2019,0.17101,-4.96
2.23205,-2.51776e-12,-4.98
2.2019,-0.17101,-5.0
2.16506,-0.25,-5.02
2.05344,-0.383022,-5.04
1.90306,-0.469846,-5.06
1.73205,-0.5,-5.08
1.64523,-0.507596,-5.1
1.48205,-0.566987,-5.12
1.34903,-0.678606,-5.14
1.29904,-0.75,-5.16
1.29904,-0.75,-5.18
1.29904,-0.75,-5.2
1.29904,-0.75,-5.22
1.29904,-0.75,-5.24
1.29904,-0.75,-5.26
1.29904,-0.75,-5.28
1.29904,-0.75,-5.3
1.29904,-0.75,-5.32
1.29904,-0.75,-5.34
1.29904,-0.75,-5.36
1.29904,-0.75,-5.38
1.29904,-0.75,-5.4
1.29904,-0.75,-5.42
1.29904,-0.75,-5.44
1.29904,-0.75,-5.46
1.29904,-0.75,-5.48
1.29904,-0.75,-5.5
1.29904,-0.75,-5.52
1.29904,-0.75,-5.54
1.29904,-0.75,-5.56
1.29904,-0.75,-5.58
1.23965,-0.913176,-5.6
1.23965,-1.08682,-5.62
1.29904,-1.25,-5.64
1.33587,-1.32899,-5.66
1.36603,-1.5,-5.68
1.33587,-1.67101,-5.7
1.29904,-1.75,-5.72
1.18742,-1.88302,-5.74
1.03704,-1.96985,-5.76
0.866025,-2.0,-5.78
0.779201,-1.9924,-5.8
0.616025,-1.93301,-5.82
0.483003,-1.82139,-5.84
0.433013,-1.75,-5.86
0.321394,-1.61698,-5.88
0.17101,-1.53015,-5.9
-1.38755e-12,-1.5,-5.92
-2.18059e-12,-1.5,-5.94
-2.18059e-12,-1.5,-5.96
-2.18059e-12,-1.5,-5.98
-2.18059e-12,-1.5,-6.0
-2.18059e-12,-1.5,-6.02
-2.18059e-12,-1.5,-6.04
-2.18059e-12,-1.5,-6.06
-2.18059e-12,-1.5,-6.08
-2.18059e-12,-1.5,-6.1
-2.18059e-12,-1.5,-6.12
-2.18059e-12,-1.5,-6.14
-2.18059e-12,-1.5,-6.16
-2.18059e-12,-1.5,-6.18
-2.18059e-12,-1.5,-6.2
-2.18059e-12,-1.5,-6.22
-2.18059e-12,-1.5,-6.24
-2.18059e-12,-1.5,-6.26
-2.18059e-12,-1.5,-6.28
-2.18059e-12,-1.5,-6.3
-2.18059e-12,-1.5,-6.32
-2.18059e-12,-1.5,-6.34
-0.0868241,-1.5076,-6.36
-0.25,-1.56699,-6.38
-0.383022,-1.67861,-6.4
-0.433013,-1.75,-6.42
-0.544632,-1.88302,-6.44
-0.695015,-1.96985,-6.46
-0.866025,-2.0,-6.48
-0.952849,-1.9924,-6.5
-1.11603,-1.93301,-6.52
-1.24905,-1.82139,-6.54
-1.29904,-1.75,-6.56
-1.35843,-1.58682,-6.58
-1.35843,-1.41318,-6.6
-1.29904,-1.25,-6.62
-1.2622,-1.17101,-6.64
-1.23205,-1.0,-6.66
-1.2622,-0.82899,-6.68
-1.29904,-0.75,-6.7
-1.29904,-0.75,-6.72
-1.29904,-0.75,-6.74
-1.29904,-0.75,-6.76
-1.29904,-0.75,-6.78
-1.29904,-0.75,-6.8
-1.29904,-0.75,-6.82
-1.29904,-0.75,-6.84
-1.29904,-0.75,-6.86
-1.29904,-0.75,-6.88
-1.29904,-0.75,-6.9
-1.29904,-0.75,-6.92
-1.29904,-0.75,-6.94
-1.29904,-0.75,-6.96
-1.29904,-0.75,-6.98
-1.29904,-0.75,-7.0
-1.29904,-0.75,-7.02
-1.29904,-0.75,-7.04
-1.29904,-0.75,-7.06
-1.29904,-0.75,-7.08
-1.29904,-0.75,-7.1
-1.29904,-0.75,-7.12
-1.41066,-0.616978,-7.14
-1.56104,-0.530154,-7.16
-1.73205,-0.5,-7.18
-1.81887,-0.492404,-7.2
-1.98205,-0.433013,-7.22
-2.11507,-0.321394,-7.24
-2.16506,-0.25,-7.26
-2.22445,-0.0868241,-7.28
-2.22445,0.0868241,-7.3
-2.16506,0.25,-7.32
-2.11507,0.321394,-7.34
-1.98205,0.433013,-7.36
-1.81887,0.492404,-7.38
-1.73205,0.5,-7.4
-1.56104,0.530154,-7.42
-1.41066,0.616978,-7.44
-1.29904,0.75,-7.46
-1.29904,0.75,-7.48
-1.29904,0.75,-7.5
-1.29904,0.75,-7.52
-1.29904,0.75,-7.54
-1.29904,0.75,-7.56
-1.29904,0.75,-7.58
-1.29904,0.75,-7.6
-1.29904,0.75,-7.62
-1.29904,0.75,-7.64
-1.29904,0.75,-7.66
-1.29904,0.75,-7.68
-1.29904,0.75,-7.7
-1.29904,0.75,-7.72
-1.29904,0.75,-7.74
-1.29904,0.75,-7.76
-1.29904,0.75,-7.78
-1.29904,0.75,-7.8
-1.29904,0.75,-7.82
-1.29904,0.75,-7.84
-1.29904,0.75,-7.86
-1.29904,0.75,-7.88
-1.2622,0.82899,-7.9
-1.23205,1.0,-7.92
-1.2622,1.17101,-7.94
-1.29904,1.25,-7.96
-1.35843,1.41318,-7.98
-1.35843,1.58682,-8.0
-1.29904,1.75,-8.02
-1.24905,1.82139,-8.04
-1.11603,1.93301,-8.06
-0.952849,1.9924,-8.08
-0.866025,2.0,-8.1
