-1.29904,-2.25,14.98
-1.29904,-2.25,14.96
-1.29904,-2.25,14.94
-1.29904,-2.25,14.92
-1.29904,-2.25,14.9
-1.29904,-2.25,14.88
-1.29904,-2.25,14.86
-1.18742,-2.11698,14.84
-1.03704,-2.03015,14.82
-0.866025,-2.0,14.8
-0.866025,-2.0,14.78
-0.866025,-2.0,14.76
-0.866025,-2.0,14.74
-0.866025,-2.0,14.72
-0.866025,-2.0,14.7
-0.866025,-2.0,14.68
-0.866025,-2.0,14.66
-0.866025,-2.0,14.64
-0.866025,-2.0,14.62
-0.866025,-2.0,14.6
-0.866025,-2.0,14.58
-0.866025,-2.0,14.56
-0.866025,-2.0,14.54
-0.866025,-2.0,14.52
-0.779201,-2.0076,14.5
-0.616025,-2.06699,14.48
-0.483003,-2.17861,14.46
-0.433013,-2.25,14.44
-0.321394,-2.38302,14.42
-0.17101,-2.46985,14.4
-2.97408e-12,-2.5,14.38
0.0868241,-2.5076,14.36
0.25,-2.56699,14.34
0.383022,-2.67861,14.32
0.433013,-2.75,14.3
0.492404,-2.91318,14.28
0.492404,-3.08682,14.26
0.433013,-3.25,14.24
0.383022,-3.32139,14.22
0.25,-3.43301,14.2
0.0868241,-3.4924,14.18
-4.16354e-12,-3.5,14.16
-4.16354e-12,-3.5,14.14
-4.16354e-12,-3.5,14.12
-4.16354e-12,-3.5,14.1
-0.0868241,-3.4924,14.08
-0.25,-3.43301,14.06
-0.383022,-3.32139,14.04
-0.433013,-3.25,14.02
-0.433013,-3.25,14.0
-0.433013,-3.25,13.98
-0.433013,-3.25,13.96
-0.433013,-3.25,13.94
-0.433013,-3.25,13.92
-0.433013,-3.25,13.9
-0.433013,-3.25,13.88
-0.433013,-3.25,13.86
-0.433013,-3.25,13.84
-0.433013,-3.25,13.82
-0.433013,-3.25,13.8
-0.433013,-3.25,13.78
-0.433013,-3.25,13.76
-0.433013,-3.25,13.74
-0.492404,-3.08682,13.72
-0.492404,-2.91318,13.7
-0.433013,-2.75,13.68
-0.433013,-2.75,13.66
-0.433013,-2.75,13.64
-0.433013,-2.75,13.62
-0.433013,-2.75,13.6
-0.321394,-2.61698,13.58
-0.17101,-2.53015,13.56
-3.37005e-12,-2.5,13.54
0.0868241,-2.5076,13.52
0.25,-2.56699,13.5
0.383022,-2.67861,13.48
0.433013,-2.75,13.46
0.492404,-2.91318,13.44
0.492404,-3.08682,13.42
0.433013,-3.25,13.4
0.433013,-3.25,13.38
0.433013,-3.25,13.36
0.433013,-3.25,13.34
0.433013,-3.25,13.32
0.433013,-3.25,13.3
0.433013,-3.25,13.28
0.433013,-3.25,13.26
0.469846,-3.17101,13.24
0.5,-3.0,13.22
0.469846,-2.82899,13.2
0.433013,-2.75,13.18
0.321394,-2.61698,13.16
0.17101,-2.53015,13.14
-3.37005e-12,-2.5,13.12
-0.0868241,-2.5076,13.1
-0.25,-2.56699,13.08
-0.383022,-2.67861,13.06
-0.433013,-2.75,13.04
-0.492404,-2.91318,13.02
-0.492404,-3.08682,13.0
-0.433013,-3.25,12.98
-0.433013,-3.25,12.96
-0.433013,-3.25,12.94
-0.433013,-3.25,12.92
-0.433013,-3.25,12.9
-0.433013,-3.25,12.88
-0.433013,-3.25,12.86
-0.433013,-3.25,12.84
-0.469846,-3.17101,12.82
-0.5,-3.0,12.8
-0.469846,-2.82899,12.78
-0.433013,-2.75,12.76
-0.321394,-2.61698,12.74
-0.17101,-2.53015,12.72
-3.37005e-12,-2.5,12.7
0.0868241,-2.5076,12.68
0.25,-2.56699,12.66
0.383022,-2.67861,12.64
0.433013,-2.75,12.62
0.433013,-2.75,12.6
0.433013,-2.75,12.58
0.433013,-2.75,12.56
0.469846,-2.82899,12.54
0.5,-3.0,12.52
0.469846,-3.17101,12.5
0.433013,-3.25,12.48
0.433013,-3.25,12.46
0.433013,-3.25,12.44
0.433013,-3.25,12.42
0.433013,-3.25,12.4
0.433013,-3.25,12.38
0.433013,-3.25,12.36
0.433013,-3.25,12.34
0.433013,-3.25,12.32
0.433013,-3.25,12.3
0.433013,-3.25,12.28
0.433013,-3.25,12.26
0.433013,-3.25,12.24
0.433013,-3.25,12.22
0.433013,-3.25,12.2
0.321394,-3.38302,12.18
0.17101,-3.46985,12.16
-4.16354e-12,-3.5,12.14
-4.16354e-12,-3.5,12.12
-4.16354e-12,-3.5,12.1
-4.16354e-12,-3.5,12.08
-4.16354e-12,-3.5,12.06
-0.17101,-3.46985,12.04
-0.321394,-3.38302,12.02
-0.433013,-3.25,12.0
-0.469846,-3.17101,11.98
-0.5,-3.0,11.96
-0.469846,-2.82899,11.94
-0.433013,-2.75,11.92
-0.321394,-2.61698,11.9
-0.17101,-2.53015,11.88
-3.37005e-12,-2.5,11.86
0.0868241,-2.4924,11.84
0.25,-2.43301,11.82
0.383022,-2.32139,11.8
0.433013,-2.25,11.78
0.544632,-2.11698,11.76
0.695015,-2.03015,11.74
0.866025,-2.0,11.72
0.866025,-2.0,11.7
0.866025,-2.0,11.68
0.866025,-2.0,11.66
0.866025,-2.0,11.64
0.866025,-2.0,11.62
0.866025,-2.0,11.6
0.866025,-2.0,11.58
0.866025,-2.0,11.56
0.866025,-2.0,11.54
0.866025,-2.0,11.52
0.866025,-2.0,11.5
0.866025,-2.0,11.48
0.866025,-2.0,11.46
0.866025,-2.0,11.44
0.952849,-2.0076,11.42
1.11603,-2.06699,11.4
1.24905,-2.17861,11.38
1.29904,-2.25,11.36
1.29904,-2.25,11.34
1.29904,-2.25,11.32
1.29904,-2.25,11.3
1.29904,-2.25,11.28
1.29904,-2.25,11.26
1.29904,-2.25,11.24
1.29904,-2.25,11.22
1.29904,-2.25,11.2
1.29904,-2.25,11.18
1.29904,-2.25,11.16
1.29904,-2.25,11.14
1.29904,-2.25,11.12
1.29904,-2.25,11.1
1.29904,-2.25,11.08
1.29904,-2.25,11.06
1.29904,-2.25,11.04
1.29904,-2.25,11.02
1.2622,-2.17101,11.0
1.23205,-2.0,10.98
1.2622,-1.82899,10.96
1.29904,-1.75,10.94
1.29904,-1.75,10.92
1.29904,-1.75,10.9
1.29904,-1.75,10.88
1.29904,-1.75,10.86
1.29904,-1.75,10.84
1.29904,-1.75,10.82
1.29904,-1.75,10.8
1.29904,-1.75,10.78
1.29904,-1.75,10.76
1.29904,-1.75,10.74
1.29904,-1.75,10.72
1.29904,-1.75,10.7
1.29904,-1.75,10.68
1.29904,-1.75,10.66
1.41066,-1.61698,10.64
1.56104,-1.53015,10.62
1.73205,-1.5,10.6
1.81887,-1.4924,10.58
1.98205,-1.43301,10.56
2.11507,-1.32139,10.54
2.16506,-1.25,10.52
2.27668,-1.11698,10.5
2.42707,-1.03015,10.48
2.59808,-1.0,10.46
2.6849,-1.0076,10.44
2.84808,-1.06699,10.42
2.9811,-1.17861,10.4
3.03109,-1.25,10.38
3.09048,-1.41318,10.36
3.09048,-1.58682,10.34
3.03109,-1.75,10.32
3.03109,-1.75,10.3
3.03109,-1.75,10.28
3.03109,-1.75,10.26
3.03109,-1.75,10.24
2.91947,-1.88302,10.22
2.76909,-1.96985,10.2
2.59808,-2.0,10.18
2.59808,-2.0,10.16
2.59808,-2.0,10.14
2.59808,-2.0,10.12
2.59808,-2.0,10.1
2.59808,-2.0,10.08
2.59808,-2.0,10.06
2.59808,-2.0,10.04
2.59808,-2.0,10.02
2.59808,-2.0,10.0
2.59808,-2.0,9.98
2.59808,-2.0,9.96
2.59808,-2.0,9.94
2.59808,-2.0,9.92
2.59808,-2.0,9.9
2.51125,-1.9924,9.88
2.34808,-1.93301,9.86
2.21505,-1.82139,9.84
2.16506,-1.75,9.82
2.16506,-1.75,9.8
2.16506,-1.75,9.78
2.16506,-1.75,9.76
2.12823,-1.67101,9.74
2.09808,-1.5,9.72
2.12823,-1.32899,9.7
2.16506,-1.25,9.68
2.27668,-1.11698,9.66
2.42707,-1.03015,9.64
2.59808,-1.0,9.62
2.6849,-1.0076,9.6
2.84808,-1.06699,9.58
2.9811,-1.17861,9.56
3.03109,-1.25,9.54
3.03109,-1.25,9.52
3.03109,-1.25,9.5
3.03109,-1.25,9.48
3.03109,-1.25,9.46
3.03109,-1.25,9.44
3.03109,-1.25,9.42
3.03109,-1.25,9.4
2.91947,-1.11698,9.38
2.76909,-1.03015,9.36
2.59808,-1.0,9.34
2.51125,-1.0076,9.32
2.34808,-1.06699,9.3
2.21505,-1.17861,9.28
2.16506,-1.25,9.26
2.10567,-1.41318,9.24
2.10567,-1.58682,9.22
2.16506,-1.75,9.2
2.21505,-1.82139,9.18
2.34808,-1.93301,9.16
2.51125,-1.9924,9.14
2.59808,-2.0,9.12
2.59808,-2.0,9.1
2.59808,-2.0,9.08
2.59808,-2.0,9.06
2.59808,-2.0,9.04
2.59808,-2.0,9.02
2.59808,-2.0,9.0
2.59808,-2.0,8.98
2.42707,-1.96985,8.96
2.27668,-1.88302,8.94
2.16506,-1.75,8.92
2.12823,-1.67101,8.9
2.09808,-1.5,8.88
2.12823,-1.32899,8.86
2.16506,-1.25,8.84
2.27668,-1.11698,8.82
2.42707,-1.03015,8.8
2.59808,-1.0,8.78
2.59808,-1.0,8.76
2.59808,-1.0,8.74
2.59808,-1.0,8.72
2.59808,-1.0,8.7
2.76909,-1.03015,8.68
2.91947,-1.11698,8.66
3.03109,-1.25,8.64
3.03109,-1.25,8.62
3.03109,-1.25,8.6
3.03109,-1.25,8.58
3.03109,-1.25,8.56
3.03109,-1.25,8.54
3.03109,-1.25,8.52
3.03109,-1.25,8.5
3.03109,-1.25,8.48
3.03109,-1.25,8.46
3.03109,-1.25,8.44
3.03109,-1.25,8.42
3.03109,-1.25,8.4
3.03109,-1.25,8.38
3.03109,-1.25,8.36
3.06792,-1.32899,8.34
3.09808,-1.5,8.32
3.06792,-1.67101,8.3
3.03109,-1.75,8.28
3.03109,-1.75,8.26
3.03109,-1.75,8.24
3.03109,-1.75,8.22
2.9811,-1.82139,8.2
2.84808,-1.93301,8.18
2.6849,-1.9924,8.16
2.59808,-2.0,8.14
2.42707,-1.96985,8.12
2.27668,-1.88302,8.1
2.16506,-1.75,8.08
2.12823,-1.67101,8.06
2.09808,-1.5,8.04
2.12823,-1.32899,8.02
2.16506,-1.25,8.0
2.22445,-1.08682,7.98
2.22445,-0.913176,7.96
2.16506,-0.75,7.94
2.12823,-0.67101,7.92
2.09808,-0.5,7.9
2.12823,-0.32899,7.88
2.16506,-0.25,7.86
2.16506,-0.25,7.84
2.16506,-0.25,7.82
2.16506,-0.25,7.8
2.16506,-0.25,7.78
2.16506,-0.25,7.76
2.16506,-0.25,7.74
2.16506,-0.25,7.72
2.16506,-0.25,7.7
2.16506,-0.25,7.68
2.16506,-0.25,7.66
2.16506,-0.25,7.64
2.16506,-0.25,7.62
2.16506,-0.25,7.6
2.16506,-0.25,7.58
2.27668,-0.116978,7.56
2.42707,-0.0301537,7.54
2.59808,-3.77653e-12,7.52
2.59808,-3.77653e-12,7.5
2.59808,-3.77653e-12,7.48
2.59808,-3.77653e-12,7.46
2.59808,-3.77653e-12,7.44
2.59808,-3.77653e-12,7.42
2.59808,-3.77653e-12,7.4
2.59808,-3.77653e-12,7.38
2.59808,-3.77653e-12,7.36
2.59808,-3.77653e-12,7.34
2.59808,-3.77653e-12,7.32
2.59808,-3.77653e-12,7.3
2.59808,-3.77653e-12,7.28
2.59808,-3.77653e-12,7.26
2.59808,-3.77653e-12,7.24
2.59808,-3.77653e-12,7.22
2.59808,-3.77653e-12,7.2
2.59808,-3.77653e-12,7.18
2.59808,-3.77653e-12,7.16
2.42707,0.0301537,7.14
2.27668,0.116978,7.12
2.16506,0.25,7.1
2.16506,0.25,7.08
2.16506,0.25,7.06
2.16506,0.25,7.04
2.16506,0.25,7.02
2.16506,0.25,7.0
2.16506,0.25,6.98
2.16506,0.25,6.96
2.16506,0.25,6.94
2.16506,0.25,6.92
2.16506,0.25,6.9
2.16506,0.25,6.88
2.16506,0.25,6.86
2.16506,0.25,6.84
2.16506,0.25,6.82
2.12823,0.32899,6.8
2.09808,0.5,6.78
2.12823,0.67101,6.76
2.16506,0.75,6.74
2.22445,0.913176,6.72
2.22445,1.08682,6.7
2.16506,1.25,6.68
2.12823,1.32899,6.66
2.09808,1.5,6.64
2.12823,1.67101,6.62
2.16506,1.75,6.6
2.27668,1.88302,6.58
2.42707,1.96985,6.56
2.59808,2.0,6.54
2.6849,1.9924,6.52
2.84808,1.93301,6.5
2.9811,1.82139,6.48
3.03109,1.75,6.46
3.03109,1.75,6.44
3.03109,1.75,6.42
3.03109,1.75,6.4
3.06792,1.67101,6.38
3.09808,1.5,6.36
3.06792,1.32899,6.34
3.03109,1.25,6.32
3.03109,1.25,6.3
3.03109,1.25,6.28
3.03109,1.25,6.26
3.03109,1.25,6.24
3.03109,1.25,6.22
3.03109,1.25,6.2
3.03109,1.25,6.18
3.03109,1.25,6.16
3.03109,1.25,6.14
3.03109,1.25,6.12
3.03109,1.25,6.1
3.03109,1.25,6.08
3.03109,1.25,6.06
3.03109,1.25,6.04
2.91947,1.11698,6.02
2.76909,1.03015,6.0
2.59808,1.0,5.98
2.59808,1.0,5.96
2.59808,1.0,5.94
2.59808,1.0,5.92
2.59808,1.0,5.9
2.42707,1.03015,5.88
2.27668,1.11698,5.86
2.16506,1.25,5.84
2.12823,1.32899,5.82
2.09808,1.5,5.8
2.12823,1.67101,5.78
2.16506,1.75,5.76
2.27668,1.88302,5.74
2.42707,1.96985,5.72
2.59808,2.0,5.7
2.59808,2.0,5.68
2.59808,2.0,5.66
2.59808,2.0,5.64
2.59808,2.0,5.62
2.59808,2.0,5.6
2.59808,2.0,5.58
2.59808,2.0,5.56
2.51125,1.9924,5.54
2.34808,1.93301,5.52
2.21505,1.82139,5.5
2.16506,1.75,5.48
2.10567,1.58682,5.46
2.10567,1.41318,5.44
2.16506,1.25,5.42
2.21505,1.17861,5.4
2.34808,1.06699,5.38
2.51125,1.0076,5.36
2.59808,1.0,5.34
2.76909,1.03015,5.32
2.91947,1.11698,5.3
3.03109,1.25,5.28
3.03109,1.25,5.26
3.03109,1.25,5.24
3.03109,1.25,5.22
3.03109,1.25,5.2
3.03109,1.25,5.18
3.03109,1.25,5.16
3.03109,1.25,5.14
2.9811,1.17861,5.12
2.84808,1.06699,5.1
2.6849,1.0076,5.08
2.59808,1.0,5.06
2.42707,1.03015,5.04
2.27668,1.11698,5.02
2.16506,1.25,5.0
2.12823,1.32899,4.98
2.09808,1.5,4.96
2.12823,1.67101,4.94
2.16506,1.75,4.92
2.16506,1.75,4.9
2.16506,1.75,4.88
2.16506,1.75,4.86
2.21505,1.82139,4.84
2.34808,1.93301,4.82
2.51125,1.9924,4.8
2.59808,2.0,4.78
2.59808,2.0,4.76
2.59808,2.0,4.74
2.59808,2.0,4.72
2.59808,2.0,4.7
2.59808,2.0,4.68
2.59808,2.0,4.66
2.59808,2.0,4.64
2.59808,2.0,4.62
2.59808,2.0,4.6
2.59808,2.0,4.58
2.59808,2.0,4.56
2.59808,2.0,4.54
2.59808,2.0,4.52
2.59808,2.0,4.5
2.76909,1.96985,4.48
2.91947,1.88302,4.46
3.03109,1.75,4.44
3.03109,1.75,4.42
3.03109,1.75,4.4
3.03109,1.75,4.38
3.03109,1.75,4.36
3.09048,1.58682,4.34
3.09048,1.41318,4.32
3.03109,1.25,4.3
2.9811,1.17861,4.28
2.84808,1.06699,4.26
2.6849,1.0076,4.24
2.59808,1.0,4.22
2.42707,1.03015,4.2
2.27668,1.11698,4.18
2.16506,1.25,4.16
2.11507,1.32139,4.14
1.98205,1.43301,4.12
1.81887,1.4924,4.1
1.73205,1.5,4.08
1.56104,1.53015,4.06
1.41066,1.61698,4.04
1.29904,1.75,4.02
1.29904,1.75,4.0
1.29904,1.75,3.98
1.29904,1.75,3.96
1.29904,1.75,3.94
1.29904,1.75,3.92
1.29904,1.75,3.9
1.29904,1.75,3.88
1.29904,1.75,3.86
1.29904,1.75,3.84
1.29904,1.75,3.82
1.29904,1.75,3.8
1.29904,1.75,3.78
1.29904,1.75,3.76
1.29904,1.75,3.74
1.2622,1.82899,3.72
1.23205,2.0,3.7
1.2622,2.17101,3.68
1.29904,2.25,3.66
1.29904,2.25,3.64
1.29904,2.25,3.62
1.29904,2.25,3.6
1.29904,2.25,3.58
1.29904,2.25,3.56
1.29904,2.25,3.54
1.29904,2.25,3.52
1.29904,2.25,3.5
1.29904,2.25,3.48
1.29904,2.25,3.46
1.29904,2.25,3.44
1.29904,2.25,3.42
1.29904,2.25,3.4
1.29904,2.25,3.38
1.29904,2.25,3.36
1.29904,2.25,3.34
1.29904,2.25,3.32
1.24905,2.17861,3.3
1.11603,2.06699,3.28
0.952849,2.0076,3.26
0.866025,2.0,3.24
0.866025,2.0,3.22
0.866025,2.0,3.2
0.866025,2.0,3.18
0.866025,2.0,3.16
0.866025,2.0,3.14
0.866025,2.0,3.12
0.866025,2.0,3.1
0.866025,2.0,3.08
0.866025,2.0,3.06
0.866025,2.0,3.04
0.866025,2.0,3.02
0.866025,2.0,3.0
0.866025,2.0,2.98
0.866025,2.0,2.96
0.695015,2.03015,2.94
0.544632,2.11698,2.92
0.433013,2.25,2.9
0.383022,2.32139,2.88
0.25,2.43301,2.86
0.0868241,2.4924,2.84
9.91582e-13,2.5,2.82
-0.17101,2.53015,2.8
-0.321394,2.61698,2.78
-0.433013,2.75,2.76
-0.469846,2.82899,2.74
-0.5,3.0,2.72
-0.469846,3.17101,2.7
-0.433013,3.25,2.68
-0.321394,3.38302,2.66
-0.17101,3.46985,2.64
1.38822e-12,3.5,2.62
1.38822e-12,3.5,2.6
1.38822e-12,3.5,2.58
1.38822e-12,3.5,2.56
1.38822e-12,3.5,2.54
0.17101,3.46985,2.52
0.321394,3.38302,2.5
0.433013,3.25,2.48
0.433013,3.25,2.46
0.433013,3.25,2.44
0.433013,3.25,2.42
0.433013,3.25,2.4
0.433013,3.25,2.38
0.433013,3.25,2.36
0.433013,3.25,2.34
0.433013,3.25,2.32
0.433013,3.25,2.3
0.433013,3.25,2.28
0.433013,3.25,2.26
0.433013,3.25,2.24
0.433013,3.25,2.22
0.433013,3.25,2.2
0.469846,3.17101,2.18
0.5,3.0,2.16
0.469846,2.82899,2.14
0.433013,2.75,2.12
0.433013,2.75,2.1
0.433013,2.75,2.08
0.433013,2.75,2.06
0.383022,2.67861,2.04
0.25,2.56699,2.02
0.0868241,2.5076,2.0
5.94727e-13,2.5,1.98
-0.17101,2.53015,1.96
-0.321394,2.61698,1.94
-0.433013,2.75,1.92
-0.469846,2.82899,1.9
-0.5,3.0,1.88
-0.469846,3.17101,1.86
-0.433013,3.25,1.84
-0.433013,3.25,1.82
-0.433013,3.25,1.8
-0.433013,3.25,1.78
-0.433013,3.25,1.76
-0.433013,3.25,1.74
-0.433013,3.25,1.72
-0.433013,3.25,1.7
-0.492404,3.08682,1.68
-0.492404,2.91318,1.66
-0.433013,2.75,1.64
-0.383022,2.67861,1.62
-0.25,2.56699,1.6
-0.0868241,2.5076,1.58
5.94727e-13,2.5,1.56
0.17101,2.53015,1.54
0.321394,2.61698,1.52
0.433013,2.75,1.5
0.469846,2.82899,1.48
0.5,3.0,1.46
0.469846,3.17101,1.44
0.433013,3.25,1.42
0.433013,3.25,1.4
0.433013,3.25,1.38
0.433013,3.25,1.36
0.433013,3.25,1.34
0.433013,3.25,1.32
0.433013,3.25,1.3
0.433013,3.25,1.28
0.492404,3.08682,1.26
0.492404,2.91318,1.24
0.433013,2.75,1.22
0.383022,2.67861,1.2
0.25,2.56699,1.18
0.0868241,2.5076,1.16
5.94727e-13,2.5,1.14
-0.17101,2.53015,1.12
-0.321394,2.61698,1.1
-0.433013,2.75,1.08
-0.433013,2.75,1.06
-0.433013,2.75,1.04
-0.433013,2.75,1.02
-0.433013,2.75,1.0
-0.492404,2.91318,0.98
-0.492404,3.08682,0.96
-0.433013,3.25,0.94
-0.433013,3.25,0.92
-0.433013,3.25,0.9
-0.433013,3.25,0.88
-0.433013,3.25,0.86
-0.433013,3.25,0.84
-0.433013,3.25,0.82
-0.433013,3.25,0.8
-0.433013,3.25,0.78
-0.433013,3.25,0.76
-0.433013,3.25,0.74
-0.433013,3.25,0.72
-0.433013,3.25,0.7
-0.433013,3.25,0.68
-0.433013,3.25,0.66
-0.383022,3.32139,0.64
-0.25,3.43301,0.62
-0.0868241,3.4924,0.6
1.38822e-12,3.5,0.58
1.38822e-12,3.5,0.56
1.38822e-12,3.5,0.54
1.38822e-12,3.5,0.52
0.0868241,3.4924,0.5
0.25,3.43301,0.48
0.383022,3.32139,0.46
0.433013,3.25,0.44
0.492404,3.08682,0.42
0.492404,2.91318,0.4
0.433013,2.75,0.38
0.383022,2.67861,0.36
0.25,2.56699,0.34
0.0868241,2.5076,0.32
5.94727e-13,2.5,0.3
-0.17101,2.46985,0.28
-0.321394,2.38302,0.26
-0.433013,2.25,0.24
-0.483003,2.17861,0.22
-0.616025,2.06699,0.2
-0.779201,2.0076,0.18
-0.866025,2.0,0.16
-0.866025,2.0,0.14
-0.866025,2.0,0.12
-0.866025,2.0,0.1
-0.866025,2.0,0.08
-0.866025,2.0,0.06
-0.866025,2.0,0.04
-0.866025,2.0,0.02
-0.866025,2.0,-4.12829e-14
-0.866025,2.0,-0.02
-0.866025,2.0,-0.04
-0.866025,2.0,-0.06
-0.866025,2.0,-0.08
-0.866025,2.0,-0.1
-0.866025,2.0,-0.12
-1.03704,2.03015,-0.14
-1.18742,2.11698,-0.16
-1.29904,2.25,-0.18
-1.29904,2.25,-0.2
-1.29904,2.25,-0.22
-1.29904,2.25,-0.24
-1.29904,2.25,-0.26
-1.29904,2.25,-0.28
-1.29904,2.25,-0.3
-1.29904,2.25,-0.32
-1.29904,2.25,-0.34
-1.29904,2.25,-0.36
-1.29904,2.25,-0.38
-1.29904,2.25,-0.4
-1.29904,2.25,-0.42
-1.29904,2.25,-0.44
-1.29904,2.25,-0.46
-1.29904,2.25,-0.48
-1.29904,2.25,-0.5
-1.29904,2.25,-0.52
-1.29904,2.25,-0.54
-1.23965,2.08682,-0.56
-1.23965,1.91318,-0.58
-1.29904,1.75,-0.6
-1.29904,1.75,-0.62
-1.29904,1.75,-0.64
-1.29904,1.75,-0.66
-1.29904,1.75,-0.68
-1.29904,1.75,-0.7
-1.29904,1.75,-0.72
-1.29904,1.75,-0.74
-1.29904,1.75,-0.76
-1.29904,1.75,-0.78
-1.29904,1.75,-0.8
-1.29904,1.75,-0.82
-1.29904,1.75,-0.84
-1.29904,1.75,-0.86
-1.29904,1.75,-0.88
-1.34903,1.67861,-0.9
-1.48205,1.56699,-0.92
-1.64523,1.5076,-0.94
-1.73205,1.5,-0.96
-1.90306,1.46985,-0.98
-2.05344,1.38302,-1.0
-2.16506,1.25,-1.02
-2.21505,1.17861,-1.04
-2.34808,1.06699,-1.06
-2.51125,1.0076,-1.08
-2.59808,1.0,-1.1
-2.76909,1.03015,-1.12
-2.91947,1.11698,-1.14
-3.03109,1.25,-1.16
-3.06792,1.32899,-1.18
-3.09808,1.5,-1.2
-3.06792,1.67101,-1.22
-3.03109,1.75,-1.24
-3.03109,1.75,-1.26
-3.03109,1.75,-1.28
-3.03109,1.75,-1.3
-2.9811,1.82139,-1.32
-2.84808,1.93301,-1.34
-2.6849,1.9924,-1.36
-2.59808,2.0,-1.38
-2.59808,2.0,-1.4
-2.59808,2.0,-1.42
-2.59808,2.0,-1.44
-2.59808,2.0,-1.46
-2.59808,2.0,-1.48
-2.59808,2.0,-1.5
-2.59808,2.0,-1.52
-2.59808,2.0,-1.54
-2.59808,2.0,-1.56
-2.59808,2.0,-1.58
-2.59808,2.0,-1.6
-2.59808,2.0,-1.62
-2.59808,2.0,-1.64
-2.59808,2.0,-1.66
-2.42707,1.96985,-1.68
-2.27668,1.88302,-1.7
-2.16506,1.75,-1.72
-2.16506,1.75,-1.74
-2.16506,1.75,-1.76
-2.16506,1.75,-1.78
-2.16506,1.75,-1.8
-2.10567,1.58682,-1.82
-2.10567,1.41318,-1.84
-2.16506,1.25,-1.86
-2.21505,1.17861,-1.88
-2.34808,1.06699,-1.9
-2.51125,1.0076,-1.92
-2.59808,1.0,-1.94
-2.76909,1.03015,-1.96
-2.91947,1.11698,-1.98
-3.03109,1.25,-2.0
-3.03109,1.25,-2.02
-3.03109,1.25,-2.04
-3.03109,1.25,-2.06
-3.03109,1.25,-2.08
-3.03109,1.25,-2.1
-3.03109,1.25,-2.12
-3.03109,1.25,-2.14
-2.9811,1.17861,-2.16
-2.84808,1.06699,-2.18
-2.6849,1.0076,-2.2
-2.59808,1.0,-2.22
-2.42707,1.03015,-2.24
-2.27668,1.11698,-2.26
-2.16506,1.25,-2.28
-2.12823,1.32899,-2.3
-2.09808,1.5,-2.32
-2.12823,1.67101,-2.34
-2.16506,1.75,-2.36
-2.27668,1.88302,-2.38
-2.42707,1.96985,-2.4
-2.59808,2.0,-2.42
-2.59808,2.0,-2.44
-2.59808,2.0,-2.46
-2.59808,2.0,-2.48
-2.59808,2.0,-2.5
-2.59808,2.0,-2.52
-2.59808,2.0,-2.54
-2.59808,2.0,-2.56
-2.51125,1.9924,-2.58
-2.34808,1.93301,-2.6
-2.21505,1.82139,-2.62
-2.16506,1.75,-2.64
-2.10567,1.58682,-2.66
-2.10567,1.41318,-2.68
-2.16506,1.25,-2.7
-2.21505,1.17861,-2.72
-2.34808,1.06699,-2.74
-2.51125,1.0076,-2.76
-2.59808,1.0,-2.78
-2.59808,1.0,-2.8
-2.59808,1.0,-2.82
-2.59808,1.0,-2.84
-2.6849,1.0076,-2.86
-2.84808,1.06699,-2.88
-2.9811,1.17861,-2.9
-3.03109,1.25,-2.92
-3.03109,1.25,-2.94
-3.03109,1.25,-2.96
-3.03109,1.25,-2.98
-3.03109,1.25,-3.0
-3.03109,1.25,-3.02
-3.03109,1.25,-3.04
-3.03109,1.25,-3.06
-3.03109,1.25,-3.08
-3.03109,1.25,-3.1
-3.03109,1.25,-3.12
-3.03109,1.25,-3.14
-3.03109,1.25,-3.16
-3.03109,1.25,-3.18
-3.03109,1.25,-3.2
-3.09048,1.41318,-3.22
-3.09048,1.58682,-3.24
-3.03109,1.75,-3.26
-3.03109,1.75,-3.28
-3.03109,1.75,-3.3
-3.03109,1.75,-3.32
-3.03109,1.75,-3.34
-2.91947,1.88302,-3.36
-2.76909,1.96985,-3.38
-2.59808,2.0,-3.4
-2.51125,1.9924,-3.42
-2.34808,1.93301,-3.44
-2.21505,1.82139,-3.46
-2.16506,1.75,-3.48
-2.10567,1.58682,-3.5
-2.10567,1.41318,-3.52
-2.16506,1.25,-3.54
-2.2019,1.17101,-3.56
-2.23205,1.0,-3.58
-2.2019,0.82899,-3.6
-2.16506,0.75,-3.62
-2.10567,0.586824,-3.64
-2.10567,0.413176,-3.66
-2.16506,0.25,-3.68
-2.16506,0.25,-3.7
-2.16506,0.25,-3.72
-2.16506,0.25,-3.74
-2.16506,0.25,-3.76
-2.16506,0.25,-3.78
-2.16506,0.25,-3.8
-2.16506,0.25,-3.82
-2.16506,0.25,-3.84
-2.16506,0.25,-3.86
-2.16506,0.25,-3.88
-2.16506,0.25,-3.9
-2.16506,0.25,-3.92
-2.16506,0.25,-3.94
-2.16506,0.25,-3.96
-2.21505,0.178606,-3.98
-2.34808,0.0669873,-4.0
-2.51125,0.00759612,-4.02
-2.59808,1.71663e-12,-4.04
-2.59808,1.71663e-12,-4.06
-2.59808,1.71663e-12,-4.08
-2.59808,1.71663e-12,-4.1
-2.59808,1.71663e-12,-4.12
-2.59808,1.71663e-12,-4.14
-2.59808,1.71663e-12,-4.16
-2.59808,1.71663e-12,-4.18
-2.59808,1.71663e-12,-4.2
-2.59808,1.71663e-12,-4.22
-2.59808,1.71663e-12,-4.24
-2.59808,1.71663e-12,-4.26
-2.59808,1.71663e-12,-4.28
-2.59808,1.71663e-12,-4.3
-2.59808,1.71663e-12,-4.32
-2.59808,1.71663e-12,-4.34
-2.59808,1.71663e-12,-4.36
-2.59808,1.71663e-12,-4.38
-2.51125,-0.00759612,-4.4
-2.34808,-0.0669873,-4.42
-2.21505,-0.178606,-4.44
-2.16506,-0.25,-4.46
-2.16506,-0.25,-4.48
-2.16506,-0.25,-4.5
-2.16506,-0.25,-4.52
-2.16506,-0.25,-4.54
-2.16506,-0.25,-4.56
-2.16506,-0.25,-4.58
-2.16506,-0.25,-4.6
-2.16506,-0.25,-4.62
-2.16506,-0.25,-4.64
-2.16506,-0.25,-4.66
-2.16506,-0.25,-4.68
-2.16506,-0.25,-4.7
-2.16506,-0.25,-4.72
-2.16506,-0.25,-4.74
-2.10567,-0.413176,-4.76
-2.10567,-0.586824,-4.78
-2.16506,-0.75,-4.8
-2.2019,-0.82899,-4.82
-2.23205,-1.0,-4.84
-2.2019,-1.17101,-4.86
-2.16506,-1.25,-4.88
-2.10567,-1.41318,-4.9
-2.10567,-1.58682,-4.92
-2.16506,-1.75,-4.94
-2.21505,-1.82139,-4.96
-2.34808,-1.93301,-4.98
-2.51125,-1.9924,-5.0
-2.59808,-2.0,-5.02
-2.76909,-1.96985,-5.04
-2.91947,-1.88302,-5.06
-3.03109,-1.75,-5.08
-3.03109,-1.75,-5.1
-3.03109,-1.75,-5.12
-3.03109,-1.75,-5.14
-3.03109,-1.75,-5.16
-3.09048,-1.58682,-5.18
-3.09048,-1.41318,-5.2
-3.03109,-1.25,-5.22
-3.03109,-1.25,-5.24
-3.03109,-1.25,-5.26
-3.03109,-1.25,-5.28
-3.03109,-1.25,-5.3
-3.03109,-1.25,-5.32
-3.03109,-1.25,-5.34
-3.03109,-1.25,-5.36
-3.03109,-1.25,-5.38
-3.03109,-1.25,-5.4
-3.03109,-1.25,-5.42
-3.03109,-1.25,-5.44
-3.03109,-1.25,-5.46
-3.03109,-1.25,-5.48
-3.03109,-1.25,-5.5
-2.9811,-1.17861,-5.52
-2.84808,-1.06699,-5.54
-2.6849,-1.0076,-5.56
-2.59808,-1.0,-5.58
-2.59808,-1.0,-5.6
-2.59808,-1.0,-5.62
-2.59808,-1.0,-5.64
-2.51125,-1.0076,-5.66
-2.34808,-1.06699,-5.68
-2.21505,-1.17861,-5.7
-2.16506,-1.25,-5.72
-2.10567,-1.41318,-5.74
-2.10567,-1.58682,-5.76
-2.16506,-1.75,-5.78
-2.21505,-1.82139,-5.8
-2.34808,-1.93301,-5.82
-2.51125,-1.9924,-5.84
-2.59808,-2.0,-5.86
-2.59808,-2.0,-5.88
-2.59808,-2.0,-5.9
-2.59808,-2.0,-5.92
-2.59808,-2.0,-5.94
-2.59808,-2.0,-5.96
-2.59808,-2.0,-5.98
-2.59808,-2.0,-6.0
-2.42707,-1.96985,-6.02
-2.27668,-1.88302,-6.04
-2.16506,-1.75,-6.06
-2.12823,-1.67101,-6.08
-2.09808,-1.5,-6.1
-2.12823,-1.32899,-6.12
-2.16506,-1.25,-6.14
-2.27668,-1.11698,-6.16
-2.42707,-1.03015,-6.18
-2.59808,-1.0,-6.2
-2.6849,-1.0076,-6.22
-2.84808,-1.06699,-6.24
-2.9811,-1.17861,-6.26
-3.03109,-1.25,-6.28
-3.03109,-1.25,-6.3
-3.03109,-1.25,-6.32
-3.03109,-1.25,-6.34
-3.03109,-1.25,-6.36
-3.03109,-1.25,-6.38
-3.03109,-1.25,-6.4
-3.03109,-1.25,-6.42
-2.91947,-1.11698,-6.44
-2.76909,-1.03015,-6.46
-2.59808,-1.0,-6.48
-2.51125,-1.0076,-6.5
-2.34808,-1.06699,-6.52
-2.21505,-1.17861,-6.54
-2.16506,-1.25,-6.56
-2.10567,-1.41318,-6.58
-2.10567,-1.58682,-6.6
-2.16506,-1.75,-6.62
-2.16506,-1.75,-6.64
-2.16506,-1.75,-6.66
-2.16506,-1.75,-6.68
-2.16506,-1.75,-6.7
-2.27668,-1.88302,-6.72
-2.42707,-1.96985,-6.74
-2.59808,-2.0,-6.76
-2.59808,-2.0,-6.78
-2.59808,-2.0,-6.8
-2.59808,-2.0,-6.82
-2.59808,-2.0,-6.84
-2.59808,-2.0,-6.86
-2.59808,-2.0,-6.88
-2.59808,-2.0,-6.9
-2.59808,-2.0,-6.92
-2.59808,-2.0,-6.94
-2.59808,-2.0,-6.96
-2.59808,-2.0,-6.98
-2.59808,-2.0,-7.0
-2.59808,-2.0,-7.02
-2.59808,-2.0,-7.04
-2.6849,-1.9924,-7.06
-2.84808,-1.93301,-7.08
-2.9811,-1.82139,-7.1
-3.03109,-1.75,-7.12
-3.03109,-1.75,-7.14
-3.03109,-1.75,-7.16
-3.03109,-1.75,-7.18
-3.06792,-1.67101,-7.2
-3.09808,-1.5,-7.22
-3.06792,-1.32899,-7.24
-3.03109,-1.25,-7.26
-2.91947,-1.11698,-7.28
-2.76909,-1.03015,-7.3
-2.59808,-1.0,-7.32
-2.51125,-1.0076,-7.34
-2.34808,-1.06699,-7.36
-2.21505,-1.17861,-7.38
-2.16506,-1.25,-7.4
-2.05344,-1.38302,-7.42
-1.90306,-1.46985,-7.44
-1.73205,-1.5,-7.46
-1.64523,-1.5076,-7.48
-1.48205,-1.56699,-7.5
-1.34903,-1.67861,-7.52
-1.29904,-1.75,-7.54
-1.29904,-1.75,-7.56
-1.29904,-1.75,-7.58
-1.29904,-1.75,-7.6
-1.29904,-1.75,-7.62
-1.29904,-1.75,-7.64
-1.29904,-1.75,-7.66
-1.29904,-1.75,-7.68
-1.29904,-1.75,-7.7
-1.29904,-1.75,-7.72
-1.29904,-1.75,-7.74
-1.29904,-1.75,-7.76
-1.29904,-1.75,-7.78
-1.29904,-1.75,-7.8
-1.29904,-1.75,-7.82
-1.23965,-1.91318,-7.84
-1.23965,-2.08682,-7.86
-1.29904,-2.25,-7.88
-1.29904,-2.25,-7.9
-1.29904,-2.25,-7.92
-1.29904,-2.25,-7.94
-1.29904,-2.25,-7.96
-1.29904,-2.25,-7.98
-1.29904,-2.25,-8.0
-1.29904,-2.25,-8.02
-1.29904,-2.25,-8.04
-1.29904,-2.25,-8.06
-1.29904,-2.25,-8.08
-1.29904,-2.25,-8.1
