-2.16506,1.75,14.98
-2.16506,1.75,14.96
-2.16506,1.75,14.94
-2.16506,1.75,14.92
-2.16506,1.75,14.9
-2.16506,1.75,14.88
-2.16506,1.75,14.86
-2.27668,1.88302,14.84
-2.42707,1.96985,14.82
-2.59808,2,14.8
-2.59808,2,14.78
-2.59808,2,14.76
-2.59808,2,14.74
-2.59808,2,14.72
-2.59808,2,14.7
-2.59808,2,14.68
-2.59808,2,14.66
-2.59808,2,14.64
-2.59808,2,14.62
-2.59808,2,14.6
-2.59808,2,14.58
-2.76909,1.96985,14.56
-2.91947,1.88302,14.54
-3.03109,1.75,14.52
-3.03109,1.75,14.5
-3.03109,1.75,14.48
-3.03109,1.75,14.46
-3.03109,1.75,14.44
-3.03109,1.75,14.42
-3.03109,1.75,14.4
-3.03109,1.75,14.38
-3.03109,1.75,14.36
-3.03109,1.75,14.34
-3.03109,1.75,14.32
-3.03109,1.75,14.3
-3.09048,1.58682,14.28
-3.09048,1.41318,14.26
-3.03109,1.25,14.24
-3.03109,1.25,14.22
-3.03109,1.25,14.2
-3.03109,1.25,14.18
-3.03109,1.25,14.16
-3.03109,1.25,14.14
-3.03109,1.25,14.12
-3.03109,1.25,14.1
-3.03109,1.25,14.08
-3.03109,1.25,14.06
-3.03109,1.25,14.04
-3.03109,1.25,14.02
-2.91947,1.11698,14
-2.76909,1.03015,13.98
-2.59808,1,13.96
-2.51125,0.992404,13.94
-2.34808,0.933013,13.92
-2.21505,0.821394,13.9
-2.16506,0.75,13.88
-2.05344,0.616978,13.86
-1.90306,0.530154,13.84
-1.73205,0.5,13.82
-1.64523,0.492404,13.8
-1.48205,0.433013,13.78
-1.34903,0.321394,13.76
-1.29904,0.25,13.74
-1.29904,0.25,13.72
-1.29904,0.25,13.7
-1.29904,0.25,13.68
-1.29904,0.25,13.66
-1.29904,0.25,13.64
-1.29904,0.25,13.62
-1.29904,0.25,13.6
-1.29904,0.25,13.58
-1.29904,0.25,13.56
-1.29904,0.25,13.54
-1.2622,0.17101,13.52
-1.23205,1.14442e-12,13.5
-1.2622,-0.17101,13.48
-1.29904,-0.25,13.46
-1.29904,-0.25,13.44
-1.29904,-0.25,13.42
-1.29904,-0.25,13.4
-1.29904,-0.25,13.38
-1.29904,-0.25,13.36
-1.29904,-0.25,13.34
-1.29904,-0.25,13.32
-1.29904,-0.25,13.3
-1.29904,-0.25,13.28
-1.29904,-0.25,13.26
-1.34903,-0.321394,13.24
-1.48205,-0.433013,13.22
-1.64523,-0.492404,13.2
-1.73205,-0.5,13.18
-1.73205,-0.5,13.16
-1.73205,-0.5,13.14
-1.73205,-0.5,13.12
-1.73205,-0.5,13.1
-1.73205,-0.5,13.08
-1.73205,-0.5,13.06
-1.73205,-0.5,13.04
-1.90306,-0.530154,13.02
-2.05344,-0.616978,13
-2.16506,-0.75,12.98
-2.16506,-0.75,12.96
-2.16506,-0.75,12.94
-2.16506,-0.75,12.92
-2.16506,-0.75,12.9
-2.10567,-0.586824,12.88
-2.10567,-0.413176,12.86
-2.16506,-0.25,12.84
-2.16506,-0.25,12.82
-2.16506,-0.25,12.8
-2.16506,-0.25,12.78
-2.16506,-0.25,12.76
-2.16506,-0.25,12.74
-2.16506,-0.25,12.72
-2.16506,-0.25,12.7
-2.2019,-0.17101,12.68
-2.23205,1.54105e-12,12.66
-2.2019,0.17101,12.64
-2.16506,0.25,12.62
-2.16506,0.25,12.6
-2.16506,0.25,12.58
-2.16506,0.25,12.56
-2.21505,0.178606,12.54
-2.34808,0.0669873,12.52
-2.51125,0.00759612,12.5
-2.59808,1.71663e-12,12.48
-2.59808,1.71663e-12,12.46
-2.59808,1.71663e-12,12.44
-2.59808,1.71663e-12,12.42
-2.59808,1.71663e-12,12.4
-2.59808,1.71663e-12,12.38
-2.59808,1.71663e-12,12.36
-2.59808,1.71663e-12,12.34
-2.76909,-0.0301537,12.32
-2.91947,-0.116978,12.3
-3.03109,-0.25,12.28
-3.03109,-0.25,12.26
-3.03109,-0.25,12.24
-3.03109,-0.25,12.22
-3.03109,-0.25,12.2
-3.03109,-0.25,12.18
-3.03109,-0.25,12.16
-3.03109,-0.25,12.14
-3.03109,-0.25,12.12
-3.03109,-0.25,12.1
-3.03109,-0.25,12.08
-3.03109,-0.25,12.06
-3.09048,-0.413176,12.04
-3.09048,-0.586824,12.02
-3.03109,-0.75,12
-3.03109,-0.75,11.98
-3.03109,-0.75,11.96
-3.03109,-0.75,11.94
-3.03109,-0.75,11.92
-3.03109,-0.75,11.9
-3.03109,-0.75,11.88
-3.03109,-0.75,11.86
-3.03109,-0.75,11.84
-3.03109,-0.75,11.82
-3.03109,-0.75,11.8
-3.03109,-0.75,11.78
-2.91947,-0.883022,11.76
-2.76909,-0.969846,11.74
-2.59808,-1,11.72
-2.51125,-1.0076,11.7
-2.34808,-1.06699,11.68
-2.21505,-1.17861,11.66
-2.16506,-1.25,11.64
-2.05344,-1.38302,11.62
-1.90306,-1.46985,11.6
-1.73205,-1.5,11.58
-1.73205,-1.5,11.56
-1.73205,-1.5,11.54
-1.73205,-1.5,11.52
-1.73205,-1.5,11.5
-1.90306,-1.53015,11.48
-2.05344,-1.61698,11.46
-2.16506,-1.75,11.44
-2.21505,-1.82139,11.42
-2.34808,-1.93301,11.4
-2.51125,-1.9924,11.38
-2.59808,-2,11.36
-2.59808,-2,11.34
-2.59808,-2,11.32
-2.59808,-2,11.3
-2.59808,-2,11.28
-2.59808,-2,11.26
-2.59808,-2,11.24
-2.59808,-2,11.22
-2.59808,-2,11.2
-2.59808,-2,11.18
-2.59808,-2,11.16
-2.6849,-1.9924,11.14
-2.84808,-1.93301,11.12
-2.9811,-1.82139,11.1
-3.03109,-1.75,11.08
-3.03109,-1.75,11.06
-3.03109,-1.75,11.04
-3.03109,-1.75,11.02
-3.03109,-1.75,11
-3.03109,-1.75,10.98
-3.03109,-1.75,10.96
-3.03109,-1.75,10.94
-3.03109,-1.75,10.92
-3.03109,-1.75,10.9
-3.03109,-1.75,10.88
-3.06792,-1.67101,10.86
-3.09808,-1.5,10.84
-3.06792,-1.32899,10.82
-3.03109,-1.25,10.8
-3.03109,-1.25,10.78
-3.03109,-1.25,10.76
-3.03109,-1.25,10.74
-3.03109,-1.25,10.72
-3.03109,-1.25,10.7
-3.03109,-1.25,10.68
-3.03109,-1.25,10.66
-3.03109,-1.25,10.64
-3.03109,-1.25,10.62
-3.03109,-1.25,10.6
-2.9811,-1.17861,10.58
-2.84808,-1.06699,10.56
-2.6849,-1.0076,10.54
-2.59808,-1,10.52
-2.59808,-1,10.5
-2.59808,-1,10.48
-2.59808,-1,10.46
-2.59808,-1,10.44
-2.59808,-1,10.42
-2.59808,-1,10.4
-2.59808,-1,10.38
-2.42707,-0.969846,10.36
-2.27668,-0.883022,10.34
-2.16506,-0.75,10.32
-2.16506,-0.75,10.3
-2.16506,-0.75,10.28
-2.16506,-0.75,10.26
-2.16506,-0.75,10.24
-2.22445,-0.913176,10.22
-2.22445,-1.08682,10.2
-2.16506,-1.25,10.18
-2.16506,-1.25,10.16
-2.16506,-1.25,10.14
-2.16506,-1.25,10.12
-2.16506,-1.25,10.1
-2.16506,-1.25,10.08
-2.16506,-1.25,10.06
-2.16506,-1.25,10.04
-2.12823,-1.32899,10.02
-2.09808,-1.5,10
-2.12823,-1.67101,9.98
-2.16506,-1.75,9.96
-2.16506,-1.75,9.94
-2.16506,-1.75,9.92
-2.16506,-1.75,9.9
-2.16506,-1.75,9.88
-2.16506,-1.75,9.86
-2.16506,-1.75,9.84
-2.16506,-1.75,9.82
-2.22445,-1.91318,9.8
-2.22445,-2.08682,9.78
-2.16506,-2.25,9.76
-2.16506,-2.25,9.74
-2.16506,-2.25,9.72
-2.16506,-2.25,9.7
-2.16506,-2.25,9.68
-2.16506,-2.25,9.66
-2.16506,-2.25,9.64
-2.16506,-2.25,9.62
-2.16506,-2.25,9.6
-2.16506,-2.25,9.58
-2.16506,-2.25,9.56
-2.16506,-2.25,9.54
-2.05344,-2.38302,9.52
-1.90306,-2.46985,9.5
-1.73205,-2.5,9.48
-1.73205,-2.5,9.46
-1.73205,-2.5,9.44
-1.73205,-2.5,9.42
-1.73205,-2.5,9.4
-1.73205,-2.5,9.38
-1.73205,-2.5,9.36
-1.73205,-2.5,9.34
-1.73205,-2.5,9.32
-1.73205,-2.5,9.3
-1.73205,-2.5,9.28
-1.73205,-2.5,9.26
-1.56104,-2.46985,9.24
-1.41066,-2.38302,9.22
-1.29904,-2.25,9.2
-1.24905,-2.17861,9.18
-1.11603,-2.06699,9.16
-0.952849,-2.0076,9.14
-0.866025,-2,9.12
-0.866025,-2,9.1
-0.866025,-2,9.08
-0.866025,-2,9.06
-0.952849,-1.9924,9.04
-1.11603,-1.93301,9.02
-1.24905,-1.82139,9
-1.29904,-1.75,8.98
-1.41066,-1.61698,8.96
-1.56104,-1.53015,8.94
-1.73205,-1.5,8.92
-1.73205,-1.5,8.9
-1.73205,-1.5,8.88
-1.73205,-1.5,8.86
-1.73205,-1.5,8.84
-1.56104,-1.46985,8.82
-1.41066,-1.38302,8.8
-1.29904,-1.25,8.78
-1.24905,-1.17861,8.76
-1.11603,-1.06699,8.74
-0.952849,-1.0076,8.72
-0.866025,-1,8.7
-0.866025,-1,8.68
-0.866025,-1,8.66
-0.866025,-1,8.64
-0.866025,-1,8.62
-0.866025,-1,8.6
-0.866025,-1,8.58
-0.866025,-1,8.56
-0.866025,-1,8.54
-0.866025,-1,8.52
-0.866025,-1,8.5
-0.779201,-1.0076,8.48
-0.616025,-1.06699,8.46
-0.483003,-1.17861,8.44
-0.433013,-1.25,8.42
-0.433013,-1.25,8.4
-0.433013,-1.25,8.38
-0.433013,-1.25,8.36
-0.433013,-1.25,8.34
-0.433013,-1.25,8.32
-0.433013,-1.25,8.3
-0.433013,-1.25,8.28
-0.433013,-1.25,8.26
-0.433013,-1.25,8.24
-0.433013,-1.25,8.22
-0.396179,-1.32899,8.2
-0.366025,-1.5,8.18
-0.396179,-1.67101,8.16
-0.433013,-1.75,8.14
-0.433013,-1.75,8.12
-0.433013,-1.75,8.1
-0.433013,-1.75,8.08
-0.433013,-1.75,8.06
-0.433013,-1.75,8.04
-0.433013,-1.75,8.02
-0.433013,-1.75,8
-0.492404,-1.91318,7.98
-0.492404,-2.08682,7.96
-0.433013,-2.25,7.94
-0.433013,-2.25,7.92
-0.433013,-2.25,7.9
-0.433013,-2.25,7.88
-0.433013,-2.25,7.86
-0.433013,-2.25,7.84
-0.433013,-2.25,7.82
-0.433013,-2.25,7.8
-0.396179,-2.32899,7.78
-0.366025,-2.5,7.76
-0.396179,-2.67101,7.74
-0.433013,-2.75,7.72
-0.433013,-2.75,7.7
-0.433013,-2.75,7.68
-0.433013,-2.75,7.66
-0.433013,-2.75,7.64
-0.433013,-2.75,7.62
-0.433013,-2.75,7.6
-0.433013,-2.75,7.58
-0.492404,-2.91318,7.56
-0.492404,-3.08682,7.54
-0.433013,-3.25,7.52
-0.433013,-3.25,7.5
-0.433013,-3.25,7.48
-0.433013,-3.25,7.46
-0.433013,-3.25,7.44
-0.433013,-3.25,7.42
-0.433013,-3.25,7.4
-0.433013,-3.25,7.38
-0.433013,-3.25,7.36
-0.433013,-3.25,7.34
-0.433013,-3.25,7.32
-0.433013,-3.25,7.3
-0.321394,-3.38302,7.28
-0.17101,-3.46985,7.26
-4.16354e-12,-3.5,7.24
-4.16354e-12,-3.5,7.22
-4.16354e-12,-3.5,7.2
-4.16354e-12,-3.5,7.18
-4.16354e-12,-3.5,7.16
-4.16354e-12,-3.5,7.14
-4.16354e-12,-3.5,7.12
-4.16354e-12,-3.5,7.1
-4.16354e-12,-3.5,7.08
-4.16354e-12,-3.5,7.06
-4.16354e-12,-3.5,7.04
-4.16354e-12,-3.5,7.02
0.17101,-3.46985,7
0.321394,-3.38302,6.98
0.433013,-3.25,6.96
0.433013,-3.25,6.94
0.433013,-3.25,6.92
0.433013,-3.25,6.9
0.433013,-3.25,6.88
0.433013,-3.25,6.86
0.433013,-3.25,6.84
0.433013,-3.25,6.82
0.433013,-3.25,6.8
0.433013,-3.25,6.78
0.433013,-3.25,6.76
0.433013,-3.25,6.74
0.492404,-3.08682,6.72
0.492404,-2.91318,6.7
0.433013,-2.75,6.68
0.396179,-2.67101,6.66
0.366025,-2.5,6.64
0.396179,-2.32899,6.62
0.433013,-2.25,6.6
0.492404,-2.08682,6.58
0.492404,-1.91318,6.56
0.433013,-1.75,6.54
0.396179,-1.67101,6.52
0.366025,-1.5,6.5
0.396179,-1.32899,6.48
0.433013,-1.25,6.46
0.433013,-1.25,6.44
0.433013,-1.25,6.42
0.433013,-1.25,6.4
0.433013,-1.25,6.38
0.433013,-1.25,6.36
0.433013,-1.25,6.34
0.433013,-1.25,6.32
0.433013,-1.25,6.3
0.433013,-1.25,6.28
0.433013,-1.25,6.26
0.483003,-1.17861,6.24
0.616025,-1.06699,6.22
0.779201,-1.0076,6.2
0.866025,-1,6.18
0.866025,-1,6.16
0.866025,-1,6.14
0.866025,-1,6.12
0.866025,-1,6.1
0.866025,-1,6.08
0.866025,-1,6.06
0.866025,-1,6.04
0.866025,-1,6.02
0.866025,-1,6
0.866025,-1,5.98
0.952849,-1.0076,5.96
1.11603,-1.06699,5.94
1.24905,-1.17861,5.92
1.29904,-1.25,5.9
1.29904,-1.25,5.88
1.29904,-1.25,5.86
1.29904,-1.25,5.84
1.29904,-1.25,5.82
1.29904,-1.25,5.8
1.29904,-1.25,5.78
1.29904,-1.25,5.76
1.41066,-1.38302,5.74
1.56104,-1.46985,5.72
1.73205,-1.5,5.7
1.73205,-1.5,5.68
1.73205,-1.5,5.66
1.73205,-1.5,5.64
1.73205,-1.5,5.62
1.56104,-1.53015,5.6
1.41066,-1.61698,5.58
1.29904,-1.75,5.56
1.29904,-1.75,5.54
1.29904,-1.75,5.52
1.29904,-1.75,5.5
1.29904,-1.75,5.48
1.29904,-1.75,5.46
1.29904,-1.75,5.44
1.29904,-1.75,5.42
1.24905,-1.82139,5.4
1.11603,-1.93301,5.38
0.952849,-1.9924,5.36
0.866025,-2,5.34
0.866025,-2,5.32
0.866025,-2,5.3
0.866025,-2,5.28
0.952849,-2.0076,5.26
1.11603,-2.06699,5.24
1.24905,-2.17861,5.22
1.29904,-2.25,5.2
1.29904,-2.25,5.18
1.29904,-2.25,5.16
1.29904,-2.25,5.14
1.29904,-2.25,5.12
1.29904,-2.25,5.1
1.29904,-2.25,5.08
1.29904,-2.25,5.06
1.41066,-2.38302,5.04
1.56104,-2.46985,5.02
1.73205,-2.5,5
1.73205,-2.5,4.98
1.73205,-2.5,4.96
1.73205,-2.5,4.94
1.73205,-2.5,4.92
1.73205,-2.5,4.9
1.73205,-2.5,4.88
1.73205,-2.5,4.86
1.73205,-2.5,4.84
1.73205,-2.5,4.82
1.73205,-2.5,4.8
1.73205,-2.5,4.78
1.90306,-2.46985,4.76
2.05344,-2.38302,4.74
2.16506,-2.25,4.72
2.16506,-2.25,4.7
2.16506,-2.25,4.68
2.16506,-2.25,4.66
2.16506,-2.25,4.64
2.16506,-2.25,4.62
2.16506,-2.25,4.6
2.16506,-2.25,4.58
2.16506,-2.25,4.56
2.16506,-2.25,4.54
2.16506,-2.25,4.52
2.16506,-2.25,4.5
2.22445,-2.08682,4.48
2.22445,-1.91318,4.46
2.16506,-1.75,4.44
2.12823,-1.67101,4.42
2.09808,-1.5,4.4
2.12823,-1.32899,4.38
2.16506,-1.25,4.36
2.22445,-1.08682,4.34
2.22445,-0.913176,4.32
2.16506,-0.75,4.3
2.16506,-0.75,4.28
2.16506,-0.75,4.26
2.16506,-0.75,4.24
2.16506,-0.75,4.22
2.27668,-0.883022,4.2
2.42707,-0.969846,4.18
2.59808,-1,4.16
2.6849,-1.0076,4.14
2.84808,-1.06699,4.12
2.9811,-1.17861,4.1
3.03109,-1.25,4.08
3.03109,-1.25,4.06
3.03109,-1.25,4.04
3.03109,-1.25,4.02
3.03109,-1.25,4
3.03109,-1.25,3.98
3.03109,-1.25,3.96
3.03109,-1.25,3.94
3.03109,-1.25,3.92
3.03109,-1.25,3.9
3.03109,-1.25,3.88
3.06792,-1.32899,3.86
3.09808,-1.5,3.84
3.06792,-1.67101,3.82
3.03109,-1.75,3.8
3.03109,-1.75,3.78
3.03109,-1.75,3.76
3.03109,-1.75,3.74
3.03109,-1.75,3.72
3.03109,-1.75,3.7
3.03109,-1.75,3.68
3.03109,-1.75,3.66
3.03109,-1.75,3.64
3.03109,-1.75,3.62
3.03109,-1.75,3.6
2.9811,-1.82139,3.58
2.84808,-1.93301,3.56
2.6849,-1.9924,3.54
2.59808,-2,3.52
2.59808,-2,3.5
2.59808,-2,3.48
2.59808,-2,3.46
2.59808,-2,3.44
2.59808,-2,3.42
2.59808,-2,3.4
2.59808,-2,3.38
2.59808,-2,3.36
2.59808,-2,3.34
2.59808,-2,3.32
2.51125,-1.9924,3.3
2.34808,-1.93301,3.28
2.21505,-1.82139,3.26
2.16506,-1.75,3.24
2.16506,-1.75,3.22
2.16506,-1.75,3.2
2.16506,-1.75,3.18
2.16506,-1.75,3.16
2.16506,-1.75,3.14
2.16506,-1.75,3.12
2.16506,-1.75,3.1
2.05344,-1.61698,3.08
1.90306,-1.53015,3.06
1.73205,-1.5,3.04
1.73205,-1.5,3.02
1.73205,-1.5,3
1.73205,-1.5,2.98
1.73205,-1.5,2.96
1.90306,-1.46985,2.94
2.05344,-1.38302,2.92
2.16506,-1.25,2.9
2.16506,-1.25,2.88
2.16506,-1.25,2.86
2.16506,-1.25,2.84
2.16506,-1.25,2.82
2.16506,-1.25,2.8
2.16506,-1.25,2.78
2.16506,-1.25,2.76
2.21505,-1.17861,2.74
2.34808,-1.06699,2.72
2.51125,-1.0076,2.7
2.59808,-1,2.68
2.59808,-1,2.66
2.59808,-1,2.64
2.59808,-1,2.62
2.59808,-1,2.6
2.59808,-1,2.58
2.59808,-1,2.56
2.59808,-1,2.54
2.76909,-0.969846,2.52
2.91947,-0.883022,2.5
3.03109,-0.75,2.48
3.03109,-0.75,2.46
3.03109,-0.75,2.44
3.03109,-0.75,2.42
3.03109,-0.75,2.4
3.03109,-0.75,2.38
3.03109,-0.75,2.36
3.03109,-0.75,2.34
3.03109,-0.75,2.32
3.03109,-0.75,2.3
3.03109,-0.75,2.28
3.03109,-0.75,2.26
3.09048,-0.586824,2.24
3.09048,-0.413176,2.22
3.03109,-0.25,2.2
3.03109,-0.25,2.18
3.03109,-0.25,2.16
3.03109,-0.25,2.14
3.03109,-0.25,2.12
3.03109,-0.25,2.1
3.03109,-0.25,2.08
3.03109,-0.25,2.06
3.03109,-0.25,2.04
3.03109,-0.25,2.02
3.03109,-0.25,2
3.03109,-0.25,1.98
2.91947,-0.116978,1.96
2.76909,-0.0301537,1.94
2.59808,-3.77653e-12,1.92
2.51125,0.00759612,1.9
2.34808,0.0669873,1.88
2.21505,0.178606,1.86
2.16506,0.25,1.84
2.16506,0.25,1.82
2.16506,0.25,1.8
2.16506,0.25,1.78
2.2019,0.17101,1.76
2.23205,-3.31103e-12,1.74
2.2019,-0.17101,1.72
2.16506,-0.25,1.7
2.10567,-0.413176,1.68
2.10567,-0.586824,1.66
2.16506,-0.75,1.64
2.16506,-0.75,1.62
2.16506,-0.75,1.6
2.16506,-0.75,1.58
2.16506,-0.75,1.56
2.05344,-0.616978,1.54
1.90306,-0.530154,1.52
1.73205,-0.5,1.5
1.64523,-0.492404,1.48
1.48205,-0.433013,1.46
1.34903,-0.321394,1.44
1.29904,-0.25,1.42
1.29904,-0.25,1.4
1.29904,-0.25,1.38
1.29904,-0.25,1.36
1.29904,-0.25,1.34
1.29904,-0.25,1.32
1.29904,-0.25,1.3
1.29904,-0.25,1.28
1.29904,-0.25,1.26
1.29904,-0.25,1.24
1.29904,-0.25,1.22
1.2622,-0.17101,1.2
1.23205,-2.12113e-12,1.18
1.2622,0.17101,1.16
1.29904,0.25,1.14
1.29904,0.25,1.12
1.29904,0.25,1.1
1.29904,0.25,1.08
1.29904,0.25,1.06
1.29904,0.25,1.04
1.29904,0.25,1.02
1.29904,0.25,1
1.29904,0.25,0.98
1.29904,0.25,0.96
1.29904,0.25,0.94
1.34903,0.321394,0.92
1.48205,0.433013,0.9
1.64523,0.492404,0.88
1.73205,0.5,0.86
1.73205,0.5,0.84
1.73205,0.5,0.82
1.73205,0.5,0.8
1.73205,0.5,0.78
1.73205,0.5,0.76
1.73205,0.5,0.74
1.73205,0.5,0.72
1.90306,0.530154,0.7
2.05344,0.616978,0.68
2.16506,0.75,0.66
2.16506,0.75,0.64
2.16506,0.75,0.62
2.16506,0.75,0.6
2.16506,0.75,0.58
2.16506,0.75,0.56
2.16506,0.75,0.54
2.16506,0.75,0.52
2.21505,0.821394,0.5
2.34808,0.933013,0.48
2.51125,0.992404,0.46
2.59808,1,0.44
2.59808,1,0.42
2.59808,1,0.4
2.59808,1,0.38
2.59808,1,0.36
2.59808,1,0.34
2.59808,1,0.32
2.59808,1,0.3
2.76909,1.03015,0.28
2.91947,1.11698,0.26
3.03109,1.25,0.24
3.03109,1.25,0.22
3.03109,1.25,0.2
3.03109,1.25,0.18
3.03109,1.25,0.16
3.03109,1.25,0.14
3.03109,1.25,0.12
3.03109,1.25,0.1
3.03109,1.25,0.08
3.03109,1.25,0.06
3.03109,1.25,0.04
3.03109,1.25,0.02
3.09048,1.41318,-4.12829e-14
3.09048,1.58682,-0.02
3.03109,1.75,-0.04
3.03109,1.75,-0.06
3.03109,1.75,-0.08
3.03109,1.75,-0.1
3.03109,1.75,-0.12
3.03109,1.75,-0.14
3.03109,1.75,-0.16
3.03109,1.75,-0.18
3.03109,1.75,-0.2
3.03109,1.75,-0.22
3.03109,1.75,-0.24
3.03109,1.75,-0.26
2.91947,1.88302,-0.28
2.76909,1.96985,-0.3
2.59808,2,-0.32
2.59808,2,-0.34
2.59808,2,-0.36
2.59808,2,-0.38
2.59808,2,-0.4
2.59808,2,-0.42
2.59808,2,-0.44
2.59808,2,-0.46
2.59808,2,-0.48
2.59808,2,-0.5
2.59808,2,-0.52
2.59808,2,-0.54
2.42707,1.96985,-0.56
2.27668,1.88302,-0.58
2.16506,1.75,-0.6
2.11507,1.67861,-0.62
1.98205,1.56699,-0.64
1.81887,1.5076,-0.66
1.73205,1.5,-0.68
1.56104,1.46985,-0.7
1.41066,1.38302,-0.72
1.29904,1.25,-0.74
1.24905,1.17861,-0.76
1.11603,1.06699,-0.78
0.952849,1.0076,-0.8
0.866025,1,-0.82
0.866025,1,-0.84
0.866025,1,-0.86
0.866025,1,-0.88
0.866025,1,-0.9
0.866025,1,-0.92
0.866025,1,-0.94
0.866025,1,-0.96
0.866025,1,-0.98
0.866025,1,-1
0.866025,1,-1.02
0.779201,1.0076,-1.04
0.616025,1.06699,-1.06
0.483003,1.17861,-1.08
0.433013,1.25,-1.1
0.433013,1.25,-1.12
0.433013,1.25,-1.14
0.433013,1.25,-1.16
0.433013,1.25,-1.18
0.433013,1.25,-1.2
0.433013,1.25,-1.22
0.433013,1.25,-1.24
0.433013,1.25,-1.26
0.433013,1.25,-1.28
0.433013,1.25,-1.3
0.396179,1.32899,-1.32
0.366025,1.5,-1.34
0.396179,1.67101,-1.36
0.433013,1.75,-1.38
0.433013,1.75,-1.4
0.433013,1.75,-1.42
0.433013,1.75,-1.44
0.433013,1.75,-1.46
0.433013,1.75,-1.48
0.433013,1.75,-1.5
0.433013,1.75,-1.52
0.492404,1.91318,-1.54
0.492404,2.08682,-1.56
0.433013,2.25,-1.58
0.433013,2.25,-1.6
0.433013,2.25,-1.62
0.433013,2.25,-1.64
0.433013,2.25,-1.66
0.544632,2.11698,-1.68
0.695015,2.03015,-1.7
0.866025,2,-1.72
0.866025,2,-1.74
0.866025,2,-1.76
0.866025,2,-1.78
0.866025,2,-1.8
0.866025,2,-1.82
0.866025,2,-1.84
0.866025,2,-1.86
0.952849,1.9924,-1.88
1.11603,1.93301,-1.9
1.24905,1.82139,-1.92
1.29904,1.75,-1.94
1.29904,1.75,-1.96
1.29904,1.75,-1.98
1.29904,1.75,-2
1.2622,1.82899,-2.02
1.23205,2,-2.04
1.2622,2.17101,-2.06
1.29904,2.25,-2.08
1.29904,2.25,-2.1
1.29904,2.25,-2.12
1.29904,2.25,-2.14
1.29904,2.25,-2.16
1.29904,2.25,-2.18
1.29904,2.25,-2.2
1.29904,2.25,-2.22
1.35843,2.41318,-2.24
1.35843,2.58682,-2.26
1.29904,2.75,-2.28
1.29904,2.75,-2.3
1.29904,2.75,-2.32
1.29904,2.75,-2.34
1.29904,2.75,-2.36
1.29904,2.75,-2.38
1.29904,2.75,-2.4
1.29904,2.75,-2.42
1.29904,2.75,-2.44
1.29904,2.75,-2.46
1.29904,2.75,-2.48
1.29904,2.75,-2.5
1.18742,2.88302,-2.52
1.03704,2.96985,-2.54
0.866025,3,-2.56
0.866025,3,-2.58
0.866025,3,-2.6
0.866025,3,-2.62
0.866025,3,-2.64
0.866025,3,-2.66
0.866025,3,-2.68
0.866025,3,-2.7
0.866025,3,-2.72
0.866025,3,-2.74
0.866025,3,-2.76
0.866025,3,-2.78
0.695015,2.96985,-2.8
0.544632,2.88302,-2.82
0.433013,2.75,-2.84
0.383022,2.67861,-2.86
0.25,2.56699,-2.88
0.0868241,2.5076,-2.9
5.94727e-13,2.5,-2.92
-0.17101,2.46985,-2.94
-0.321394,2.38302,-2.96
-0.433013,2.25,-2.98
-0.433013,2.25,-3
-0.433013,2.25,-3.02
-0.433013,2.25,-3.04
-0.433013,2.25,-3.06
-0.373622,2.41318,-3.08
-0.373622,2.58682,-3.1
-0.433013,2.75,-3.12
-0.469846,2.82899,-3.14
-0.5,3,-3.16
-0.469846,3.17101,-3.18
-0.433013,3.25,-3.2
-0.433013,3.25,-3.22
-0.433013,3.25,-3.24
-0.433013,3.25,-3.26
-0.433013,3.25,-3.28
-0.433013,3.25,-3.3
-0.433013,3.25,-3.32
-0.433013,3.25,-3.34
-0.433013,3.25,-3.36
-0.433013,3.25,-3.38
-0.433013,3.25,-3.4
-0.383022,3.32139,-3.42
-0.25,3.43301,-3.44
-0.0868241,3.4924,-3.46
1.38822e-12,3.5,-3.48
1.38822e-12,3.5,-3.5
1.38822e-12,3.5,-3.52
1.38822e-12,3.5,-3.54
1.38822e-12,3.5,-3.56
1.38822e-12,3.5,-3.58
1.38822e-12,3.5,-3.6
1.38822e-12,3.5,-3.62
1.38822e-12,3.5,-3.64
1.38822e-12,3.5,-3.66
1.38822e-12,3.5,-3.68
0.0868241,3.4924,-3.7
0.25,3.43301,-3.72
0.383022,3.32139,-3.74
0.433013,3.25,-3.76
0.433013,3.25,-3.78
0.433013,3.25,-3.8
0.433013,3.25,-3.82
0.433013,3.25,-3.84
0.433013,3.25,-3.86
0.433013,3.25,-3.88
0.433013,3.25,-3.9
0.433013,3.25,-3.92
0.433013,3.25,-3.94
0.433013,3.25,-3.96
0.469846,3.17101,-3.98
0.5,3,-4
0.469846,2.82899,-4.02
0.433013,2.75,-4.04
0.433013,2.75,-4.06
0.433013,2.75,-4.08
0.433013,2.75,-4.1
0.433013,2.75,-4.12
0.433013,2.75,-4.14
0.433013,2.75,-4.16
0.433013,2.75,-4.18
0.373622,2.58682,-4.2
0.373622,2.41318,-4.22
0.433013,2.25,-4.24
0.433013,2.25,-4.26
0.433013,2.25,-4.28
0.433013,2.25,-4.3
0.433013,2.25,-4.32
0.321394,2.38302,-4.34
0.17101,2.46985,-4.36
1.78463e-12,2.5,-4.38
9.91582e-13,2.5,-4.4
9.91582e-13,2.5,-4.42
9.91582e-13,2.5,-4.44
9.91582e-13,2.5,-4.46
9.91582e-13,2.5,-4.48
9.91582e-13,2.5,-4.5
9.91582e-13,2.5,-4.52
-0.0868241,2.5076,-4.54
-0.25,2.56699,-4.56
-0.383022,2.67861,-4.58
-0.433013,2.75,-4.6
-0.433013,2.75,-4.62
-0.433013,2.75,-4.64
-0.433013,2.75,-4.66
-0.433013,2.75,-4.68
-0.433013,2.75,-4.7
-0.433013,2.75,-4.72
-0.433013,2.75,-4.74
-0.544632,2.88302,-4.76
-0.695015,2.96985,-4.78
-0.866025,3,-4.8
-0.866025,3,-4.82
-0.866025,3,-4.84
-0.866025,3,-4.86
-0.866025,3,-4.88
-0.866025,3,-4.9
-0.866025,3,-4.92
-0.866025,3,-4.94
-0.866025,3,-4.96
-0.866025,3,-4.98
-0.866025,3,-5
-0.866025,3,-5.02
-1.03704,2.96985,-5.04
-1.18742,2.88302,-5.06
-1.29904,2.75,-5.08
-1.29904,2.75,-5.1
-1.29904,2.75,-5.12
-1.29904,2.75,-5.14
-1.29904,2.75,-5.16
-1.29904,2.75,-5.18
-1.29904,2.75,-5.2
-1.29904,2.75,-5.22
-1.29904,2.75,-5.24
-1.29904,2.75,-5.26
-1.29904,2.75,-5.28
-1.29904,2.75,-5.3
-1.35843,2.58682,-5.32
-1.35843,2.41318,-5.34
-1.29904,2.25,-5.36
-1.2622,2.17101,-5.38
-1.23205,2,-5.4
-1.2622,1.82899,-5.42
-1.29904,1.75,-5.44
-1.29904,1.75,-5.46
-1.29904,1.75,-5.48
-1.29904,1.75,-5.5
-1.24905,1.82139,-5.52
-1.11603,1.93301,-5.54
-0.952849,1.9924,-5.56
-0.866025,2,-5.58
-0.695015,2.03015,-5.6
-0.544632,2.11698,-5.62
-0.433013,2.25,-5.64
-0.433013,2.25,-5.66
-0.433013,2.25,-5.68
-0.433013,2.25,-5.7
-0.433013,2.25,-5.72
-0.492404,2.08682,-5.74
-0.492404,1.91318,-5.76
-0.433013,1.75,-5.78
-0.396179,1.67101,-5.8
-0.366025,1.5,-5.82
-0.396179,1.32899,-5.84
-0.433013,1.25,-5.86
-0.433013,1.25,-5.88
-0.433013,1.25,-5.9
-0.433013,1.25,-5.92
-0.433013,1.25,-5.94
-0.433013,1.25,-5.96
-0.433013,1.25,-5.98
-0.433013,1.25,-6
-0.433013,1.25,-6.02
-0.433013,1.25,-6.04
-0.433013,1.25,-6.06
-0.483003,1.17861,-6.08
-0.616025,1.06699,-6.1
-0.779201,1.0076,-6.12
-0.866025,1,-6.14
-0.866025,1,-6.16
-0.866025,1,-6.18
-0.866025,1,-6.2
-0.866025,1,-6.22
-0.866025,1,-6.24
-0.866025,1,-6.26
-0.866025,1,-6.28
-0.866025,1,-6.3
-0.866025,1,-6.32
-0.866025,1,-6.34
-0.952849,1.0076,-6.36
-1.11603,1.06699,-6.38
-1.24905,1.17861,-6.4
-1.29904,1.25,-6.42
-1.29904,1.25,-6.44
-1.29904,1.25,-6.46
-1.29904,1.25,-6.48
-1.29904,1.25,-6.5
-1.29904,1.25,-6.52
-1.29904,1.25,-6.54
-1.29904,1.25,-6.56
-1.41066,1.38302,-6.58
-1.56104,1.46985,-6.6
-1.73205,1.5,-6.62
-1.73205,1.5,-6.64
-1.73205,1.5,-6.66
-1.73205,1.5,-6.68
-1.73205,1.5,-6.7
-1.73205,1.5,-6.72
-1.73205,1.5,-6.74
-1.73205,1.5,-6.76
-1.81887,1.5076,-6.78
-1.98205,1.56699,-6.8
-2.11507,1.67861,-6.82
-2.16506,1.75,-6.84
-2.16506,1.75,-6.86
-2.16506,1.75,-6.88
-2.16506,1.75,-6.9
-2.16506,1.75,-6.92
-2.16506,1.75,-6.94
-2.16506,1.75,-6.96
-2.16506,1.75,-6.98
-2.27668,1.88302,-7
-2.42707,1.96985,-7.02
-2.59808,2,-7.04
-2.59808,2,-7.06
-2.59808,2,-7.08
-2.59808,2,-7.1
-2.59808,2,-7.12
-2.59808,2,-7.14
-2.59808,2,-7.16
-2.59808,2,-7.18
-2.59808,2,-7.2
-2.59808,2,-7.22
-2.59808,2,-7.24
-2.59808,2,-7.26
-2.76909,1.96985,-7.28
-2.91947,1.88302,-7.3
-3.03109,1.75,-7.32
-3.03109,1.75,-7.34
-3.03109,1.75,-7.36
-3.03109,1.75,-7.38
-3.03109,1.75,-7.4
-3.03109,1.75,-7.42
-3.03109,1.75,-7.44
-3.03109,1.75,-7.46
-3.03109,1.75,-7.48
-3.03109,1.75,-7.5
-3.03109,1.75,-7.52
-3.03109,1.75,-7.54
-3.09048,1.58682,-7.56
-3.09048,1.41318,-7.58
-3.03109,1.25,-7.6
-3.03109,1.25,-7.62
-3.03109,1.25,-7.64
-3.03109,1.25,-7.66
-3.03109,1.25,-7.68
-3.03109,1.25,-7.7
-3.03109,1.25,-7.72
-3.03109,1.25,-7.74
-3.03109,1.25,-7.76
-3.03109,1.25,-7.78
-3.03109,1.25,-7.8
-3.03109,1.25,-7.82
-2.91947,1.11698,-7.84
-2.76909,1.03015,-7.86
-2.59808,1,-7.88
-2.51125,0.992404,-7.9
-2.34808,0.933013,-7.92
-2.21505,0.821394,-7.94
-2.16506,0.75,-7.96
-2.05344,0.616978,-7.98
-1.90306,0.530154,-8
-1.73205,0.5,-8.02
-1.64523,0.492404,-8.04
-1.48205,0.433013,-8.06
-1.34903,0.321394,-8.08
-1.29904,0.25,-8.1
-1.29904,0.25,-8.12
-1.29904,0.25,-8.14
-1.29904,0.25,-8.16
-1.29904,0.25,-8.18
-1.29904,0.25,-8.2
-1.29904,0.25,-8.22
-1.29904,0.25,-8.24
-1.29904,0.25,-8.26
-1.29904,0.25,-8.28
-1.29904,0.25,-8.3
-1.2622,0.17101,-8.32
-1.23205,1.14442e-12,-8.34
-1.2622,-0.17101,-8.36
-1.29904,-0.25,-8.38
-1.29904,-0.25,-8.4
-1.29904,-0.25,-8.42
-1.29904,-0.25,-8.44
-1.29904,-0.25,-8.46
-1.29904,-0.25,-8.48
-1.29904,-0.25,-8.5
-1.29904,-0.25,-8.52
-1.29904,-0.25,-8.54
-1.29904,-0.25,-8.56
-1.29904,-0.25,-8.58
-1.34903,-0.321394,-8.6
-1.48205,-0.433013,-8.62
-1.64523,-0.492404,-8.64
-1.73205,-0.5,-8.66
-1.73205,-0.5,-8.68
-1.73205,-0.5,-8.7
-1.73205,-0.5,-8.72
-1.73205,-0.5,-8.74
-1.73205,-0.5,-8.76
-1.73205,-0.5,-8.78
-1.73205,-0.5,-8.8
-1.90306,-0.530154,-8.82
-2.05344,-0.616978,-8.84
-2.16506,-0.75,-8.86
-2.16506,-0.75,-8.88
-2.16506,-0.75,-8.9
-2.16506,-0.75,-8.92
-2.16506,-0.75,-8.94
-2.10567,-0.586824,-8.96
-2.10567,-0.413176,-8.98
-2.16506,-0.25,-9
-2.16506,-0.25,-9.02
-2.16506,-0.25,-9.04
-2.16506,-0.25,-9.06
-2.16506,-0.25,-9.08
-2.16506,-0.25,-9.1
-2.16506,-0.25,-9.12
-2.16506,-0.25,-9.14
-2.2019,-0.17101,-9.16
-2.23205,1.54105e-12,-9.18
-2.2019,0.17101,-9.2
-2.16506,0.25,-9.22
-2.16506,0.25,-9.24
-2.16506,0.25,-9.26
-2.16506,0.25,-9.28
-2.21505,0.178606,-9.3
-2.34808,0.0669873,-9.32
-2.51125,0.00759612,-9.34
-2.59808,1.71663e-12,-9.36
-2.59808,1.71663e-12,-9.38
-2.59808,1.71663e-12,-9.4
-2.59808,1.71663e-12,-9.42
-2.59808,1.71663e-12,-9.44
-2.59808,1.71663e-12,-9.46
-2.59808,1.71663e-12,-9.48
-2.59808,1.71663e-12,-9.5
-2.76909,-0.0301537,-9.52
-2.91947,-0.116978,-9.54
-3.03109,-0.25,-9.56
-3.03109,-0.25,-9.58
-3.03109,-0.25,-9.6
-3.03109,-0.25,-9.62
-3.03109,-0.25,-9.64
-3.03109,-0.25,-9.66
-3.03109,-0.25,-9.68
-3.03109,-0.25,-9.7
-3.03109,-0.25,-9.72
-3.03109,-0.25,-9.74
-3.03109,-0.25,-9.76
-3.03109,-0.25,-9.78
-3.09048,-0.413176,-9.8
-3.09048,-0.586824,-9.82
-3.03109,-0.75,-9.84
-3.03109,-0.75,-9.86
-3.03109,-0.75,-9.88
-3.03109,-0.75,-9.9
-3.03109,-0.75,-9.92
-3.03109,-0.75,-9.94
-3.03109,-0.75,-9.96
-3.03109,-0.75,-9.98
-3.03109,-0.75,-10
-3.03109,-0.75,-10.02
-3.03109,-0.75,-10.04
-3.03109,-0.75,-10.06
-2.91947,-0.883022,-10.08
-2.76909,-0.969846,-10.1
-2.59808,-1,-10.12
-2.51125,-1.0076,-10.14
-2.34808,-1.06699,-10.16
-2.21505,-1.17861,-10.18
-2.16506,-1.25,-10.2
-2.05344,-1.38302,-10.22
-1.90306,-1.46985,-10.24
-1.73205,-1.5,-10.26
-1.73205,-1.5,-10.28
-1.73205,-1.5,-10.3
-1.73205,-1.5,-10.32
-1.73205,-1.5,-10.34
-1.90306,-1.53015,-10.36
-2.05344,-1.61698,-10.38
-2.16506,-1.75,-10.4
-2.21505,-1.82139,-10.42
-2.34808,-1.93301,-10.44
-2.51125,-1.9924,-10.46
-2.59808,-2,-10.48
-2.59808,-2,-10.5
-2.59808,-2,-10.52
-2.59808,-2,-10.54
-2.59808,-2,-10.56
-2.59808,-2,-10.58
-2.59808,-2,-10.6
-2.59808,-2,-10.62
-2.59808,-2,-10.64
-2.59808,-2,-10.66
-2.59808,-2,-10.68
-2.6849,-1.9924,-10.7
-2.84808,-1.93301,-10.72
-2.9811,-1.82139,-10.74
-3.03109,-1.75,-10.76
-3.03109,-1.75,-10.78
-3.03109,-1.75,-10.8
-3.03109,-1.75,-10.82
-3.03109,-1.75,-10.84
-3.03109,-1.75,-10.86
-3.03109,-1.75,-10.88
-3.03109,-1.75,-10.9
-3.03109,-1.75,-10.92
-3.03109,-1.75,-10.94
-3.03109,-1.75,-10.96
-3.06792,-1.67101,-10.98
-3.09808,-1.5,-11
-3.06792,-1.32899,-11.02
-3.03109,-1.25,-11.04
-3.03109,-1.25,-11.06
-3.03109,-1.25,-11.08
-3.03109,-1.25,-11.1
-3.03109,-1.25,-11.12
-3.03109,-1.25,-11.14
-3.03109,-1.25,-11.16
-3.03109,-1.25,-11.18
-3.03109,-1.25,-11.2
-3.03109,-1.25,-11.22
-3.03109,-1.25,-11.24
-2.9811,-1.17861,-11.26
-2.84808,-1.06699,-11.28
-2.6849,-1.0076,-11.3
-2.59808,-1,-11.32
-2.59808,-1,-11.34
-2.59808,-1,-11.36
-2.59808,-1,-11.38
-2.59808,-1,-11.4
-2.59808,-1,-11.42
-2.59808,-1,-11.44
-2.59808,-1,-11.46
-2.42707,-0.969846,-11.48
-2.27668,-0.883022,-11.5
-2.16506,-0.75,-11.52
-2.16506,-0.75,-11.54
-2.16506,-0.75,-11.56
-2.16506,-0.75,-11.58
-2.16506,-0.75,-11.6
-2.22445,-0.913176,-11.62
-2.22445,-1.08682,-11.64
-2.16506,-1.25,-11.66
-2.16506,-1.25,-11.68
-2.16506,-1.25,-11.7
-2.16506,-1.25,-11.72
-2.16506,-1.25,-11.74
-2.16506,-1.25,-11.76
-2.16506,-1.25,-11.78
-2.16506,-1.25,-11.8
-2.12823,-1.32899,-11.82
-2.09808,-1.5,-11.84
-2.12823,-1.67101,-11.86
-2.16506,-1.75,-11.88
-2.16506,-1.75,-11.9
-2.16506,-1.75,-11.92
-2.16506,-1.75,-11.94
-2.16506,-1.75,-11.96
-2.16506,-1.75,-11.98
-2.16506,-1.75,-12
-2.16506,-1.75,-12.02
-2.22445,-1.91318,-12.04
-2.22445,-2.08682,-12.06
-2.16506,-2.25,-12.08
-2.16506,-2.25,-12.1
-2.16506,-2.25,-12.12
-2.16506,-2.25,-12.14
-2.16506,-2.25,-12.16
-2.16506,-2.25,-12.18
-2.16506,-2.25,-12.2
-2.16506,-2.25,-12.22
-2.16506,-2.25,-12.24
-2.16506,-2.25,-12.26
-2.16506,-2.25,-12.28
-2.16506,-2.25,-12.3
-2.05344,-2.38302,-12.32
-1.90306,-2.46985,-12.34
-1.73205,-2.5,-12.36
-1.73205,-2.5,-12.38
-1.73205,-2.5,-12.4
-1.73205,-2.5,-12.42
-1.73205,-2.5,-12.44
-1.73205,-2.5,-12.46
-1.73205,-2.5,-12.48
-1.73205,-2.5,-12.5
-1.73205,-2.5,-12.52
-1.73205,-2.5,-12.54
-1.73205,-2.5,-12.56
-1.73205,-2.5,-12.58
-1.56104,-2.46985,-12.6
-1.41066,-2.38302,-12.62
-1.29904,-2.25,-12.64
-1.24905,-2.17861,-12.66
-1.11603,-2.06699,-12.68
-0.952849,-2.0076,-12.7
-0.866025,-2,-12.72
-0.866025,-2,-12.74
-0.866025,-2,-12.76
-0.866025,-2,-12.78
-0.952849,-1.9924,-12.8
-1.11603,-1.93301,-12.82
-1.24905,-1.82139,-12.84
-1.29904,-1.75,-12.86
-1.41066,-1.61698,-12.88
-1.56104,-1.53015,-12.9
-1.73205,-1.5,-12.92
-1.73205,-1.5,-12.94
-1.73205,-1.5,-12.96
-1.73205,-1.5,-12.98
-1.73205,-1.5,-13
-1.56104,-1.46985,-13.02
-1.41066,-1.38302,-13.04
-1.29904,-1.25,-13.06
-1.24905,-1.17861,-13.08
-1.11603,-1.06699,-13.1
-0.952849,-1.0076,-13.12
-0.866025,-1,-13.14
-0.866025,-1,-13.16
-0.866025,-1,-13.18
-0.866025,-1,-13.2
-0.866025,-1,-13.22
-0.866025,-1,-13.24
-0.866025,-1,-13.26
-0.866025,-1,-13.28
-0.866025,-1,-13.3
-0.866025,-1,-13.32
-0.866025,-1,-13.34
-0.779201,-1.0076,-13.36
-0.616025,-1.06699,-13.38
-0.483003,-1.17861,-13.4
-0.433013,-1.25,-13.42
-0.433013,-1.25,-13.44
-0.433013,-1.25,-13.46
-0.433013,-1.25,-13.48
-0.433013,-1.25,-13.5
-0.433013,-1.25,-13.52
-0.433013,-1.25,-13.54
-0.433013,-1.25,-13.56
-0.433013,-1.25,-13.58
-0.433013,-1.25,-13.6
-0.433013,-1.25,-13.62
-0.396179,-1.32899,-13.64
-0.366025,-1.5,-13.66
-0.396179,-1.67101,-13.68
-0.433013,-1.75,-13.7
-0.433013,-1.75,-13.72
-0.433013,-1.75,-13.74
-0.433013,-1.75,-13.76
-0.433013,-1.75,-13.78
-0.433013,-1.75,-13.8
-0.433013,-1.75,-13.82
-0.433013,-1.75,-13.84
-0.492404,-1.91318,-13.86
-0.492404,-2.08682,-13.88
-0.433013,-2.25,-13.9
-0.433013,-2.25,-13.92
-0.433013,-2.25,-13.94
-0.433013,-2.25,-13.96
-0.433013,-2.25,-13.98
-0.433013,-2.25,-14
-0.433013,-2.25,-14.02
-0.433013,-2.25,-14.04
-0.396179,-2.32899,-14.06
-0.366025,-2.5,-14.08
-0.396179,-2.67101,-14.1
-0.433013,-2.75,-14.12
-0.433013,-2.75,-14.14
-0.433013,-2.75,-14.16
-0.433013,-2.75,-14.18
-0.433013,-2.75,-14.2
-0.433013,-2.75,-14.22
-0.433013,-2.75,-14.24
-0.433013,-2.75,-14.26
-0.492404,-2.91318,-14.28
-0.492404,-3.08682,-14.3
-0.433013,-3.25,-14.32
-0.433013,-3.25,-14.34
-0.433013,-3.25,-14.36
-0.433013,-3.25,-14.38
-0.433013,-3.25,-14.4
-0.433013,-3.25,-14.42
-0.433013,-3.25,-14.44
-0.433013,-3.25,-14.46
-0.433013,-3.25,-14.48
-0.433013,-3.25,-14.5
-0.433013,-3.25,-14.52
-0.433013,-3.25,-14.54
-0.321394,-3.38302,-14.56
-0.17101,-3.46985,-14.58
-4.16354e-12,-3.5,-14.6
-4.16354e-12,-3.5,-14.62
-4.16354e-12,-3.5,-14.64
-4.16354e-12,-3.5,-14.66
-4.16354e-12,-3.5,-14.68
-4.16354e-12,-3.5,-14.7
-4.16354e-12,-3.5,-14.72
-4.16354e-12,-3.5,-14.74
-4.16354e-12,-3.5,-14.76
-4.16354e-12,-3.5,-14.78
-4.16354e-12,-3.5,-14.8
-4.16354e-12,-3.5,-14.82
0.17101,-3.46985,-14.84
0.321394,-3.38302,-14.86
0.433013,-3.25,-14.88
0.433013,-3.25,-14.9
0.433013,-3.25,-14.92
0.433013,-3.25,-14.94
0.433013,-3.25,-14.96
0.433013,-3.25,-14.98
