0.433013,1.25,14.98
0.433013,1.25,14.96
0.433013,1.25,14.94
0.396179,1.32899,14.92
0.366025,1.5,14.9
0.396179,1.67101,14.88
0.433013,1.75,14.86
0.433013,1.75,14.84
0.433013,1.75,14.82
0.433013,1.75,14.8
0.433013,1.75,14.78
0.433013,1.75,14.76
0.433013,1.75,14.74
0.433013,1.75,14.72
0.492404,1.91318,14.7
0.492404,2.08682,14.68
0.433013,2.25,14.66
0.433013,2.25,14.64
0.433013,2.25,14.62
0.433013,2.25,14.6
0.433013,2.25,14.58
0.544632,2.11698,14.56
0.695015,2.03015,14.54
0.866025,2,14.52
0.866025,2,14.5
0.866025,2,14.48
0.866025,2,14.46
0.866025,2,14.44
0.866025,2,14.42
0.866025,2,14.4
0.866025,2,14.38
0.952849,1.9924,14.36
1.11603,1.93301,14.34
1.24905,1.82139,14.32
1.29904,1.75,14.3
1.29904,1.75,14.28
1.29904,1.75,14.26
1.29904,1.75,14.24
1.2622,1.82899,14.22
1.23205,2,14.2
1.2622,2.17101,14.18
1.29904,2.25,14.16
1.29904,2.25,14.14
1.29904,2.25,14.12
1.29904,2.25,14.1
1.29904,2.25,14.08
1.29904,2.25,14.06
1.29904,2.25,14.04
1.29904,2.25,14.02
1.35843,2.41318,14
1.35843,2.58682,13.98
1.29904,2.75,13.96
1.29904,2.75,13.94
1.29904,2.75,13.92
1.29904,2.75,13.9
1.29904,2.75,13.88
1.29904,2.75,13.86
1.29904,2.75,13.84
1.29904,2.75,13.82
1.29904,2.75,13.8
1.29904,2.75,13.78
1.29904,2.75,13.76
1.29904,2.75,13.74
1.18742,2.88302,13.72
1.03704,2.96985,13.7
0.866025,3,13.68
0.866025,3,13.66
0.866025,3,13.64
0.866025,3,13.62
0.866025,3,13.6
0.866025,3,13.58
0.866025,3,13.56
0.866025,3,13.54
0.866025,3,13.52
0.866025,3,13.5
0.866025,3,13.48
0.866025,3,13.46
0.695015,2.96985,13.44
0.544632,2.88302,13.42
0.433013,2.75,13.4
0.383022,2.67861,13.38
0.25,2.56699,13.36
0.0868241,2.5076,13.34
5.94727e-13,2.5,13.32
-0.17101,2.46985,13.3
-0.321394,2.38302,13.28
-0.433013,2.25,13.26
-0.433013,2.25,13.24
-0.433013,2.25,13.22
-0.433013,2.25,13.2
-0.433013,2.25,13.18
-0.373622,2.41318,13.16
-0.373622,2.58682,13.14
-0.433013,2.75,13.12
-0.469846,2.82899,13.1
-0.5,3,13.08
-0.469846,3.17101,13.06
-0.433013,3.25,13.04
-0.433013,3.25,13.02
-0.433013,3.25,13
-0.433013,3.25,12.98
-0.433013,3.25,12.96
-0.433013,3.25,12.94
-0.433013,3.25,12.92
-0.433013,3.25,12.9
-0.433013,3.25,12.88
-0.433013,3.25,12.86
-0.433013,3.25,12.84
-0.383022,3.32139,12.82
-0.25,3.43301,12.8
-0.0868241,3.4924,12.78
1.38822e-12,3.5,12.76
1.38822e-12,3.5,12.74
1.38822e-12,3.5,12.72
1.38822e-12,3.5,12.7
1.38822e-12,3.5,12.68
1.38822e-12,3.5,12.66
1.38822e-12,3.5,12.64
1.38822e-12,3.5,12.62
1.38822e-12,3.5,12.6
1.38822e-12,3.5,12.58
1.38822e-12,3.5,12.56
0.0868241,3.4924,12.54
0.25,3.43301,12.52
0.383022,3.32139,12.5
0.433013,3.25,12.48
0.433013,3.25,12.46
0.433013,3.25,12.44
0.433013,3.25,12.42
0.433013,3.25,12.4
0.433013,3.25,12.38
0.433013,3.25,12.36
0.433013,3.25,12.34
0.433013,3.25,12.32
0.433013,3.25,12.3
0.433013,3.25,12.28
0.469846,3.17101,12.26
0.5,3,12.24
0.469846,2.82899,12.22
0.433013,2.75,12.2
0.433013,2.75,12.18
0.433013,2.75,12.16
0.433013,2.75,12.14
0.433013,2.75,12.12
0.433013,2.75,12.1
0.433013,2.75,12.08
0.433013,2.75,12.06
0.373622,2.58682,12.04
0.373622,2.41318,12.02
0.433013,2.25,12
0.433013,2.25,11.98
0.433013,2.25,11.96
0.433013,2.25,11.94
0.433013,2.25,11.92
0.321394,2.38302,11.9
0.17101,2.46985,11.88
1.78463e-12,2.5,11.86
9.91582e-13,2.5,11.84
9.91582e-13,2.5,11.82
9.91582e-13,2.5,11.8
9.91582e-13,2.5,11.78
9.91582e-13,2.5,11.76
9.91582e-13,2.5,11.74
9.91582e-13,2.5,11.72
-0.0868241,2.5076,11.7
-0.25,2.56699,11.68
-0.383022,2.67861,11.66
-0.433013,2.75,11.64
-0.433013,2.75,11.62
-0.433013,2.75,11.6
-0.433013,2.75,11.58
-0.433013,2.75,11.56
-0.433013,2.75,11.54
-0.433013,2.75,11.52
-0.433013,2.75,11.5
-0.544632,2.88302,11.48
-0.695015,2.96985,11.46
-0.866025,3,11.44
-0.866025,3,11.42
-0.866025,3,11.4
-0.866025,3,11.38
-0.866025,3,11.36
-0.866025,3,11.34
-0.866025,3,11.32
-0.866025,3,11.3
-0.866025,3,11.28
-0.866025,3,11.26
-0.866025,3,11.24
-0.866025,3,11.22
-1.03704,2.96985,11.2
-1.18742,2.88302,11.18
-1.29904,2.75,11.16
-1.29904,2.75,11.14
-1.29904,2.75,11.12
-1.29904,2.75,11.1
-1.29904,2.75,11.08
-1.29904,2.75,11.06
-1.29904,2.75,11.04
-1.29904,2.75,11.02
-1.29904,2.75,11
-1.29904,2.75,10.98
-1.29904,2.75,10.96
-1.29904,2.75,10.94
-1.35843,2.58682,10.92
-1.35843,2.41318,10.9
-1.29904,2.25,10.88
-1.2622,2.17101,10.86
-1.23205,2,10.84
-1.2622,1.82899,10.82
-1.29904,1.75,10.8
-1.29904,1.75,10.78
-1.29904,1.75,10.76
-1.29904,1.75,10.74
-1.24905,1.82139,10.72
-1.11603,1.93301,10.7
-0.952849,1.9924,10.68
-0.866025,2,10.66
-0.695015,2.03015,10.64
-0.544632,2.11698,10.62
-0.433013,2.25,10.6
-0.433013,2.25,10.58
-0.433013,2.25,10.56
-0.433013,2.25,10.54
-0.433013,2.25,10.52
-0.492404,2.08682,10.5
-0.492404,1.91318,10.48
-0.433013,1.75,10.46
-0.396179,1.67101,10.44
-0.366025,1.5,10.42
-0.396179,1.32899,10.4
-0.433013,1.25,10.38
-0.433013,1.25,10.36
-0.433013,1.25,10.34
-0.433013,1.25,10.32
-0.433013,1.25,10.3
-0.433013,1.25,10.28
-0.433013,1.25,10.26
-0.433013,1.25,10.24
-0.433013,1.25,10.22
-0.433013,1.25,10.2
-0.433013,1.25,10.18
-0.483003,1.17861,10.16
-0.616025,1.06699,10.14
-0.779201,1.0076,10.12
-0.866025,1,10.1
-0.866025,1,10.08
-0.866025,1,10.06
-0.866025,1,10.04
-0.866025,1,10.02
-0.866025,1,10
-0.866025,1,9.98
-0.866025,1,9.96
-0.866025,1,9.94
-0.866025,1,9.92
-0.866025,1,9.9
-0.952849,1.0076,9.88
-1.11603,1.06699,9.86
-1.24905,1.17861,9.84
-1.29904,1.25,9.82
-1.29904,1.25,9.8
-1.29904,1.25,9.78
-1.29904,1.25,9.76
-1.29904,1.25,9.74
-1.29904,1.25,9.72
-1.29904,1.25,9.7
-1.29904,1.25,9.68
-1.41066,1.38302,9.66
-1.56104,1.46985,9.64
-1.73205,1.5,9.62
-1.73205,1.5,9.6
-1.73205,1.5,9.58
-1.73205,1.5,9.56
-1.73205,1.5,9.54
-1.73205,1.5,9.52
-1.73205,1.5,9.5
-1.73205,1.5,9.48
-1.81887,1.5076,9.46
-1.98205,1.56699,9.44
-2.11507,1.67861,9.42
-2.16506,1.75,9.4
-2.16506,1.75,9.38
-2.16506,1.75,9.36
-2.16506,1.75,9.34
-2.16506,1.75,9.32
-2.16506,1.75,9.3
-2.16506,1.75,9.28
-2.16506,1.75,9.26
-2.27668,1.88302,9.24
-2.42707,1.96985,9.22
-2.59808,2,9.2
-2.59808,2,9.18
-2.59808,2,9.16
-2.59808,2,9.14
-2.59808,2,9.12
-2.59808,2,9.1
-2.59808,2,9.08
-2.59808,2,9.06
-2.59808,2,9.04
-2.59808,2,9.02
-2.59808,2,9
-2.59808,2,8.98
-2.76909,1.96985,8.96
-2.91947,1.88302,8.94
-3.03109,1.75,8.92
-3.03109,1.75,8.9
-3.03109,1.75,8.88
-3.03109,1.75,8.86
-3.03109,1.75,8.84
-3.03109,1.75,8.82
-3.03109,1.75,8.8
-3.03109,1.75,8.78
-3.03109,1.75,8.76
-3.03109,1.75,8.74
-3.03109,1.75,8.72
-3.03109,1.75,8.7
-3.09048,1.58682,8.68
-3.09048,1.41318,8.66
-3.03109,1.25,8.64
-3.03109,1.25,8.62
-3.03109,1.25,8.6
-3.03109,1.25,8.58
-3.03109,1.25,8.56
-3.03109,1.25,8.54
-3.03109,1.25,8.52
-3.03109,1.25,8.5
-3.03109,1.25,8.48
-3.03109,1.25,8.46
-3.03109,1.25,8.44
-3.03109,1.25,8.42
-2.91947,1.11698,8.4
-2.76909,1.03015,8.38
-2.59808,1,8.36
-2.51125,0.992404,8.34
-2.34808,0.933013,8.32
-2.21505,0.821394,8.3
-2.16506,0.75,8.28
-2.05344,0.616978,8.26
-1.90306,0.530154,8.24
-1.73205,0.5,8.22
-1.64523,0.492404,8.2
-1.48205,0.433013,8.18
-1.34903,0.321394,8.16
-1.29904,0.25,8.14
-1.29904,0.25,8.12
-1.29904,0.25,8.1
-1.29904,0.25,8.08
-1.29904,0.25,8.06
-1.29904,0.25,8.04
-1.29904,0.25,8.02
-1.29904,0.25,8
-1.29904,0.25,7.98
-1.29904,0.25,7.96
-1.29904,0.25,7.94
-1.2622,0.17101,7.92
-1.23205,1.14442e-12,7.9
-1.2622,-0.17101,7.88
-1.29904,-0.25,7.86
-1.29904,-0.25,7.84
-1.29904,-0.25,7.82
-1.29904,-0.25,7.8
-1.29904,-0.25,7.78
-1.29904,-0.25,7.76
-1.29904,-0.25,7.74
-1.29904,-0.25,7.72
-1.29904,-0.25,7.7
-1.29904,-0.25,7.68
-1.29904,-0.25,7.66
-1.34903,-0.321394,7.64
-1.48205,-0.433013,7.62
-1.64523,-0.492404,7.6
-1.73205,-0.5,7.58
-1.73205,-0.5,7.56
-1.73205,-0.5,7.54
-1.73205,-0.5,7.52
-1.73205,-0.5,7.5
-1.73205,-0.5,7.48
-1.73205,-0.5,7.46
-1.73205,-0.5,7.44
-1.90306,-0.530154,7.42
-2.05344,-0.616978,7.4
-2.16506,-0.75,7.38
-2.16506,-0.75,7.36
-2.16506,-0.75,7.34
-2.16506,-0.75,7.32
-2.16506,-0.75,7.3
-2.10567,-0.586824,7.28
-2.10567,-0.413176,7.26
-2.16506,-0.25,7.24
-2.16506,-0.25,7.22
-2.16506,-0.25,7.2
-2.16506,-0.25,7.18
-2.16506,-0.25,7.16
-2.16506,-0.25,7.14
-2.16506,-0.25,7.12
-2.16506,-0.25,7.1
-2.2019,-0.17101,7.08
-2.23205,1.54105e-12,7.06
-2.2019,0.17101,7.04
-2.16506,0.25,7.02
-2.16506,0.25,7
-2.16506,0.25,6.98
-2.16506,0.25,6.96
-2.21505,0.178606,6.94
-2.34808,0.0669873,6.92
-2.51125,0.00759612,6.9
-2.59808,1.71663e-12,6.88
-2.59808,1.71663e-12,6.86
-2.59808,1.71663e-12,6.84
-2.59808,1.71663e-12,6.82
-2.59808,1.71663e-12,6.8
-2.59808,1.71663e-12,6.78
-2.59808,1.71663e-12,6.76
-2.59808,1.71663e-12,6.74
-2.76909,-0.0301537,6.72
-2.91947,-0.116978,6.7
-3.03109,-0.25,6.68
-3.03109,-0.25,6.66
-3.03109,-0.25,6.64
-3.03109,-0.25,6.62
-3.03109,-0.25,6.6
-3.03109,-0.25,6.58
-3.03109,-0.25,6.56
-3.03109,-0.25,6.54
-3.03109,-0.25,6.52
-3.03109,-0.25,6.5
-3.03109,-0.25,6.48
-3.03109,-0.25,6.46
-3.09048,-0.413176,6.44
-3.09048,-0.586824,6.42
-3.03109,-0.75,6.4
-3.03109,-0.75,6.38
-3.03109,-0.75,6.36
-3.03109,-0.75,6.34
-3.03109,-0.75,6.32
-3.03109,-0.75,6.3
-3.03109,-0.75,6.28
-3.03109,-0.75,6.26
-3.03109,-0.75,6.24
-3.03109,-0.75,6.22
-3.03109,-0.75,6.2
-3.03109,-0.75,6.18
-2.91947,-0.883022,6.16
-2.76909,-0.969846,6.14
-2.59808,-1,6.12
-2.51125,-1.0076,6.1
-2.34808,-1.06699,6.08
-2.21505,-1.17861,6.06
-2.16506,-1.25,6.04
-2.05344,-1.38302,6.02
-1.90306,-1.46985,6
-1.73205,-1.5,5.98
-1.73205,-1.5,5.96
-1.73205,-1.5,5.94
-1.73205,-1.5,5.92
-1.73205,-1.5,5.9
-1.90306,-1.53015,5.88
-2.05344,-1.61698,5.86
-2.16506,-1.75,5.84
-2.21505,-1.82139,5.82
-2.34808,-1.93301,5.8
-2.51125,-1.9924,5.78
-2.59808,-2,5.76
-2.59808,-2,5.74
-2.59808,-2,5.72
-2.59808,-2,5.7
-2.59808,-2,5.68
-2.59808,-2,5.66
-2.59808,-2,5.64
-2.59808,-2,5.62
-2.59808,-2,5.6
-2.59808,-2,5.58
-2.59808,-2,5.56
-2.6849,-1.9924,5.54
-2.84808,-1.93301,5.52
-2.9811,-1.82139,5.5
-3.03109,-1.75,5.48
-3.03109,-1.75,5.46
-3.03109,-1.75,5.44
-3.03109,-1.75,5.42
-3.03109,-1.75,5.4
-3.03109,-1.75,5.38
-3.03109,-1.75,5.36
-3.03109,-1.75,5.34
-3.03109,-1.75,5.32
-3.03109,-1.75,5.3
-3.03109,-1.75,5.28
-3.06792,-1.67101,5.26
-3.09808,-1.5,5.24
-3.06792,-1.32899,5.22
-3.03109,-1.25,5.2
-3.03109,-1.25,5.18
-3.03109,-1.25,5.16
-3.03109,-1.25,5.14
-3.03109,-1.25,5.12
-3.03109,-1.25,5.1
-3.03109,-1.25,5.08
-3.03109,-1.25,5.06
-3.03109,-1.25,5.04
-3.03109,-1.25,5.02
-3.03109,-1.25,5
-2.9811,-1.17861,4.98
-2.84808,-1.06699,4.96
-2.6849,-1.0076,4.94
-2.59808,-1,4.92
-2.59808,-1,4.9
-2.59808,-1,4.88
-2.59808,-1,4.86
-2.59808,-1,4.84
-2.59808,-1,4.82
-2.59808,-1,4.8
-2.59808,-1,4.78
-2.42707,-0.969846,4.76
-2.27668,-0.883022,4.74
-2.16506,-0.75,4.72
-2.16506,-0.75,4.7
-2.16506,-0.75,4.68
-2.16506,-0.75,4.66
-2.16506,-0.75,4.64
-2.22445,-0.913176,4.62
-2.22445,-1.08682,4.6
-2.16506,-1.25,4.58
-2.16506,-1.25,4.56
-2.16506,-1.25,4.54
-2.16506,-1.25,4.52
-2.16506,-1.25,4.5
-2.16506,-1.25,4.48
-2.16506,-1.25,4.46
-2.16506,-1.25,4.44
-2.12823,-1.32899,4.42
-2.09808,-1.5,4.4
-2.12823,-1.67101,4.38
-2.16506,-1.75,4.36
-2.16506,-1.75,4.34
-2.16506,-1.75,4.32
-2.16506,-1.75,4.3
-2.16506,-1.75,4.28
-2.16506,-1.75,4.26
-2.16506,-1.75,4.24
-2.16506,-1.75,4.22
-2.22445,-1.91318,4.2
-2.22445,-2.08682,4.18
-2.16506,-2.25,4.16
-2.16506,-2.25,4.14
-2.16506,-2.25,4.12
-2.16506,-2.25,4.1
-2.16506,-2.25,4.08
-2.16506,-2.25,4.06
-2.16506,-2.25,4.04
-2.16506,-2.25,4.02
-2.16506,-2.25,4
-2.16506,-2.25,3.98
-2.16506,-2.25,3.96
-2.16506,-2.25,3.94
-2.05344,-2.38302,3.92
-1.90306,-2.46985,3.9
-1.73205,-2.5,3.88
-1.73205,-2.5,3.86
-1.73205,-2.5,3.84
-1.73205,-2.5,3.82
-1.73205,-2.5,3.8
-1.73205,-2.5,3.78
-1.73205,-2.5,3.76
-1.73205,-2.5,3.74
-1.73205,-2.5,3.72
-1.73205,-2.5,3.7
-1.73205,-2.5,3.68
-1.73205,-2.5,3.66
-1.56104,-2.46985,3.64
-1.41066,-2.38302,3.62
-1.29904,-2.25,3.6
-1.24905,-2.17861,3.58
-1.11603,-2.06699,3.56
-0.952849,-2.0076,3.54
-0.866025,-2,3.52
-0.866025,-2,3.5
-0.866025,-2,3.48
-0.866025,-2,3.46
-0.952849,-1.9924,3.44
-1.11603,-1.93301,3.42
-1.24905,-1.82139,3.4
-1.29904,-1.75,3.38
-1.41066,-1.61698,3.36
-1.56104,-1.53015,3.34
-1.73205,-1.5,3.32
-1.73205,-1.5,3.3
-1.73205,-1.5,3.28
-1.73205,-1.5,3.26
-1.73205,-1.5,3.24
-1.56104,-1.46985,3.22
-1.41066,-1.38302,3.2
-1.29904,-1.25,3.18
-1.24905,-1.17861,3.16
-1.11603,-1.06699,3.14
-0.952849,-1.0076,3.12
-0.866025,-1,3.1
-0.866025,-1,3.08
-0.866025,-1,3.06
-0.866025,-1,3.04
-0.866025,-1,3.02
-0.866025,-1,3
-0.866025,-1,2.98
-0.866025,-1,2.96
-0.866025,-1,2.94
-0.866025,-1,2.92
-0.866025,-1,2.9
-0.779201,-1.0076,2.88
-0.616025,-1.06699,2.86
-0.483003,-1.17861,2.84
-0.433013,-1.25,2.82
-0.433013,-1.25,2.8
-0.433013,-1.25,2.78
-0.433013,-1.25,2.76
-0.433013,-1.25,2.74
-0.433013,-1.25,2.72
-0.433013,-1.25,2.7
-0.433013,-1.25,2.68
-0.433013,-1.25,2.66
-0.433013,-1.25,2.64
-0.433013,-1.25,2.62
-0.396179,-1.32899,2.6
-0.366025,-1.5,2.58
-0.396179,-1.67101,2.56
-0.433013,-1.75,2.54
-0.433013,-1.75,2.52
-0.433013,-1.75,2.5
-0.433013,-1.75,2.48
-0.433013,-1.75,2.46
-0.433013,-1.75,2.44
-0.433013,-1.75,2.42
-0.433013,-1.75,2.4
-0.492404,-1.91318,2.38
-0.492404,-2.08682,2.36
-0.433013,-2.25,2.34
-0.433013,-2.25,2.32
-0.433013,-2.25,2.3
-0.433013,-2.25,2.28
-0.433013,-2.25,2.26
-0.433013,-2.25,2.24
-0.433013,-2.25,2.22
-0.433013,-2.25,2.2
-0.396179,-2.32899,2.18
-0.366025,-2.5,2.16
-0.396179,-2.67101,2.14
-0.433013,-2.75,2.12
-0.433013,-2.75,2.1
-0.433013,-2.75,2.08
-0.433013,-2.75,2.06
-0.433013,-2.75,2.04
-0.433013,-2.75,2.02
-0.433013,-2.75,2
-0.433013,-2.75,1.98
-0.492404,-2.91318,1.96
-0.492404,-3.08682,1.94
-0.433013,-3.25,1.92
-0.433013,-3.25,1.9
-0.433013,-3.25,1.88
-0.433013,-3.25,1.86
-0.433013,-3.25,1.84
-0.433013,-3.25,1.82
-0.433013,-3.25,1.8
-0.433013,-3.25,1.78
-0.433013,-3.25,1.76
-0.433013,-3.25,1.74
-0.433013,-3.25,1.72
-0.433013,-3.25,1.7
-0.321394,-3.38302,1.68
-0.17101,-3.46985,1.66
-4.16354e-12,-3.5,1.64
-4.16354e-12,-3.5,1.62
-4.16354e-12,-3.5,1.6
-4.16354e-12,-3.5,1.58
-4.16354e-12,-3.5,1.56
-4.16354e-12,-3.5,1.54
-4.16354e-12,-3.5,1.52
-4.16354e-12,-3.5,1.5
-4.16354e-12,-3.5,1.48
-4.16354e-12,-3.5,1.46
-4.16354e-12,-3.5,1.44
-4.16354e-12,-3.5,1.42
0.17101,-3.46985,1.4
0.321394,-3.38302,1.38
0.433013,-3.25,1.36
0.433013,-3.25,1.34
0.433013,-3.25,1.32
0.433013,-3.25,1.3
0.433013,-3.25,1.28
0.433013,-3.25,1.26
0.433013,-3.25,1.24
0.433013,-3.25,1.22
0.433013,-3.25,1.2
0.433013,-3.25,1.18
0.433013,-3.25,1.16
0.433013,-3.25,1.14
0.492404,-3.08682,1.12
0.492404,-2.91318,1.1
0.433013,-2.75,1.08
0.396179,-2.67101,1.06
0.366025,-2.5,1.04
0.396179,-2.32899,1.02
0.433013,-2.25,1
0.492404,-2.08682,0.98
0.492404,-1.91318,0.96
0.433013,-1.75,0.94
0.396179,-1.67101,0.92
0.366025,-1.5,0.9
0.396179,-1.32899,0.88
0.433013,-1.25,0.86
0.433013,-1.25,0.84
0.433013,-1.25,0.82
0.433013,-1.25,0.8
0.433013,-1.25,0.78
0.433013,-1.25,0.76
0.433013,-1.25,0.74
0.433013,-1.25,0.72
0.433013,-1.25,0.7
0.433013,-1.25,0.68
0.433013,-1.25,0.66
0.483003,-1.17861,0.64
0.616025,-1.06699,0.62
0.779201,-1.0076,0.6
0.866025,-1,0.58
0.866025,-1,0.56
0.866025,-1,0.54
0.866025,-1,0.52
0.866025,-1,0.5
0.866025,-1,0.48
0.866025,-1,0.46
0.866025,-1,0.44
0.866025,-1,0.42
0.866025,-1,0.4
0.866025,-1,0.38
0.952849,-1.0076,0.36
1.11603,-1.06699,0.34
1.24905,-1.17861,0.32
1.29904,-1.25,0.3
1.29904,-1.25,0.28
1.29904,-1.25,0.26
1.29904,-1.25,0.24
1.29904,-1.25,0.22
1.29904,-1.25,0.2
1.29904,-1.25,0.18
1.29904,-1.25,0.16
1.41066,-1.38302,0.14
1.56104,-1.46985,0.12
1.73205,-1.5,0.1
1.73205,-1.5,0.08
1.73205,-1.5,0.06
1.73205,-1.5,0.04
1.73205,-1.5,0.02
1.56104,-1.53015,-4.12829e-14
1.41066,-1.61698,-0.02
1.29904,-1.75,-0.04
1.29904,-1.75,-0.06
1.29904,-1.75,-0.08
1.29904,-1.75,-0.1
1.29904,-1.75,-0.12
1.29904,-1.75,-0.14
1.29904,-1.75,-0.16
1.29904,-1.75,-0.18
1.24905,-1.82139,-0.2
1.11603,-1.93301,-0.22
0.952849,-1.9924,-0.24
0.866025,-2,-0.26
0.866025,-2,-0.28
0.866025,-2,-0.3
0.866025,-2,-0.32
0.952849,-2.0076,-0.34
1.11603,-2.06699,-0.36
1.24905,-2.17861,-0.38
1.29904,-2.25,-0.4
1.29904,-2.25,-0.42
1.29904,-2.25,-0.44
1.29904,-2.25,-0.46
1.29904,-2.25,-0.48
1.29904,-2.25,-0.5
1.29904,-2.25,-0.52
1.29904,-2.25,-0.54
1.41066,-2.38302,-0.56
1.56104,-2.46985,-0.58
1.73205,-2.5,-0.6
1.73205,-2.5,-0.62
1.73205,-2.5,-0.64
1.73205,-2.5,-0.66
1.73205,-2.5,-0.68
1.73205,-2.5,-0.7
1.73205,-2.5,-0.72
1.73205,-2.5,-0.74
1.73205,-2.5,-0.76
1.73205,-2.5,-0.78
1.73205,-2.5,-0.8
1.73205,-2.5,-0.82
1.90306,-2.46985,-0.84
2.05344,-2.38302,-0.86
2.16506,-2.25,-0.88
2.16506,-2.25,-0.9
2.16506,-2.25,-0.92
2.16506,-2.25,-0.94
2.16506,-2.25,-0.96
2.16506,-2.25,-0.98
2.16506,-2.25,-1
2.16506,-2.25,-1.02
2.16506,-2.25,-1.04
2.16506,-2.25,-1.06
2.16506,-2.25,-1.08
2.16506,-2.25,-1.1
2.22445,-2.08682,-1.12
2.22445,-1.91318,-1.14
2.16506,-1.75,-1.16
2.12823,-1.67101,-1.18
2.09808,-1.5,-1.2
2.12823,-1.32899,-1.22
2.16506,-1.25,-1.24
2.22445,-1.08682,-1.26
2.22445,-0.913176,-1.28
2.16506,-0.75,-1.3
2.16506,-0.75,-1.32
2.16506,-0.75,-1.34
2.16506,-0.75,-1.36
2.16506,-0.75,-1.38
2.27668,-0.883022,-1.4
2.42707,-0.969846,-1.42
2.59808,-1,-1.44
2.6849,-1.0076,-1.46
2.84808,-1.06699,-1.48
2.9811,-1.17861,-1.5
3.03109,-1.25,-1.52
3.03109,-1.25,-1.54
3.03109,-1.25,-1.56
3.03109,-1.25,-1.58
3.03109,-1.25,-1.6
3.03109,-1.25,-1.62
3.03109,-1.25,-1.64
3.03109,-1.25,-1.66
3.03109,-1.25,-1.68
3.03109,-1.25,-1.7
3.03109,-1.25,-1.72
3.06792,-1.32899,-1.74
3.09808,-1.5,-1.76
3.06792,-1.67101,-1.78
3.03109,-1.75,-1.8
3.03109,-1.75,-1.82
3.03109,-1.75,-1.84
3.03109,-1.75,-1.86
3.03109,-1.75,-1.88
3.03109,-1.75,-1.9
3.03109,-1.75,-1.92
3.03109,-1.75,-1.94
3.03109,-1.75,-1.96
3.03109,-1.75,-1.98
3.03109,-1.75,-2
2.9811,-1.82139,-2.02
2.84808,-1.93301,-2.04
2.6849,-1.9924,-2.06
2.59808,-2,-2.08
2.59808,-2,-2.1
2.59808,-2,-2.12
2.59808,-2,-2.14
2.59808,-2,-2.16
2.59808,-2,-2.18
2.59808,-2,-2.2
2.59808,-2,-2.22
2.59808,-2,-2.24
2.59808,-2,-2.26
2.59808,-2,-2.28
2.51125,-1.9924,-2.3
2.34808,-1.93301,-2.32
2.21505,-1.82139,-2.34
2.16506,-1.75,-2.36
2.16506,-1.75,-2.38
2.16506,-1.75,-2.4
2.16506,-1.75,-2.42
2.16506,-1.75,-2.44
2.16506,-1.75,-2.46
2.16506,-1.75,-2.48
2.16506,-1.75,-2.5
2.05344,-1.61698,-2.52
1.90306,-1.53015,-2.54
1.73205,-1.5,-2.56
1.73205,-1.5,-2.58
1.73205,-1.5,-2.6
1.73205,-1.5,-2.62
1.73205,-1.5,-2.64
1.90306,-1.46985,-2.66
2.05344,-1.38302,-2.68
2.16506,-1.25,-2.7
2.16506,-1.25,-2.72
2.16506,-1.25,-2.74
2.16506,-1.25,-2.76
2.16506,-1.25,-2.78
2.16506,-1.25,-2.8
2.16506,-1.25,-2.82
2.16506,-1.25,-2.84
2.21505,-1.17861,-2.86
2.34808,-1.06699,-2.88
2.51125,-1.0076,-2.9
2.59808,-1,-2.92
2.59808,-1,-2.94
2.59808,-1,-2.96
2.59808,-1,-2.98
2.59808,-1,-3
2.59808,-1,-3.02
2.59808,-1,-3.04
2.59808,-1,-3.06
2.76909,-0.969846,-3.08
2.91947,-0.883022,-3.1
3.03109,-0.75,-3.12
3.03109,-0.75,-3.14
3.03109,-0.75,-3.16
3.03109,-0.75,-3.18
3.03109,-0.75,-3.2
3.03109,-0.75,-3.22
3.03109,-0.75,-3.24
3.03109,-0.75,-3.26
3.03109,-0.75,-3.28
3.03109,-0.75,-3.3
3.03109,-0.75,-3.32
3.03109,-0.75,-3.34
3.09048,-0.586824,-3.36
3.09048,-0.413176,-3.38
3.03109,-0.25,-3.4
3.03109,-0.25,-3.42
3.03109,-0.25,-3.44
3.03109,-0.25,-3.46
3.03109,-0.25,-3.48
3.03109,-0.25,-3.5
3.03109,-0.25,-3.52
3.03109,-0.25,-3.54
3.03109,-0.25,-3.56
3.03109,-0.25,-3.58
3.03109,-0.25,-3.6
3.03109,-0.25,-3.62
2.91947,-0.116978,-3.64
2.76909,-0.0301537,-3.66
2.59808,-3.77653e-12,-3.68
2.51125,0.00759612,-3.7
2.34808,0.0669873,-3.72
2.21505,0.178606,-3.74
2.16506,0.25,-3.76
2.16506,0.25,-3.78
2.16506,0.25,-3.8
2.16506,0.25,-3.82
2.2019,0.17101,-3.84
2.23205,-3.31103e-12,-3.86
2.2019,-0.17101,-3.88
2.16506,-0.25,-3.9
2.10567,-0.413176,-3.92
2.10567,-0.586824,-3.94
2.16506,-0.75,-3.96
2.16506,-0.75,-3.98
2.16506,-0.75,-4
2.16506,-0.75,-4.02
2.16506,-0.75,-4.04
2.05344,-0.616978,-4.06
1.90306,-0.530154,-4.08
1.73205,-0.5,-4.1
1.64523,-0.492404,-4.12
1.48205,-0.433013,-4.14
1.34903,-0.321394,-4.16
1.29904,-0.25,-4.18
1.29904,-0.25,-4.2
1.29904,-0.25,-4.22
1.29904,-0.25,-4.24
1.29904,-0.25,-4.26
1.29904,-0.25,-4.28
1.29904,-0.25,-4.3
1.29904,-0.25,-4.32
1.29904,-0.25,-4.34
1.29904,-0.25,-4.36
1.29904,-0.25,-4.38
1.2622,-0.17101,-4.4
1.23205,-2.12113e-12,-4.42
1.2622,0.17101,-4.44
1.29904,0.25,-4.46
1.29904,0.25,-4.48
1.29904,0.25,-4.5
1.29904,0.25,-4.52
1.29904,0.25,-4.54
1.29904,0.25,-4.56
1.29904,0.25,-4.58
1.29904,0.25,-4.6
1.29904,0.25,-4.62
1.29904,0.25,-4.64
1.29904,0.25,-4.66
1.34903,0.321394,-4.68
1.48205,0.433013,-4.7
1.64523,0.492404,-4.72
1.73205,0.5,-4.74
1.73205,0.5,-4.76
1.73205,0.5,-4.78
1.73205,0.5,-4.8
1.73205,0.5,-4.82
1.73205,0.5,-4.84
1.73205,0.5,-4.86
1.73205,0.5,-4.88
1.90306,0.530154,-4.9
2.05344,0.616978,-4.92
2.16506,0.75,-4.94
2.16506,0.75,-4.96
2.16506,0.75,-4.98
2.16506,0.75,-5
2.16506,0.75,-5.02
2.16506,0.75,-5.04
2.16506,0.75,-5.06
2.16506,0.75,-5.08
2.21505,0.821394,-5.1
2.34808,0.933013,-5.12
2.51125,0.992404,-5.14
2.59808,1,-5.16
2.59808,1,-5.18
2.59808,1,-5.2
2.59808,1,-5.22
2.59808,1,-5.24
2.59808,1,-5.26
2.59808,1,-5.28
2.59808,1,-5.3
2.76909,1.03015,-5.32
2.91947,1.11698,-5.34
3.03109,1.25,-5.36
3.03109,1.25,-5.38
3.03109,1.25,-5.4
3.03109,1.25,-5.42
3.03109,1.25,-5.44
3.03109,1.25,-5.46
3.03109,1.25,-5.48
3.03109,1.25,-5.5
3.03109,1.25,-5.52
3.03109,1.25,-5.54
3.03109,1.25,-5.56
3.03109,1.25,-5.58
3.09048,1.41318,-5.6
3.09048,1.58682,-5.62
3.03109,1.75,-5.64
3.03109,1.75,-5.66
3.03109,1.75,-5.68
3.03109,1.75,-5.7
3.03109,1.75,-5.72
3.03109,1.75,-5.74
3.03109,1.75,-5.76
3.03109,1.75,-5.78
3.03109,1.75,-5.8
3.03109,1.75,-5.82
3.03109,1.75,-5.84
3.03109,1.75,-5.86
2.91947,1.88302,-5.88
2.76909,1.96985,-5.9
2.59808,2,-5.92
2.59808,2,-5.94
2.59808,2,-5.96
2.59808,2,-5.98
2.59808,2,-6
2.59808,2,-6.02
2.59808,2,-6.04
2.59808,2,-6.06
2.59808,2,-6.08
2.59808,2,-6.1
2.59808,2,-6.12
2.59808,2,-6.14
2.42707,1.96985,-6.16
2.27668,1.88302,-6.18
2.16506,1.75,-6.2
2.11507,1.67861,-6.22
1.98205,1.56699,-6.24
1.81887,1.5076,-6.26
1.73205,1.5,-6.28
1.56104,1.46985,-6.3
1.41066,1.38302,-6.32
1.29904,1.25,-6.34
1.24905,1.17861,-6.36
1.11603,1.06699,-6.38
0.952849,1.0076,-6.4
0.866025,1,-6.42
0.866025,1,-6.44
0.866025,1,-6.46
0.866025,1,-6.48
0.866025,1,-6.5
0.866025,1,-6.52
0.866025,1,-6.54
0.866025,1,-6.56
0.866025,1,-6.58
0.866025,1,-6.6
0.866025,1,-6.62
0.779201,1.0076,-6.64
0.616025,1.06699,-6.66
0.483003,1.17861,-6.68
0.433013,1.25,-6.7
0.433013,1.25,-6.72
0.433013,1.25,-6.74
0.433013,1.25,-6.76
0.433013,1.25,-6.78
0.433013,1.25,-6.8
0.433013,1.25,-6.82
0.433013,1.25,-6.84
0.433013,1.25,-6.86
0.433013,1.25,-6.88
0.433013,1.25,-6.9
0.396179,1.32899,-6.92
0.366025,1.5,-6.94
0.396179,1.67101,-6.96
0.433013,1.75,-6.98
0.433013,1.75,-7
0.433013,1.75,-7.02
0.433013,1.75,-7.04
0.433013,1.75,-7.06
0.433013,1.75,-7.08
0.433013,1.75,-7.1
0.433013,1.75,-7.12
0.492404,1.91318,-7.14
0.492404,2.08682,-7.16
0.433013,2.25,-7.18
0.433013,2.25,-7.2
0.433013,2.25,-7.22
0.433013,2.25,-7.24
0.433013,2.25,-7.26
0.544632,2.11698,-7.28
0.695015,2.03015,-7.3
0.866025,2,-7.32
0.866025,2,-7.34
0.866025,2,-7.36
0.866025,2,-7.38
0.866025,2,-7.4
0.866025,2,-7.42
0.866025,2,-7.44
0.866025,2,-7.46
0.952849,1.9924,-7.48
1.11603,1.93301,-7.5
1.24905,1.82139,-7.52
1.29904,1.75,-7.54
1.29904,1.75,-7.56
1.29904,1.75,-7.58
1.29904,1.75,-7.6
1.2622,1.82899,-7.62
1.23205,2,-7.64
1.2622,2.17101,-7.66
1.29904,2.25,-7.68
1.29904,2.25,-7.7
1.29904,2.25,-7.72
1.29904,2.25,-7.74
1.29904,2.25,-7.76
1.29904,2.25,-7.78
1.29904,2.25,-7.8
1.29904,2.25,-7.82
1.35843,2.41318,-7.84
1.35843,2.58682,-7.86
1.29904,2.75,-7.88
1.29904,2.75,-7.9
1.29904,2.75,-7.92
1.29904,2.75,-7.94
1.29904,2.75,-7.96
1.29904,2.75,-7.98
1.29904,2.75,-8
1.29904,2.75,-8.02
1.29904,2.75,-8.04
1.29904,2.75,-8.06
1.29904,2.75,-8.08
1.29904,2.75,-8.1
1.18742,2.88302,-8.12
1.03704,2.96985,-8.14
0.866025,3,-8.16
0.866025,3,-8.18
0.866025,3,-8.2
0.866025,3,-8.22
0.866025,3,-8.24
0.866025,3,-8.26
0.866025,3,-8.28
0.866025,3,-8.3
0.866025,3,-8.32
0.866025,3,-8.34
0.866025,3,-8.36
0.866025,3,-8.38
0.695015,2.96985,-8.4
0.544632,2.88302,-8.42
0.433013,2.75,-8.44
0.383022,2.67861,-8.46
0.25,2.56699,-8.48
0.0868241,2.5076,-8.5
5.94727e-13,2.5,-8.52
-0.17101,2.46985,-8.54
-0.321394,2.38302,-8.56
-0.433013,2.25,-8.58
-0.433013,2.25,-8.6
-0.433013,2.25,-8.62
-0.433013,2.25,-8.64
-0.433013,2.25,-8.66
-0.373622,2.41318,-8.68
-0.373622,2.58682,-8.7
-0.433013,2.75,-8.72
-0.469846,2.82899,-8.74
-0.5,3,-8.76
-0.469846,3.17101,-8.78
-0.433013,3.25,-8.8
-0.433013,3.25,-8.82
-0.433013,3.25,-8.84
-0.433013,3.25,-8.86
-0.433013,3.25,-8.88
-0.433013,3.25,-8.9
-0.433013,3.25,-8.92
-0.433013,3.25,-8.94
-0.433013,3.25,-8.96
-0.433013,3.25,-8.98
-0.433013,3.25,-9
-0.383022,3.32139,-9.02
-0.25,3.43301,-9.04
-0.0868241,3.4924,-9.06
1.38822e-12,3.5,-9.08
1.38822e-12,3.5,-9.1
1.38822e-12,3.5,-9.12
1.38822e-12,3.5,-9.14
1.38822e-12,3.5,-9.16
1.38822e-12,3.5,-9.18
1.38822e-12,3.5,-9.2
1.38822e-12,3.5,-9.22
1.38822e-12,3.5,-9.24
1.38822e-12,3.5,-9.26
1.38822e-12,3.5,-9.28
0.0868241,3.4924,-9.3
0.25,3.43301,-9.32
0.383022,3.32139,-9.34
0.433013,3.25,-9.36
0.433013,3.25,-9.38
0.433013,3.25,-9.4
0.433013,3.25,-9.42
0.433013,3.25,-9.44
0.433013,3.25,-9.46
0.433013,3.25,-9.48
0.433013,3.25,-9.5
0.433013,3.25,-9.52
0.433013,3.25,-9.54
0.433013,3.25,-9.56
0.469846,3.17101,-9.58
0.5,3,-9.6
0.469846,2.82899,-9.62
0.433013,2.75,-9.64
0.433013,2.75,-9.66
0.433013,2.75,-9.68
0.433013,2.75,-9.7
0.433013,2.75,-9.72
0.433013,2.75,-9.74
0.433013,2.75,-9.76
0.433013,2.75,-9.78
0.373622,2.58682,-9.8
0.373622,2.41318,-9.82
0.433013,2.25,-9.84
0.433013,2.25,-9.86
0.433013,2.25,-9.88
0.433013,2.25,-9.9
0.433013,2.25,-9.92
0.321394,2.38302,-9.94
0.17101,2.46985,-9.96
1.78463e-12,2.5,-9.98
9.91582e-13,2.5,-10
9.91582e-13,2.5,-10.02
9.91582e-13,2.5,-10.04
9.91582e-13,2.5,-10.06
9.91582e-13,2.5,-10.08
9.91582e-13,2.5,-10.1
9.91582e-13,2.5,-10.12
-0.0868241,2.5076,-10.14
-0.25,2.56699,-10.16
-0.383022,2.67861,-10.18
-0.433013,2.75,-10.2
-0.433013,2.75,-10.22
-0.433013,2.75,-10.24
-0.433013,2.75,-10.26
-0.433013,2.75,-10.28
-0.433013,2.75,-10.3
-0.433013,2.75,-10.32
-0.433013,2.75,-10.34
-0.544632,2.88302,-10.36
-0.695015,2.96985,-10.38
-0.866025,3,-10.4
-0.866025,3,-10.42
-0.866025,3,-10.44
-0.866025,3,-10.46
-0.866025,3,-10.48
-0.866025,3,-10.5
-0.866025,3,-10.52
-0.866025,3,-10.54
-0.866025,3,-10.56
-0.866025,3,-10.58
-0.866025,3,-10.6
-0.866025,3,-10.62
-1.03704,2.96985,-10.64
-1.18742,2.88302,-10.66
-1.29904,2.75,-10.68
-1.29904,2.75,-10.7
-1.29904,2.75,-10.72
-1.29904,2.75,-10.74
-1.29904,2.75,-10.76
-1.29904,2.75,-10.78
-1.29904,2.75,-10.8
-1.29904,2.75,-10.82
-1.29904,2.75,-10.84
-1.29904,2.75,-10.86
-1.29904,2.75,-10.88
-1.29904,2.75,-10.9
-1.35843,2.58682,-10.92
-1.35843,2.41318,-10.94
-1.29904,2.25,-10.96
-1.2622,2.17101,-10.98
-1.23205,2,-11
-1.2622,1.82899,-11.02
-1.29904,1.75,-11.04
-1.29904,1.75,-11.06
-1.29904,1.75,-11.08
-1.29904,1.75,-11.1
-1.24905,1.82139,-11.12
-1.11603,1.93301,-11.14
-0.952849,1.9924,-11.16
-0.866025,2,-11.18
-0.695015,2.03015,-11.2
-0.544632,2.11698,-11.22
-0.433013,2.25,-11.24
-0.433013,2.25,-11.26
-0.433013,2.25,-11.28
-0.433013,2.25,-11.3
-0.433013,2.25,-11.32
-0.492404,2.08682,-11.34
-0.492404,1.91318,-11.36
-0.433013,1.75,-11.38
-0.396179,1.67101,-11.4
-0.366025,1.5,-11.42
-0.396179,1.32899,-11.44
-0.433013,1.25,-11.46
-0.433013,1.25,-11.48
-0.433013,1.25,-11.5
-0.433013,1.25,-11.52
-0.433013,1.25,-11.54
-0.433013,1.25,-11.56
-0.433013,1.25,-11.58
-0.433013,1.25,-11.6
-0.433013,1.25,-11.62
-0.433013,1.25,-11.64
-0.433013,1.25,-11.66
-0.483003,1.17861,-11.68
-0.616025,1.06699,-11.7
-0.779201,1.0076,-11.72
-0.866025,1,-11.74
-0.866025,1,-11.76
-0.866025,1,-11.78
-0.866025,1,-11.8
-0.866025,1,-11.82
-0.866025,1,-11.84
-0.866025,1,-11.86
-0.866025,1,-11.88
-0.866025,1,-11.9
-0.866025,1,-11.92
-0.866025,1,-11.94
-0.952849,1.0076,-11.96
-1.11603,1.06699,-11.98
-1.24905,1.17861,-12
-1.29904,1.25,-12.02
-1.29904,1.25,-12.04
-1.29904,1.25,-12.06
-1.29904,1.25,-12.08
-1.29904,1.25,-12.1
-1.29904,1.25,-12.12
-1.29904,1.25,-12.14
-1.29904,1.25,-12.16
-1.41066,1.38302,-12.18
-1.56104,1.46985,-12.2
-1.73205,1.5,-12.22
-1.73205,1.5,-12.24
-1.73205,1.5,-12.26
-1.73205,1.5,-12.28
-1.73205,1.5,-12.3
-1.73205,1.5,-12.32
-1.73205,1.5,-12.34
-1.73205,1.5,-12.36
-1.81887,1.5076,-12.38
-1.98205,1.56699,-12.4
-2.11507,1.67861,-12.42
-2.16506,1.75,-12.44
-2.16506,1.75,-12.46
-2.16506,1.75,-12.48
-2.16506,1.75,-12.5
-2.16506,1.75,-12.52
-2.16506,1.75,-12.54
-2.16506,1.75,-12.56
-2.16506,1.75,-12.58
-2.27668,1.88302,-12.6
-2.42707,1.96985,-12.62
-2.59808,2,-12.64
-2.59808,2,-12.66
-2.59808,2,-12.68
-2.59808,2,-12.7
-2.59808,2,-12.72
-2.59808,2,-12.74
-2.59808,2,-12.76
-2.59808,2,-12.78
-2.59808,2,-12.8
-2.59808,2,-12.82
-2.59808,2,-12.84
-2.59808,2,-12.86
-2.76909,1.96985,-12.88
-2.91947,1.88302,-12.9
-3.03109,1.75,-12.92
-3.03109,1.75,-12.94
-3.03109,1.75,-12.96
-3.03109,1.75,-12.98
-3.03109,1.75,-13
-3.03109,1.75,-13.02
-3.03109,1.75,-13.04
-3.03109,1.75,-13.06
-3.03109,1.75,-13.08
-3.03109,1.75,-13.1
-3.03109,1.75,-13.12
-3.03109,1.75,-13.14
-3.09048,1.58682,-13.16
-3.09048,1.41318,-13.18
-3.03109,1.25,-13.2
-3.03109,1.25,-13.22
-3.03109,1.25,-13.24
-3.03109,1.25,-13.26
-3.03109,1.25,-13.28
-3.03109,1.25,-13.3
-3.03109,1.25,-13.32
-3.03109,1.25,-13.34
-3.03109,1.25,-13.36
-3.03109,1.25,-13.38
-3.03109,1.25,-13.4
-3.03109,1.25,-13.42
-2.91947,1.11698,-13.44
-2.76909,1.03015,-13.46
-2.59808,1,-13.48
-2.51125,0.992404,-13.5
-2.34808,0.933013,-13.52
-2.21505,0.821394,-13.54
-2.16506,0.75,-13.56
-2.05344,0.616978,-13.58
-1.90306,0.530154,-13.6
-1.73205,0.5,-13.62
-1.64523,0.492404,-13.64
-1.48205,0.433013,-13.66
-1.34903,0.321394,-13.68
-1.29904,0.25,-13.7
-1.29904,0.25,-13.72
-1.29904,0.25,-13.74
-1.29904,0.25,-13.76
-1.29904,0.25,-13.78
-1.29904,0.25,-13.8
-1.29904,0.25,-13.82
-1.29904,0.25,-13.84
-1.29904,0.25,-13.86
-1.29904,0.25,-13.88
-1.29904,0.25,-13.9
-1.2622,0.17101,-13.92
-1.23205,1.14442e-12,-13.94
-1.2622,-0.17101,-13.96
-1.29904,-0.25,-13.98
-1.29904,-0.25,-14
-1.29904,-0.25,-14.02
-1.29904,-0.25,-14.04
-1.29904,-0.25,-14.06
-1.29904,-0.25,-14.08
-1.29904,-0.25,-14.1
-1.29904,-0.25,-14.12
-1.29904,-0.25,-14.14
-1.29904,-0.25,-14.16
-1.29904,-0.25,-14.18
-1.34903,-0.321394,-14.2
-1.48205,-0.433013,-14.22
-1.64523,-0.492404,-14.24
-1.73205,-0.5,-14.26
-1.73205,-0.5,-14.28
-1.73205,-0.5,-14.3
-1.73205,-0.5,-14.32
-1.73205,-0.5,-14.34
-1.73205,-0.5,-14.36
-1.73205,-0.5,-14.38
-1.73205,-0.5,-14.4
-1.90306,-0.530154,-14.42
-2.05344,-0.616978,-14.44
-2.16506,-0.75,-14.46
-2.16506,-0.75,-14.48
-2.16506,-0.75,-14.5
-2.16506,-0.75,-14.52
-2.16506,-0.75,-14.54
-2.10567,-0.586824,-14.56
-2.10567,-0.413176,-14.58
-2.16506,-0.25,-14.6
-2.16506,-0.25,-14.62
-2.16506,-0.25,-14.64
-2.16506,-0.25,-14.66
-2.16506,-0.25,-14.68
-2.16506,-0.25,-14.7
-2.16506,-0.25,-14.72
-2.16506,-0.25,-14.74
-2.2019,-0.17101,-14.76
-2.23205,1.54105e-12,-14.78
-2.2019,0.17101,-14.8
-2.16506,0.25,-14.82
-2.16506,0.25,-14.84
-2.16506,0.25,-14.86
-2.16506,0.25,-14.88
-2.21505,0.178606,-14.9
-2.34808,0.0669873,-14.92
-2.51125,0.00759612,-14.94
-2.59808,1.71663e-12,-14.96
-2.59808,1.71663e-12,-14.98
