1.23965,-0.913176,14.98
1.23965,-1.08682,14.96
1.29904,-1.25,14.94
1.33587,-1.32899,14.92
1.36603,-1.5,14.9
1.33587,-1.67101,14.88
1.29904,-1.75,14.86
1.23965,-1.91318,14.84
1.23965,-2.08682,14.82
1.29904,-2.25,14.8
1.33587,-2.32899,14.78
1.36603,-2.5,14.76
1.33587,-2.67101,14.74
1.29904,-2.75,14.72
1.29904,-2.75,14.7
1.29904,-2.75,14.68
1.29904,-2.75,14.66
1.29904,-2.75,14.64
1.29904,-2.75,14.62
1.29904,-2.75,14.6
1.29904,-2.75,14.58
1.29904,-2.75,14.56
1.29904,-2.75,14.54
1.29904,-2.75,14.52
1.24905,-2.82139,14.5
1.11603,-2.93301,14.48
0.952849,-2.9924,14.46
0.866025,-3,14.44
0.866025,-3,14.42
0.866025,-3,14.4
0.866025,-3,14.38
0.866025,-3,14.36
0.866025,-3,14.34
0.866025,-3,14.32
0.866025,-3,14.3
0.866025,-3,14.28
0.866025,-3,14.26
0.866025,-3,14.24
0.779201,-2.9924,14.22
0.616025,-2.93301,14.2
0.483003,-2.82139,14.18
0.433013,-2.75,14.16
0.433013,-2.75,14.14
0.433013,-2.75,14.12
0.433013,-2.75,14.1
0.433013,-2.75,14.08
0.433013,-2.75,14.06
0.433013,-2.75,14.04
0.433013,-2.75,14.02
0.321394,-2.61698,14
0.17101,-2.53015,13.98
-2.577e-12,-2.5,13.96
-3.37005e-12,-2.5,13.94
-3.37005e-12,-2.5,13.92
-3.37005e-12,-2.5,13.9
-3.37005e-12,-2.5,13.88
0.17101,-2.46985,13.86
0.321394,-2.38302,13.84
0.433013,-2.25,13.82
0.433013,-2.25,13.8
0.433013,-2.25,13.78
0.433013,-2.25,13.76
0.433013,-2.25,13.74
0.433013,-2.25,13.72
0.433013,-2.25,13.7
0.433013,-2.25,13.68
0.483003,-2.17861,13.66
0.616025,-2.06699,13.64
0.779201,-2.0076,13.62
0.866025,-2,13.6
0.866025,-2,13.58
0.866025,-2,13.56
0.866025,-2,13.54
0.779201,-1.9924,13.52
0.616025,-1.93301,13.5
0.483003,-1.82139,13.48
0.433013,-1.75,13.46
0.433013,-1.75,13.44
0.433013,-1.75,13.42
0.433013,-1.75,13.4
0.433013,-1.75,13.38
0.433013,-1.75,13.36
0.433013,-1.75,13.34
0.433013,-1.75,13.32
0.321394,-1.61698,13.3
0.17101,-1.53015,13.28
-1.38755e-12,-1.5,13.26
-2.18059e-12,-1.5,13.24
-2.18059e-12,-1.5,13.22
-2.18059e-12,-1.5,13.2
-2.18059e-12,-1.5,13.18
-2.18059e-12,-1.5,13.16
-2.18059e-12,-1.5,13.14
-2.18059e-12,-1.5,13.12
-2.18059e-12,-1.5,13.1
-2.18059e-12,-1.5,13.08
-2.18059e-12,-1.5,13.06
-2.18059e-12,-1.5,13.04
-0.17101,-1.53015,13.02
-0.321394,-1.61698,13
-0.433013,-1.75,12.98
-0.483003,-1.82139,12.96
-0.616025,-1.93301,12.94
-0.779201,-1.9924,12.92
-0.866025,-2,12.9
-0.866025,-2,12.88
-0.866025,-2,12.86
-0.866025,-2,12.84
-0.779201,-2.0076,12.82
-0.616025,-2.06699,12.8
-0.483003,-2.17861,12.78
-0.433013,-2.25,12.76
-0.321394,-2.38302,12.74
-0.17101,-2.46985,12.72
-2.97408e-12,-2.5,12.7
-2.97408e-12,-2.5,12.68
-2.97408e-12,-2.5,12.66
-2.97408e-12,-2.5,12.64
-2.97408e-12,-2.5,12.62
-0.17101,-2.53015,12.6
-0.321394,-2.61698,12.58
-0.433013,-2.75,12.56
-0.483003,-2.82139,12.54
-0.616025,-2.93301,12.52
-0.779201,-2.9924,12.5
-0.866025,-3,12.48
-0.866025,-3,12.46
-0.866025,-3,12.44
-0.866025,-3,12.42
-0.866025,-3,12.4
-0.866025,-3,12.38
-0.866025,-3,12.36
-0.866025,-3,12.34
-0.866025,-3,12.32
-0.866025,-3,12.3
-0.866025,-3,12.28
-0.952849,-2.9924,12.26
-1.11603,-2.93301,12.24
-1.24905,-2.82139,12.22
-1.29904,-2.75,12.2
-1.29904,-2.75,12.18
-1.29904,-2.75,12.16
-1.29904,-2.75,12.14
-1.29904,-2.75,12.12
-1.29904,-2.75,12.1
-1.29904,-2.75,12.08
-1.29904,-2.75,12.06
-1.29904,-2.75,12.04
-1.29904,-2.75,12.02
-1.29904,-2.75,12
-1.33587,-2.67101,11.98
-1.36603,-2.5,11.96
-1.33587,-2.32899,11.94
-1.29904,-2.25,11.92
-1.29904,-2.25,11.9
-1.29904,-2.25,11.88
-1.29904,-2.25,11.86
-1.29904,-2.25,11.84
-1.29904,-2.25,11.82
-1.29904,-2.25,11.8
-1.29904,-2.25,11.78
-1.23965,-2.08682,11.76
-1.23965,-1.91318,11.74
-1.29904,-1.75,11.72
-1.29904,-1.75,11.7
-1.29904,-1.75,11.68
-1.29904,-1.75,11.66
-1.29904,-1.75,11.64
-1.29904,-1.75,11.62
-1.29904,-1.75,11.6
-1.29904,-1.75,11.58
-1.33587,-1.67101,11.56
-1.36603,-1.5,11.54
-1.33587,-1.32899,11.52
-1.29904,-1.25,11.5
-1.29904,-1.25,11.48
-1.29904,-1.25,11.46
-1.29904,-1.25,11.44
-1.29904,-1.25,11.42
-1.29904,-1.25,11.4
-1.29904,-1.25,11.38
-1.29904,-1.25,11.36
-1.23965,-1.08682,11.34
-1.23965,-0.913176,11.32
-1.29904,-0.75,11.3
-1.29904,-0.75,11.28
-1.29904,-0.75,11.26
-1.29904,-0.75,11.24
-1.29904,-0.75,11.22
-1.29904,-0.75,11.2
-1.29904,-0.75,11.18
-1.29904,-0.75,11.16
-1.29904,-0.75,11.14
-1.29904,-0.75,11.12
-1.29904,-0.75,11.1
-1.29904,-0.75,11.08
-1.41066,-0.616978,11.06
-1.56104,-0.530154,11.04
-1.73205,-0.5,11.02
-1.81887,-0.492404,11
-1.98205,-0.433013,10.98
-2.11507,-0.321394,10.96
-2.16506,-0.25,10.94
-2.27668,-0.116978,10.92
-2.42707,-0.0301537,10.9
-2.59808,1.71663e-12,10.88
-2.6849,0.00759612,10.86
-2.84808,0.0669873,10.84
-2.9811,0.178606,10.82
-3.03109,0.25,10.8
-3.03109,0.25,10.78
-3.03109,0.25,10.76
-3.03109,0.25,10.74
-3.03109,0.25,10.72
-3.03109,0.25,10.7
-3.03109,0.25,10.68
-3.03109,0.25,10.66
-3.03109,0.25,10.64
-3.03109,0.25,10.62
-3.03109,0.25,10.6
-3.06792,0.32899,10.58
-3.09808,0.5,10.56
-3.06792,0.67101,10.54
-3.03109,0.75,10.52
-3.03109,0.75,10.5
-3.03109,0.75,10.48
-3.03109,0.75,10.46
-3.03109,0.75,10.44
-3.03109,0.75,10.42
-3.03109,0.75,10.4
-3.03109,0.75,10.38
-3.03109,0.75,10.36
-3.03109,0.75,10.34
-3.03109,0.75,10.32
-2.9811,0.821394,10.3
-2.84808,0.933013,10.28
-2.6849,0.992404,10.26
-2.59808,1,10.24
-2.59808,1,10.22
-2.59808,1,10.2
-2.59808,1,10.18
-2.59808,1,10.16
-2.59808,1,10.14
-2.59808,1,10.12
-2.59808,1,10.1
-2.42707,1.03015,10.08
-2.27668,1.11698,10.06
-2.16506,1.25,10.04
-2.16506,1.25,10.02
-2.16506,1.25,10
-2.16506,1.25,9.98
-2.16506,1.25,9.96
-2.22445,1.08682,9.94
-2.22445,0.913176,9.92
-2.16506,0.75,9.9
-2.16506,0.75,9.88
-2.16506,0.75,9.86
-2.16506,0.75,9.84
-2.16506,0.75,9.82
-2.16506,0.75,9.8
-2.16506,0.75,9.78
-2.16506,0.75,9.76
-2.12823,0.67101,9.74
-2.09808,0.5,9.72
-2.12823,0.32899,9.7
-2.16506,0.25,9.68
-2.16506,0.25,9.66
-2.16506,0.25,9.64
-2.16506,0.25,9.62
-2.11507,0.321394,9.6
-1.98205,0.433013,9.58
-1.81887,0.492404,9.56
-1.73205,0.5,9.54
-1.73205,0.5,9.52
-1.73205,0.5,9.5
-1.73205,0.5,9.48
-1.73205,0.5,9.46
-1.73205,0.5,9.44
-1.73205,0.5,9.42
-1.73205,0.5,9.4
-1.56104,0.530154,9.38
-1.41066,0.616978,9.36
-1.29904,0.75,9.34
-1.29904,0.75,9.32
-1.29904,0.75,9.3
-1.29904,0.75,9.28
-1.29904,0.75,9.26
-1.29904,0.75,9.24
-1.29904,0.75,9.22
-1.29904,0.75,9.2
-1.29904,0.75,9.18
-1.29904,0.75,9.16
-1.29904,0.75,9.14
-1.29904,0.75,9.12
-1.23965,0.913176,9.1
-1.23965,1.08682,9.08
-1.29904,1.25,9.06
-1.33587,1.32899,9.04
-1.36603,1.5,9.02
-1.33587,1.67101,9
-1.29904,1.75,8.98
-1.29904,1.75,8.96
-1.29904,1.75,8.94
-1.29904,1.75,8.92
-1.34903,1.67861,8.9
-1.48205,1.56699,8.88
-1.64523,1.5076,8.86
-1.73205,1.5,8.84
-1.90306,1.46985,8.82
-2.05344,1.38302,8.8
-2.16506,1.25,8.78
-2.16506,1.25,8.76
-2.16506,1.25,8.74
-2.16506,1.25,8.72
-2.16506,1.25,8.7
-2.10567,1.41318,8.68
-2.10567,1.58682,8.66
-2.16506,1.75,8.64
-2.2019,1.82899,8.62
-2.23205,2,8.6
-2.2019,2.17101,8.58
-2.16506,2.25,8.56
-2.16506,2.25,8.54
-2.16506,2.25,8.52
-2.16506,2.25,8.5
-2.16506,2.25,8.48
-2.16506,2.25,8.46
-2.16506,2.25,8.44
-2.16506,2.25,8.42
-2.16506,2.25,8.4
-2.16506,2.25,8.38
-2.16506,2.25,8.36
-2.11507,2.32139,8.34
-1.98205,2.43301,8.32
-1.81887,2.4924,8.3
-1.73205,2.5,8.28
-1.73205,2.5,8.26
-1.73205,2.5,8.24
-1.73205,2.5,8.22
-1.73205,2.5,8.2
-1.73205,2.5,8.18
-1.73205,2.5,8.16
-1.73205,2.5,8.14
-1.73205,2.5,8.12
-1.73205,2.5,8.1
-1.73205,2.5,8.08
-1.64523,2.4924,8.06
-1.48205,2.43301,8.04
-1.34903,2.32139,8.02
-1.29904,2.25,8
-1.29904,2.25,7.98
-1.29904,2.25,7.96
-1.29904,2.25,7.94
-1.29904,2.25,7.92
-1.29904,2.25,7.9
-1.29904,2.25,7.88
-1.29904,2.25,7.86
-1.18742,2.11698,7.84
-1.03704,2.03015,7.82
-0.866025,2,7.8
-0.866025,2,7.78
-0.866025,2,7.76
-0.866025,2,7.74
-0.866025,2,7.72
-0.866025,2,7.7
-0.866025,2,7.68
-0.866025,2,7.66
-0.779201,1.9924,7.64
-0.616025,1.93301,7.62
-0.483003,1.82139,7.6
-0.433013,1.75,7.58
-0.433013,1.75,7.56
-0.433013,1.75,7.54
-0.433013,1.75,7.52
-0.433013,1.75,7.5
-0.433013,1.75,7.48
-0.433013,1.75,7.46
-0.433013,1.75,7.44
-0.321394,1.61698,7.42
-0.17101,1.53015,7.4
1.98094e-13,1.5,7.38
1.98094e-13,1.5,7.36
1.98094e-13,1.5,7.34
1.98094e-13,1.5,7.32
1.98094e-13,1.5,7.3
1.98094e-13,1.5,7.28
1.98094e-13,1.5,7.26
1.98094e-13,1.5,7.24
1.98094e-13,1.5,7.22
1.98094e-13,1.5,7.2
1.98094e-13,1.5,7.18
1.98094e-13,1.5,7.16
0.17101,1.53015,7.14
0.321394,1.61698,7.12
0.433013,1.75,7.1
0.483003,1.82139,7.08
0.616025,1.93301,7.06
0.779201,1.9924,7.04
0.866025,2,7.02
1.03704,2.03015,7
1.18742,2.11698,6.98
1.29904,2.25,6.96
1.34903,2.32139,6.94
1.48205,2.43301,6.92
1.64523,2.4924,6.9
1.73205,2.5,6.88
1.73205,2.5,6.86
1.73205,2.5,6.84
1.73205,2.5,6.82
1.73205,2.5,6.8
1.73205,2.5,6.78
1.73205,2.5,6.76
1.73205,2.5,6.74
1.73205,2.5,6.72
1.73205,2.5,6.7
1.73205,2.5,6.68
1.81887,2.4924,6.66
1.98205,2.43301,6.64
2.11507,2.32139,6.62
2.16506,2.25,6.6
2.16506,2.25,6.58
2.16506,2.25,6.56
2.16506,2.25,6.54
2.16506,2.25,6.52
2.16506,2.25,6.5
2.16506,2.25,6.48
2.16506,2.25,6.46
2.16506,2.25,6.44
2.16506,2.25,6.42
2.16506,2.25,6.4
2.2019,2.17101,6.38
2.23205,2,6.36
2.2019,1.82899,6.34
2.16506,1.75,6.32
2.16506,1.75,6.3
2.16506,1.75,6.28
2.16506,1.75,6.26
2.16506,1.75,6.24
2.16506,1.75,6.22
2.16506,1.75,6.2
2.16506,1.75,6.18
2.10567,1.58682,6.16
2.10567,1.41318,6.14
2.16506,1.25,6.12
2.16506,1.25,6.1
2.16506,1.25,6.08
2.16506,1.25,6.06
2.16506,1.25,6.04
2.05344,1.38302,6.02
1.90306,1.46985,6
1.73205,1.5,5.98
1.73205,1.5,5.96
1.73205,1.5,5.94
1.73205,1.5,5.92
1.73205,1.5,5.9
1.73205,1.5,5.88
1.73205,1.5,5.86
1.73205,1.5,5.84
1.64523,1.5076,5.82
1.48205,1.56699,5.8
1.34903,1.67861,5.78
1.29904,1.75,5.76
1.29904,1.75,5.74
1.29904,1.75,5.72
1.29904,1.75,5.7
1.33587,1.67101,5.68
1.36603,1.5,5.66
1.33587,1.32899,5.64
1.29904,1.25,5.62
1.29904,1.25,5.6
1.29904,1.25,5.58
1.29904,1.25,5.56
1.29904,1.25,5.54
1.29904,1.25,5.52
1.29904,1.25,5.5
1.29904,1.25,5.48
1.23965,1.08682,5.46
1.23965,0.913176,5.44
1.29904,0.75,5.42
1.29904,0.75,5.4
1.29904,0.75,5.38
1.29904,0.75,5.36
1.29904,0.75,5.34
1.29904,0.75,5.32
1.29904,0.75,5.3
1.29904,0.75,5.28
1.29904,0.75,5.26
1.29904,0.75,5.24
1.29904,0.75,5.22
1.29904,0.75,5.2
1.41066,0.616978,5.18
1.56104,0.530154,5.16
1.73205,0.5,5.14
1.81887,0.492404,5.12
1.98205,0.433013,5.1
2.11507,0.321394,5.08
2.16506,0.25,5.06
2.16506,0.25,5.04
2.16506,0.25,5.02
2.16506,0.25,5
2.12823,0.32899,4.98
2.09808,0.5,4.96
2.12823,0.67101,4.94
2.16506,0.75,4.92
2.22445,0.913176,4.9
2.22445,1.08682,4.88
2.16506,1.25,4.86
2.16506,1.25,4.84
2.16506,1.25,4.82
2.16506,1.25,4.8
2.16506,1.25,4.78
2.27668,1.11698,4.76
2.42707,1.03015,4.74
2.59808,1,4.72
2.6849,0.992404,4.7
2.84808,0.933013,4.68
2.9811,0.821394,4.66
3.03109,0.75,4.64
3.03109,0.75,4.62
3.03109,0.75,4.6
3.03109,0.75,4.58
3.03109,0.75,4.56
3.03109,0.75,4.54
3.03109,0.75,4.52
3.03109,0.75,4.5
3.03109,0.75,4.48
3.03109,0.75,4.46
3.03109,0.75,4.44
3.06792,0.67101,4.42
3.09808,0.5,4.4
3.06792,0.32899,4.38
3.03109,0.25,4.36
3.03109,0.25,4.34
3.03109,0.25,4.32
3.03109,0.25,4.3
3.03109,0.25,4.28
3.03109,0.25,4.26
3.03109,0.25,4.24
3.03109,0.25,4.22
3.03109,0.25,4.2
3.03109,0.25,4.18
3.03109,0.25,4.16
2.9811,0.178606,4.14
2.84808,0.0669873,4.12
2.6849,0.00759612,4.1
2.59808,-3.77653e-12,4.08
2.59808,-3.77653e-12,4.06
2.59808,-3.77653e-12,4.04
2.59808,-3.77653e-12,4.02
2.59808,-3.77653e-12,4
2.59808,-3.77653e-12,3.98
2.59808,-3.77653e-12,3.96
2.59808,-3.77653e-12,3.94
2.42707,-0.0301537,3.92
2.27668,-0.116978,3.9
2.16506,-0.25,3.88
2.16506,-0.25,3.86
2.16506,-0.25,3.84
2.16506,-0.25,3.82
2.16506,-0.25,3.8
2.16506,-0.25,3.78
2.16506,-0.25,3.76
2.16506,-0.25,3.74
2.11507,-0.321394,3.72
1.98205,-0.433013,3.7
1.81887,-0.492404,3.68
1.73205,-0.5,3.66
1.73205,-0.5,3.64
1.73205,-0.5,3.62
1.73205,-0.5,3.6
1.73205,-0.5,3.58
1.73205,-0.5,3.56
1.73205,-0.5,3.54
1.73205,-0.5,3.52
1.56104,-0.530154,3.5
1.41066,-0.616978,3.48
1.29904,-0.75,3.46
1.29904,-0.75,3.44
1.29904,-0.75,3.42
1.29904,-0.75,3.4
1.29904,-0.75,3.38
1.29904,-0.75,3.36
1.29904,-0.75,3.34
1.29904,-0.75,3.32
1.29904,-0.75,3.3
1.29904,-0.75,3.28
1.29904,-0.75,3.26
1.29904,-0.75,3.24
1.23965,-0.913176,3.22
1.23965,-1.08682,3.2
1.29904,-1.25,3.18
1.33587,-1.32899,3.16
1.36603,-1.5,3.14
1.33587,-1.67101,3.12
1.29904,-1.75,3.1
1.23965,-1.91318,3.08
1.23965,-2.08682,3.06
1.29904,-2.25,3.04
1.33587,-2.32899,3.02
1.36603,-2.5,3
1.33587,-2.67101,2.98
1.29904,-2.75,2.96
1.29904,-2.75,2.94
1.29904,-2.75,2.92
1.29904,-2.75,2.9
1.29904,-2.75,2.88
1.29904,-2.75,2.86
1.29904,-2.75,2.84
1.29904,-2.75,2.82
1.29904,-2.75,2.8
1.29904,-2.75,2.78
1.29904,-2.75,2.76
1.24905,-2.82139,2.74
1.11603,-2.93301,2.72
0.952849,-2.9924,2.7
0.866025,-3,2.68
0.866025,-3,2.66
0.866025,-3,2.64
0.866025,-3,2.62
0.866025,-3,2.6
0.866025,-3,2.58
0.866025,-3,2.56
0.866025,-3,2.54
0.866025,-3,2.52
0.866025,-3,2.5
0.866025,-3,2.48
0.779201,-2.9924,2.46
0.616025,-2.93301,2.44
0.483003,-2.82139,2.42
0.433013,-2.75,2.4
0.433013,-2.75,2.38
0.433013,-2.75,2.36
0.433013,-2.75,2.34
0.433013,-2.75,2.32
0.433013,-2.75,2.3
0.433013,-2.75,2.28
0.433013,-2.75,2.26
0.321394,-2.61698,2.24
0.17101,-2.53015,2.22
-2.577e-12,-2.5,2.2
-3.37005e-12,-2.5,2.18
-3.37005e-12,-2.5,2.16
-3.37005e-12,-2.5,2.14
-3.37005e-12,-2.5,2.12
0.17101,-2.46985,2.1
0.321394,-2.38302,2.08
0.433013,-2.25,2.06
0.433013,-2.25,2.04
0.433013,-2.25,2.02
0.433013,-2.25,2
0.433013,-2.25,1.98
0.433013,-2.25,1.96
0.433013,-2.25,1.94
0.433013,-2.25,1.92
0.483003,-2.17861,1.9
0.616025,-2.06699,1.88
0.779201,-2.0076,1.86
0.866025,-2,1.84
0.866025,-2,1.82
0.866025,-2,1.8
0.866025,-2,1.78
0.779201,-1.9924,1.76
0.616025,-1.93301,1.74
0.483003,-1.82139,1.72
0.433013,-1.75,1.7
0.433013,-1.75,1.68
0.433013,-1.75,1.66
0.433013,-1.75,1.64
0.433013,-1.75,1.62
0.433013,-1.75,1.6
0.433013,-1.75,1.58
0.433013,-1.75,1.56
0.321394,-1.61698,1.54
0.17101,-1.53015,1.52
-1.38755e-12,-1.5,1.5
-2.18059e-12,-1.5,1.48
-2.18059e-12,-1.5,1.46
-2.18059e-12,-1.5,1.44
-2.18059e-12,-1.5,1.42
-2.18059e-12,-1.5,1.4
-2.18059e-12,-1.5,1.38
-2.18059e-12,-1.5,1.36
-2.18059e-12,-1.5,1.34
-2.18059e-12,-1.5,1.32
-2.18059e-12,-1.5,1.3
-2.18059e-12,-1.5,1.28
-0.17101,-1.53015,1.26
-0.321394,-1.61698,1.24
-0.433013,-1.75,1.22
-0.483003,-1.82139,1.2
-0.616025,-1.93301,1.18
-0.779201,-1.9924,1.16
-0.866025,-2,1.14
-0.866025,-2,1.12
-0.866025,-2,1.1
-0.866025,-2,1.08
-0.779201,-2.0076,1.06
-0.616025,-2.06699,1.04
-0.483003,-2.17861,1.02
-0.433013,-2.25,1
-0.321394,-2.38302,0.98
-0.17101,-2.46985,0.96
-2.97408e-12,-2.5,0.94
-2.97408e-12,-2.5,0.92
-2.97408e-12,-2.5,0.9
-2.97408e-12,-2.5,0.88
-2.97408e-12,-2.5,0.86
-0.17101,-2.53015,0.84
-0.321394,-2.61698,0.82
-0.433013,-2.75,0.8
-0.483003,-2.82139,0.78
-0.616025,-2.93301,0.76
-0.779201,-2.9924,0.74
-0.866025,-3,0.72
-0.866025,-3,0.7
-0.866025,-3,0.68
-0.866025,-3,0.66
-0.866025,-3,0.64
-0.866025,-3,0.62
-0.866025,-3,0.6
-0.866025,-3,0.58
-0.866025,-3,0.56
-0.866025,-3,0.54
-0.866025,-3,0.52
-0.952849,-2.9924,0.5
-1.11603,-2.93301,0.48
-1.24905,-2.82139,0.46
-1.29904,-2.75,0.44
-1.29904,-2.75,0.42
-1.29904,-2.75,0.4
-1.29904,-2.75,0.38
-1.29904,-2.75,0.36
-1.29904,-2.75,0.34
-1.29904,-2.75,0.32
-1.29904,-2.75,0.3
-1.29904,-2.75,0.28
-1.29904,-2.75,0.26
-1.29904,-2.75,0.24
-1.33587,-2.67101,0.22
-1.36603,-2.5,0.2
-1.33587,-2.32899,0.18
-1.29904,-2.25,0.16
-1.29904,-2.25,0.14
-1.29904,-2.25,0.12
-1.29904,-2.25,0.1
-1.29904,-2.25,0.08
-1.29904,-2.25,0.06
-1.29904,-2.25,0.04
-1.29904,-2.25,0.02
-1.23965,-2.08682,-4.12829e-14
-1.23965,-1.91318,-0.02
-1.29904,-1.75,-0.04
-1.29904,-1.75,-0.06
-1.29904,-1.75,-0.08
-1.29904,-1.75,-0.1
-1.29904,-1.75,-0.12
-1.29904,-1.75,-0.14
-1.29904,-1.75,-0.16
-1.29904,-1.75,-0.18
-1.33587,-1.67101,-0.2
-1.36603,-1.5,-0.22
-1.33587,-1.32899,-0.24
-1.29904,-1.25,-0.26
-1.29904,-1.25,-0.28
-1.29904,-1.25,-0.3
-1.29904,-1.25,-0.32
-1.29904,-1.25,-0.34
-1.29904,-1.25,-0.36
-1.29904,-1.25,-0.38
-1.29904,-1.25,-0.4
-1.23965,-1.08682,-0.42
-1.23965,-0.913176,-0.44
-1.29904,-0.75,-0.46
-1.29904,-0.75,-0.48
-1.29904,-0.75,-0.5
-1.29904,-0.75,-0.52
-1.29904,-0.75,-0.54
-1.29904,-0.75,-0.56
-1.29904,-0.75,-0.58
-1.29904,-0.75,-0.6
-1.29904,-0.75,-0.62
-1.29904,-0.75,-0.64
-1.29904,-0.75,-0.66
-1.29904,-0.75,-0.68
-1.41066,-0.616978,-0.7
-1.56104,-0.530154,-0.72
-1.73205,-0.5,-0.74
-1.81887,-0.492404,-0.76
-1.98205,-0.433013,-0.78
-2.11507,-0.321394,-0.8
-2.16506,-0.25,-0.82
-2.27668,-0.116978,-0.84
-2.42707,-0.0301537,-0.86
-2.59808,1.71663e-12,-0.88
-2.6849,0.00759612,-0.9
-2.84808,0.0669873,-0.92
-2.9811,0.178606,-0.94
-3.03109,0.25,-0.96
-3.03109,0.25,-0.98
-3.03109,0.25,-1
-3.03109,0.25,-1.02
-3.03109,0.25,-1.04
-3.03109,0.25,-1.06
-3.03109,0.25,-1.08
-3.03109,0.25,-1.1
-3.03109,0.25,-1.12
-3.03109,0.25,-1.14
-3.03109,0.25,-1.16
-3.06792,0.32899,-1.18
-3.09808,0.5,-1.2
-3.06792,0.67101,-1.22
-3.03109,0.75,-1.24
-3.03109,0.75,-1.26
-3.03109,0.75,-1.28
-3.03109,0.75,-1.3
-3.03109,0.75,-1.32
-3.03109,0.75,-1.34
-3.03109,0.75,-1.36
-3.03109,0.75,-1.38
-3.03109,0.75,-1.4
-3.03109,0.75,-1.42
-3.03109,0.75,-1.44
-2.9811,0.821394,-1.46
-2.84808,0.933013,-1.48
-2.6849,0.992404,-1.5
-2.59808,1,-1.52
-2.59808,1,-1.54
-2.59808,1,-1.56
-2.59808,1,-1.58
-2.59808,1,-1.6
-2.59808,1,-1.62
-2.59808,1,-1.64
-2.59808,1,-1.66
-2.42707,1.03015,-1.68
-2.27668,1.11698,-1.7
-2.16506,1.25,-1.72
-2.16506,1.25,-1.74
-2.16506,1.25,-1.76
-2.16506,1.25,-1.78
-2.16506,1.25,-1.8
-2.22445,1.08682,-1.82
-2.22445,0.913176,-1.84
-2.16506,0.75,-1.86
-2.16506,0.75,-1.88
-2.16506,0.75,-1.9
-2.16506,0.75,-1.92
-2.16506,0.75,-1.94
-2.16506,0.75,-1.96
-2.16506,0.75,-1.98
-2.16506,0.75,-2
-2.12823,0.67101,-2.02
-2.09808,0.5,-2.04
-2.12823,0.32899,-2.06
-2.16506,0.25,-2.08
-2.16506,0.25,-2.1
-2.16506,0.25,-2.12
-2.16506,0.25,-2.14
-2.11507,0.321394,-2.16
-1.98205,0.433013,-2.18
-1.81887,0.492404,-2.2
-1.73205,0.5,-2.22
-1.73205,0.5,-2.24
-1.73205,0.5,-2.26
-1.73205,0.5,-2.28
-1.73205,0.5,-2.3
-1.73205,0.5,-2.32
-1.73205,0.5,-2.34
-1.73205,0.5,-2.36
-1.56104,0.530154,-2.38
-1.41066,0.616978,-2.4
-1.29904,0.75,-2.42
-1.29904,0.75,-2.44
-1.29904,0.75,-2.46
-1.29904,0.75,-2.48
-1.29904,0.75,-2.5
-1.29904,0.75,-2.52
-1.29904,0.75,-2.54
-1.29904,0.75,-2.56
-1.29904,0.75,-2.58
-1.29904,0.75,-2.6
-1.29904,0.75,-2.62
-1.29904,0.75,-2.64
-1.23965,0.913176,-2.66
-1.23965,1.08682,-2.68
-1.29904,1.25,-2.7
-1.33587,1.32899,-2.72
-1.36603,1.5,-2.74
-1.33587,1.67101,-2.76
-1.29904,1.75,-2.78
-1.29904,1.75,-2.8
-1.29904,1.75,-2.82
-1.29904,1.75,-2.84
-1.34903,1.67861,-2.86
-1.48205,1.56699,-2.88
-1.64523,1.5076,-2.9
-1.73205,1.5,-2.92
-1.90306,1.46985,-2.94
-2.05344,1.38302,-2.96
-2.16506,1.25,-2.98
-2.16506,1.25,-3
-2.16506,1.25,-3.02
-2.16506,1.25,-3.04
-2.16506,1.25,-3.06
-2.10567,1.41318,-3.08
-2.10567,1.58682,-3.1
-2.16506,1.75,-3.12
-2.2019,1.82899,-3.14
-2.23205,2,-3.16
-2.2019,2.17101,-3.18
-2.16506,2.25,-3.2
-2.16506,2.25,-3.22
-2.16506,2.25,-3.24
-2.16506,2.25,-3.26
-2.16506,2.25,-3.28
-2.16506,2.25,-3.3
-2.16506,2.25,-3.32
-2.16506,2.25,-3.34
-2.16506,2.25,-3.36
-2.16506,2.25,-3.38
-2.16506,2.25,-3.4
-2.11507,2.32139,-3.42
-1.98205,2.43301,-3.44
-1.81887,2.4924,-3.46
-1.73205,2.5,-3.48
-1.73205,2.5,-3.5
-1.73205,2.5,-3.52
-1.73205,2.5,-3.54
-1.73205,2.5,-3.56
-1.73205,2.5,-3.58
-1.73205,2.5,-3.6
-1.73205,2.5,-3.62
-1.73205,2.5,-3.64
-1.73205,2.5,-3.66
-1.73205,2.5,-3.68
-1.64523,2.4924,-3.7
-1.48205,2.43301,-3.72
-1.34903,2.32139,-3.74
-1.29904,2.25,-3.76
-1.29904,2.25,-3.78
-1.29904,2.25,-3.8
-1.29904,2.25,-3.82
-1.29904,2.25,-3.84
-1.29904,2.25,-3.86
-1.29904,2.25,-3.88
-1.29904,2.25,-3.9
-1.18742,2.11698,-3.92
-1.03704,2.03015,-3.94
-0.866025,2,-3.96
-0.866025,2,-3.98
-0.866025,2,-4
-0.866025,2,-4.02
-0.866025,2,-4.04
-0.866025,2,-4.06
-0.866025,2,-4.08
-0.866025,2,-4.1
-0.779201,1.9924,-4.12
-0.616025,1.93301,-4.14
-0.483003,1.82139,-4.16
-0.433013,1.75,-4.18
-0.433013,1.75,-4.2
-0.433013,1.75,-4.22
-0.433013,1.75,-4.24
-0.433013,1.75,-4.26
-0.433013,1.75,-4.28
-0.433013,1.75,-4.3
-0.433013,1.75,-4.32
-0.321394,1.61698,-4.34
-0.17101,1.53015,-4.36
1.98094e-13,1.5,-4.38
1.98094e-13,1.5,-4.4
1.98094e-13,1.5,-4.42
1.98094e-13,1.5,-4.44
1.98094e-13,1.5,-4.46
1.98094e-13,1.5,-4.48
1.98094e-13,1.5,-4.5
1.98094e-13,1.5,-4.52
1.98094e-13,1.5,-4.54
1.98094e-13,1.5,-4.56
1.98094e-13,1.5,-4.58
1.98094e-13,1.5,-4.6
0.17101,1.53015,-4.62
0.321394,1.61698,-4.64
0.433013,1.75,-4.66
0.483003,1.82139,-4.68
0.616025,1.93301,-4.7
0.779201,1.9924,-4.72
0.866025,2,-4.74
1.03704,2.03015,-4.76
1.18742,2.11698,-4.78
1.29904,2.25,-4.8
1.34903,2.32139,-4.82
1.48205,2.43301,-4.84
1.64523,2.4924,-4.86
1.73205,2.5,-4.88
1.73205,2.5,-4.9
1.73205,2.5,-4.92
1.73205,2.5,-4.94
1.73205,2.5,-4.96
1.73205,2.5,-4.98
1.73205,2.5,-5
1.73205,2.5,-5.02
1.73205,2.5,-5.04
1.73205,2.5,-5.06
1.73205,2.5,-5.08
1.81887,2.4924,-5.1
1.98205,2.43301,-5.12
2.11507,2.32139,-5.14
2.16506,2.25,-5.16
2.16506,2.25,-5.18
2.16506,2.25,-5.2
2.16506,2.25,-5.22
2.16506,2.25,-5.24
2.16506,2.25,-5.26
2.16506,2.25,-5.28
2.16506,2.25,-5.3
2.16506,2.25,-5.32
2.16506,2.25,-5.34
2.16506,2.25,-5.36
2.2019,2.17101,-5.38
2.23205,2,-5.4
2.2019,1.82899,-5.42
2.16506,1.75,-5.44
2.16506,1.75,-5.46
2.16506,1.75,-5.48
2.16506,1.75,-5.5
2.16506,1.75,-5.52
2.16506,1.75,-5.54
2.16506,1.75,-5.56
2.16506,1.75,-5.58
2.10567,1.58682,-5.6
2.10567,1.41318,-5.62
2.16506,1.25,-5.64
2.16506,1.25,-5.66
2.16506,1.25,-5.68
2.16506,1.25,-5.7
2.16506,1.25,-5.72
2.05344,1.38302,-5.74
1.90306,1.46985,-5.76
1.73205,1.5,-5.78
1.73205,1.5,-5.8
1.73205,1.5,-5.82
1.73205,1.5,-5.84
1.73205,1.5,-5.86
1.73205,1.5,-5.88
1.73205,1.5,-5.9
1.73205,1.5,-5.92
1.64523,1.5076,-5.94
1.48205,1.56699,-5.96
1.34903,1.67861,-5.98
1.29904,1.75,-6
1.29904,1.75,-6.02
1.29904,1.75,-6.04
1.29904,1.75,-6.06
1.33587,1.67101,-6.08
1.36603,1.5,-6.1
1.33587,1.32899,-6.12
1.29904,1.25,-6.14
1.29904,1.25,-6.16
1.29904,1.25,-6.18
1.29904,1.25,-6.2
1.29904,1.25,-6.22
1.29904,1.25,-6.24
1.29904,1.25,-6.26
1.29904,1.25,-6.28
1.23965,1.08682,-6.3
1.23965,0.913176,-6.32
1.29904,0.75,-6.34
1.29904,0.75,-6.36
1.29904,0.75,-6.38
1.29904,0.75,-6.4
1.29904,0.75,-6.42
1.29904,0.75,-6.44
1.29904,0.75,-6.46
1.29904,0.75,-6.48
1.29904,0.75,-6.5
1.29904,0.75,-6.52
1.29904,0.75,-6.54
1.29904,0.75,-6.56
1.41066,0.616978,-6.58
1.56104,0.530154,-6.6
1.73205,0.5,-6.62
1.81887,0.492404,-6.64
1.98205,0.433013,-6.66
2.11507,0.321394,-6.68
2.16506,0.25,-6.7
2.16506,0.25,-6.72
2.16506,0.25,-6.74
2.16506,0.25,-6.76
2.12823,0.32899,-6.78
2.09808,0.5,-6.8
2.12823,0.67101,-6.82
2.16506,0.75,-6.84
2.22445,0.913176,-6.86
2.22445,1.08682,-6.88
2.16506,1.25,-6.9
2.16506,1.25,-6.92
2.16506,1.25,-6.94
2.16506,1.25,-6.96
2.16506,1.25,-6.98
2.27668,1.11698,-7
2.42707,1.03015,-7.02
2.59808,1,-7.04
2.6849,0.992404,-7.06
2.84808,0.933013,-7.08
2.9811,0.821394,-7.1
3.03109,0.75,-7.12
3.03109,0.75,-7.14
3.03109,0.75,-7.16
3.03109,0.75,-7.18
3.03109,0.75,-7.2
3.03109,0.75,-7.22
3.03109,0.75,-7.24
3.03109,0.75,-7.26
3.03109,0.75,-7.28
3.03109,0.75,-7.3
3.03109,0.75,-7.32
3.06792,0.67101,-7.34
3.09808,0.5,-7.36
3.06792,0.32899,-7.38
3.03109,0.25,-7.4
3.03109,0.25,-7.42
3.03109,0.25,-7.44
3.03109,0.25,-7.46
3.03109,0.25,-7.48
3.03109,0.25,-7.5
3.03109,0.25,-7.52
3.03109,0.25,-7.54
3.03109,0.25,-7.56
3.03109,0.25,-7.58
3.03109,0.25,-7.6
2.9811,0.178606,-7.62
2.84808,0.0669873,-7.64
2.6849,0.00759612,-7.66
2.59808,-3.77653e-12,-7.68
2.59808,-3.77653e-12,-7.7
2.59808,-3.77653e-12,-7.72
2.59808,-3.77653e-12,-7.74
2.59808,-3.77653e-12,-7.76
2.59808,-3.77653e-12,-7.78
2.59808,-3.77653e-12,-7.8
2.59808,-3.77653e-12,-7.82
2.42707,-0.0301537,-7.84
2.27668,-0.116978,-7.86
2.16506,-0.25,-7.88
2.16506,-0.25,-7.9
2.16506,-0.25,-7.92
2.16506,-0.25,-7.94
2.16506,-0.25,-7.96
2.16506,-0.25,-7.98
2.16506,-0.25,-8
2.16506,-0.25,-8.02
2.11507,-0.321394,-8.04
1.98205,-0.433013,-8.06
1.81887,-0.492404,-8.08
1.73205,-0.5,-8.1
1.73205,-0.5,-8.12
1.73205,-0.5,-8.14
1.73205,-0.5,-8.16
1.73205,-0.5,-8.18
1.73205,-0.5,-8.2
1.73205,-0.5,-8.22
1.73205,-0.5,-8.24
1.56104,-0.530154,-8.26
1.41066,-0.616978,-8.28
1.29904,-0.75,-8.3
1.29904,-0.75,-8.32
1.29904,-0.75,-8.34
1.29904,-0.75,-8.36
1.29904,-0.75,-8.38
1.29904,-0.75,-8.4
1.29904,-0.75,-8.42
1.29904,-0.75,-8.44
1.29904,-0.75,-8.46
1.29904,-0.75,-8.48
1.29904,-0.75,-8.5
1.29904,-0.75,-8.52
1.23965,-0.913176,-8.54
1.23965,-1.08682,-8.56
1.29904,-1.25,-8.58
1.33587,-1.32899,-8.6
1.36603,-1.5,-8.62
1.33587,-1.67101,-8.64
1.29904,-1.75,-8.66
1.23965,-1.91318,-8.68
1.23965,-2.08682,-8.7
1.29904,-2.25,-8.72
1.33587,-2.32899,-8.74
1.36603,-2.5,-8.76
1.33587,-2.67101,-8.78
1.29904,-2.75,-8.8
1.29904,-2.75,-8.82
1.29904,-2.75,-8.84
1.29904,-2.75,-8.86
1.29904,-2.75,-8.88
1.29904,-2.75,-8.9
1.29904,-2.75,-8.92
1.29904,-2.75,-8.94
1.29904,-2.75,-8.96
1.29904,-2.75,-8.98
1.29904,-2.75,-9
1.24905,-2.82139,-9.02
1.11603,-2.93301,-9.04
0.952849,-2.9924,-9.06
0.866025,-3,-9.08
0.866025,-3,-9.1
0.866025,-3,-9.12
0.866025,-3,-9.14
0.866025,-3,-9.16
0.866025,-3,-9.18
0.866025,-3,-9.2
0.866025,-3,-9.22
0.866025,-3,-9.24
0.866025,-3,-9.26
0.866025,-3,-9.28
0.779201,-2.9924,-9.3
0.616025,-2.93301,-9.32
0.483003,-2.82139,-9.34
0.433013,-2.75,-9.36
0.433013,-2.75,-9.38
0.433013,-2.75,-9.4
0.433013,-2.75,-9.42
0.433013,-2.75,-9.44
0.433013,-2.75,-9.46
0.433013,-2.75,-9.48
0.433013,-2.75,-9.5
0.321394,-2.61698,-9.52
0.17101,-2.53015,-9.54
-2.577e-12,-2.5,-9.56
-3.37005e-12,-2.5,-9.58
-3.37005e-12,-2.5,-9.6
-3.37005e-12,-2.5,-9.62
-3.37005e-12,-2.5,-9.64
0.17101,-2.46985,-9.66
0.321394,-2.38302,-9.68
0.433013,-2.25,-9.7
0.433013,-2.25,-9.72
0.433013,-2.25,-9.74
0.433013,-2.25,-9.76
0.433013,-2.25,-9.78
0.433013,-2.25,-9.8
0.433013,-2.25,-9.82
0.433013,-2.25,-9.84
0.483003,-2.17861,-9.86
0.616025,-2.06699,-9.88
0.779201,-2.0076,-9.9
0.866025,-2,-9.92
0.866025,-2,-9.94
0.866025,-2,-9.96
0.866025,-2,-9.98
0.779201,-1.9924,-10
0.616025,-1.93301,-10.02
0.483003,-1.82139,-10.04
0.433013,-1.75,-10.06
0.433013,-1.75,-10.08
0.433013,-1.75,-10.1
0.433013,-1.75,-10.12
0.433013,-1.75,-10.14
0.433013,-1.75,-10.16
0.433013,-1.75,-10.18
0.433013,-1.75,-10.2
0.321394,-1.61698,-10.22
0.17101,-1.53015,-10.24
-1.38755e-12,-1.5,-10.26
-2.18059e-12,-1.5,-10.28
-2.18059e-12,-1.5,-10.3
-2.18059e-12,-1.5,-10.32
-2.18059e-12,-1.5,-10.34
-2.18059e-12,-1.5,-10.36
-2.18059e-12,-1.5,-10.38
-2.18059e-12,-1.5,-10.4
-2.18059e-12,-1.5,-10.42
-2.18059e-12,-1.5,-10.44
-2.18059e-12,-1.5,-10.46
-2.18059e-12,-1.5,-10.48
-0.17101,-1.53015,-10.5
-0.321394,-1.61698,-10.52
-0.433013,-1.75,-10.54
-0.483003,-1.82139,-10.56
-0.616025,-1.93301,-10.58
-0.779201,-1.9924,-10.6
-0.866025,-2,-10.62
-0.866025,-2,-10.64
-0.866025,-2,-10.66
-0.866025,-2,-10.68
-0.779201,-2.0076,-10.7
-0.616025,-2.06699,-10.72
-0.483003,-2.17861,-10.74
-0.433013,-2.25,-10.76
-0.321394,-2.38302,-10.78
-0.17101,-2.46985,-10.8
-2.97408e-12,-2.5,-10.82
-2.97408e-12,-2.5,-10.84
-2.97408e-12,-2.5,-10.86
-2.97408e-12,-2.5,-10.88
-2.97408e-12,-2.5,-10.9
-0.17101,-2.53015,-10.92
-0.321394,-2.61698,-10.94
-0.433013,-2.75,-10.96
-0.483003,-2.82139,-10.98
-0.616025,-2.93301,-11
-0.779201,-2.9924,-11.02
-0.866025,-3,-11.04
-0.866025,-3,-11.06
-0.866025,-3,-11.08
-0.866025,-3,-11.1
-0.866025,-3,-11.12
-0.866025,-3,-11.14
-0.866025,-3,-11.16
-0.866025,-3,-11.18
-0.866025,-3,-11.2
-0.866025,-3,-11.22
-0.866025,-3,-11.24
-0.952849,-2.9924,-11.26
-1.11603,-2.93301,-11.28
-1.24905,-2.82139,-11.3
-1.29904,-2.75,-11.32
-1.29904,-2.75,-11.34
-1.29904,-2.75,-11.36
-1.29904,-2.75,-11.38
-1.29904,-2.75,-11.4
-1.29904,-2.75,-11.42
-1.29904,-2.75,-11.44
-1.29904,-2.75,-11.46
-1.29904,-2.75,-11.48
-1.29904,-2.75,-11.5
-1.29904,-2.75,-11.52
-1.33587,-2.67101,-11.54
-1.36603,-2.5,-11.56
-1.33587,-2.32899,-11.58
-1.29904,-2.25,-11.6
-1.29904,-2.25,-11.62
-1.29904,-2.25,-11.64
-1.29904,-2.25,-11.66
-1.29904,-2.25,-11.68
-1.29904,-2.25,-11.7
-1.29904,-2.25,-11.72
-1.29904,-2.25,-11.74
-1.23965,-2.08682,-11.76
-1.23965,-1.91318,-11.78
-1.29904,-1.75,-11.8
-1.29904,-1.75,-11.82
-1.29904,-1.75,-11.84
-1.29904,-1.75,-11.86
-1.29904,-1.75,-11.88
-1.29904,-1.75,-11.9
-1.29904,-1.75,-11.92
-1.29904,-1.75,-11.94
-1.33587,-1.67101,-11.96
-1.36603,-1.5,-11.98
-1.33587,-1.32899,-12
-1.29904,-1.25,-12.02
-1.29904,-1.25,-12.04
-1.29904,-1.25,-12.06
-1.29904,-1.25,-12.08
-1.29904,-1.25,-12.1
-1.29904,-1.25,-12.12
-1.29904,-1.25,-12.14
-1.29904,-1.25,-12.16
-1.23965,-1.08682,-12.18
-1.23965,-0.913176,-12.2
-1.29904,-0.75,-12.22
-1.29904,-0.75,-12.24
-1.29904,-0.75,-12.26
-1.29904,-0.75,-12.28
-1.29904,-0.75,-12.3
-1.29904,-0.75,-12.32
-1.29904,-0.75,-12.34
-1.29904,-0.75,-12.36
-1.29904,-0.75,-12.38
-1.29904,-0.75,-12.4
-1.29904,-0.75,-12.42
-1.29904,-0.75,-12.44
-1.41066,-0.616978,-12.46
-1.56104,-0.530154,-12.48
-1.73205,-0.5,-12.5
-1.81887,-0.492404,-12.52
-1.98205,-0.433013,-12.54
-2.11507,-0.321394,-12.56
-2.16506,-0.25,-12.58
-2.27668,-0.116978,-12.6
-2.42707,-0.0301537,-12.62
-2.59808,1.71663e-12,-12.64
-2.6849,0.00759612,-12.66
-2.84808,0.0669873,-12.68
-2.9811,0.178606,-12.7
-3.03109,0.25,-12.72
-3.03109,0.25,-12.74
-3.03109,0.25,-12.76
-3.03109,0.25,-12.78
-3.03109,0.25,-12.8
-3.03109,0.25,-12.82
-3.03109,0.25,-12.84
-3.03109,0.25,-12.86
-3.03109,0.25,-12.88
-3.03109,0.25,-12.9
-3.03109,0.25,-12.92
-3.06792,0.32899,-12.94
-3.09808,0.5,-12.96
-3.06792,0.67101,-12.98
-3.03109,0.75,-13
-3.03109,0.75,-13.02
-3.03109,0.75,-13.04
-3.03109,0.75,-13.06
-3.03109,0.75,-13.08
-3.03109,0.75,-13.1
-3.03109,0.75,-13.12
-3.03109,0.75,-13.14
-3.03109,0.75,-13.16
-3.03109,0.75,-13.18
-3.03109,0.75,-13.2
-2.9811,0.821394,-13.22
-2.84808,0.933013,-13.24
-2.6849,0.992404,-13.26
-2.59808,1,-13.28
-2.59808,1,-13.3
-2.59808,1,-13.32
-2.59808,1,-13.34
-2.59808,1,-13.36
-2.59808,1,-13.38
-2.59808,1,-13.4
-2.59808,1,-13.42
-2.42707,1.03015,-13.44
-2.27668,1.11698,-13.46
-2.16506,1.25,-13.48
-2.16506,1.25,-13.5
-2.16506,1.25,-13.52
-2.16506,1.25,-13.54
-2.16506,1.25,-13.56
-2.22445,1.08682,-13.58
-2.22445,0.913176,-13.6
-2.16506,0.75,-13.62
-2.16506,0.75,-13.64
-2.16506,0.75,-13.66
-2.16506,0.75,-13.68
-2.16506,0.75,-13.7
-2.16506,0.75,-13.72
-2.16506,0.75,-13.74
-2.16506,0.75,-13.76
-2.12823,0.67101,-13.78
-2.09808,0.5,-13.8
-2.12823,0.32899,-13.82
-2.16506,0.25,-13.84
-2.16506,0.25,-13.86
-2.16506,0.25,-13.88
-2.16506,0.25,-13.9
-2.11507,0.321394,-13.92
-1.98205,0.433013,-13.94
-1.81887,0.492404,-13.96
-1.73205,0.5,-13.98
-1.73205,0.5,-14
-1.73205,0.5,-14.02
-1.73205,0.5,-14.04
-1.73205,0.5,-14.06
-1.73205,0.5,-14.08
-1.73205,0.5,-14.1
-1.73205,0.5,-14.12
-1.56104,0.530154,-14.14
-1.41066,0.616978,-14.16
-1.29904,0.75,-14.18
-1.29904,0.75,-14.2
-1.29904,0.75,-14.22
-1.29904,0.75,-14.24
-1.29904,0.75,-14.26
-1.29904,0.75,-14.28
-1.29904,0.75,-14.3
-1.29904,0.75,-14.32
-1.29904,0.75,-14.34
-1.29904,0.75,-14.36
-1.29904,0.75,-14.38
-1.29904,0.75,-14.4
-1.23965,0.913176,-14.42
-1.23965,1.08682,-14.44
-1.29904,1.25,-14.46
-1.33587,1.32899,-14.48
-1.36603,1.5,-14.5
-1.33587,1.67101,-14.52
-1.29904,1.75,-14.54
-1.29904,1.75,-14.56
-1.29904,1.75,-14.58
-1.29904,1.75,-14.6
-1.34903,1.67861,-14.62
-1.48205,1.56699,-14.64
-1.64523,1.5076,-14.66
-1.73205,1.5,-14.68
-1.90306,1.46985,-14.7
-2.05344,1.38302,-14.72
-2.16506,1.25,-14.74
-2.16506,1.25,-14.76
-2.16506,1.25,-14.78
-2.16506,1.25,-14.8
-2.16506,1.25,-14.82
-2.10567,1.41318,-14.84
-2.10567,1.58682,-14.86
-2.16506,1.75,-14.88
-2.2019,1.82899,-14.9
-2.23205,2,-14.92
-2.2019,2.17101,-14.94
-2.16506,2.25,-14.96
-2.16506,2.25,-14.98
