0.866025,-3.0,14.98
0.866025,-3.0,14.96
0.866025,-3.0,14.94
0.866025,-3.0,14.92
0.866025,-3.0,14.9
0.866025,-3.0,14.88
0.866025,-3.0,14.86
0.866025,-3.0,14.84
0.866025,-3.0,14.82
0.866025,-3.0,14.8
0.779201,-2.9924,14.78
0.616025,-2.93301,14.76
0.483003,-2.82139,14.74
0.433013,-2.75,14.72
0.433013,-2.75,14.7
0.433013,-2.75,14.68
0.433013,-2.75,14.66
0.433013,-2.75,14.64
0.433013,-2.75,14.64
0.433013,-2.75,14.62
0.433013,-2.75,14.6
0.433013,-2.75,14.58
0.321394,-2.61698,14.56
0.17101,-2.53015,14.54
-2.577e-12,-2.5,14.52
-3.37005e-12,-2.5,14.5
-3.37005e-12,-2.5,14.48
-3.37005e-12,-2.5,14.46
-3.37005e-12,-2.5,14.44
0.17101,-2.46985,14.42
0.321394,-2.38302,14.4
0.433013,-2.25,14.38
0.433013,-2.25,14.36
0.433013,-2.25,14.34
0.433013,-2.25,14.32
0.433013,-2.25,14.3
0.433013,-2.25,14.28
0.433013,-2.25,14.26
0.433013,-2.25,14.24
0.483003,-2.17861,14.22
0.616025,-2.06699,14.2
0.779201,-2.0076,14.18
0.866025,-2.0,14.16
0.866025,-2.0,14.14
0.866025,-2.0,14.12
0.866025,-2.0,14.1
0.779201,-1.9924,14.08
0.616025,-1.93301,14.06
0.483003,-1.82139,14.04
0.433013,-1.75,14.02
0.433013,-1.75,14.0
0.433013,-1.75,13.98
0.433013,-1.75,13.96
0.433013,-1.75,13.94
0.433013,-1.75,13.92
0.433013,-1.75,13.9
0.433013,-1.75,13.88
0.321394,-1.61698,13.86
0.17101,-1.53015,13.84
-1.38755e-12,-1.5,13.82
-2.18059e-12,-1.5,13.8
-2.18059e-12,-1.5,13.78
-2.18059e-12,-1.5,13.76
-2.18059e-12,-1.5,13.74
-2.18059e-12,-1.5,13.72
-2.18059e-12,-1.5,13.7
-2.18059e-12,-1.5,13.68
-2.18059e-12,-1.5,13.66
-2.18059e-12,-1.5,13.64
-2.18059e-12,-1.5,13.62
-2.18059e-12,-1.5,13.6
-0.17101,-1.53015,13.58
-0.321394,-1.61698,13.56
-0.433013,-1.75,13.54
-0.483003,-1.82139,13.52
-0.616025,-1.93301,13.5
-0.779201,-1.9924,13.48
-0.866025,-2.0,13.46
-0.866025,-2.0,13.44
-0.866025,-2.0,13.42
-0.866025,-2.0,13.4
-0.779201,-2.0076,13.38
-0.616025,-2.06699,13.36
-0.483003,-2.17861,13.34
-0.433013,-2.25,13.32
-0.321394,-2.38302,13.3
-0.17101,-2.46985,13.28
-2.97408e-12,-2.5,13.26
-2.97408e-12,-2.5,13.24
-2.97408e-12,-2.5,13.22
-2.97408e-12,-2.5,13.2
-2.97408e-12,-2.5,13.18
-0.17101,-2.53015,13.16
-0.321394,-2.61698,13.14
-0.433013,-2.75,13.12
-0.483003,-2.82139,13.1
-0.616025,-2.93301,13.08
-0.779201,-2.9924,13.06
-0.866025,-3.0,13.04
-0.866025,-3.0,13.02
-0.866025,-3.0,13.0
-0.866025,-3.0,12.98
-0.866025,-3.0,12.96
-0.866025,-3.0,12.94
-0.866025,-3.0,12.92
-0.866025,-3.0,12.9
-0.866025,-3.0,12.88
-0.866025,-3.0,12.86
-0.866025,-3.0,12.84
-0.952849,-2.9924,12.82
-1.11603,-2.93301,12.8
-1.24905,-2.82139,12.78
-1.29904,-2.75,12.76
-1.29904,-2.75,12.74
-1.29904,-2.75,12.72
-1.29904,-2.75,12.7
-1.29904,-2.75,12.68
-1.29904,-2.75,12.66
-1.29904,-2.75,12.64
-1.29904,-2.75,12.62
-1.29904,-2.75,12.6
-1.29904,-2.75,12.58
-1.29904,-2.75,12.56
-1.33587,-2.67101,12.54
-1.36603,-2.5,12.52
-1.33587,-2.32899,12.5
-1.29904,-2.25,12.48
-1.29904,-2.25,12.46
-1.29904,-2.25,12.44
-1.29904,-2.25,12.42
-1.29904,-2.25,12.4
-1.29904,-2.25,12.38
-1.29904,-2.25,12.36
-1.29904,-2.25,12.34
-1.23965,-2.08682,12.32
-1.23965,-1.91318,12.3
-1.29904,-1.75,12.28
-1.29904,-1.75,12.26
-1.29904,-1.75,12.24
-1.29904,-1.75,12.22
-1.29904,-1.75,12.2
-1.29904,-1.75,12.18
-1.29904,-1.75,12.16
-1.29904,-1.75,12.14
-1.33587,-1.67101,12.12
-1.36603,-1.5,12.1
-1.33587,-1.32899,12.08
-1.29904,-1.25,12.06
-1.29904,-1.25,12.04
-1.29904,-1.25,12.02
-1.29904,-1.25,12.0
-1.29904,-1.25,11.98
-1.29904,-1.25,11.96
-1.29904,-1.25,11.94
-1.29904,-1.25,11.92
-1.23965,-1.08682,11.9
-1.23965,-0.913176,11.88
-1.29904,-0.75,11.86
-1.29904,-0.75,11.84
-1.29904,-0.75,11.82
-1.29904,-0.75,11.8
-1.29904,-0.75,11.78
-1.29904,-0.75,11.76
-1.29904,-0.75,11.74
-1.29904,-0.75,11.72
-1.29904,-0.75,11.7
-1.29904,-0.75,11.68
-1.29904,-0.75,11.66
-1.29904,-0.75,11.64
-1.41066,-0.616978,11.62
-1.56104,-0.530154,11.6
-1.73205,-0.5,11.58
-1.81887,-0.492404,11.56
-1.98205,-0.433013,11.54
-2.11507,-0.321394,11.52
-2.16506,-0.25,11.5
-2.27668,-0.116978,11.48
-2.42707,-0.0301537,11.46
-2.59808,1.71663e-12,11.44
-2.6849,0.00759612,11.42
-2.84808,0.0669873,11.4
-2.9811,0.178606,11.38
-3.03109,0.25,11.36
-3.03109,0.25,11.34
-3.03109,0.25,11.32
-3.03109,0.25,11.3
-3.03109,0.25,11.28
-3.03109,0.25,11.26
-3.03109,0.25,11.24
-3.03109,0.25,11.22
-3.03109,0.25,11.2
-3.03109,0.25,11.18
-3.03109,0.25,11.16
-3.06792,0.32899,11.14
-3.09808,0.5,11.12
-3.06792,0.67101,11.1
-3.03109,0.75,11.08
-3.03109,0.75,11.06
-3.03109,0.75,11.04
-3.03109,0.75,11.02
-3.03109,0.75,11.0
-3.03109,0.75,10.98
-3.03109,0.75,10.96
-3.03109,0.75,10.94
-3.03109,0.75,10.92
-3.03109,0.75,10.9
-3.03109,0.75,10.88
-2.9811,0.821394,10.86
-2.84808,0.933013,10.84
-2.6849,0.992404,10.82
-2.59808,1.0,10.8
-2.59808,1.0,10.78
-2.59808,1.0,10.76
-2.59808,1.0,10.74
-2.59808,1.0,10.72
-2.59808,1.0,10.7
-2.59808,1.0,10.68
-2.59808,1.0,10.66
-2.42707,1.03015,10.64
-2.27668,1.11698,10.62
-2.16506,1.25,10.6
-2.16506,1.25,10.58
-2.16506,1.25,10.56
-2.16506,1.25,10.54
-2.16506,1.25,10.52
-2.22445,1.08682,10.5
-2.22445,0.913176,10.48
-2.16506,0.75,10.46
-2.16506,0.75,10.44
-2.16506,0.75,10.42
-2.16506,0.75,10.4
-2.16506,0.75,10.38
-2.16506,0.75,10.36
-2.16506,0.75,10.34
-2.16506,0.75,10.32
-2.12823,0.67101,10.3
-2.09808,0.5,10.28
-2.12823,0.32899,10.26
-2.16506,0.25,10.24
-2.16506,0.25,10.22
-2.16506,0.25,10.2
-2.16506,0.25,10.18
-2.11507,0.321394,10.16
-1.98205,0.433013,10.14
-1.81887,0.492404,10.12
-1.73205,0.5,10.1
-1.73205,0.5,10.08
-1.73205,0.5,10.06
-1.73205,0.5,10.04
-1.73205,0.5,10.02
-1.73205,0.5,10.0
-1.73205,0.5,9.98
-1.73205,0.5,9.96
-1.56104,0.530154,9.94
-1.41066,0.616978,9.92
-1.29904,0.75,9.9
-1.29904,0.75,9.88
-1.29904,0.75,9.86
-1.29904,0.75,9.84
-1.29904,0.75,9.82
-1.29904,0.75,9.8
-1.29904,0.75,9.78
-1.29904,0.75,9.76
-1.29904,0.75,9.74
-1.29904,0.75,9.72
-1.29904,0.75,9.7
-1.29904,0.75,9.68
-1.23965,0.913176,9.66
-1.23965,1.08682,9.64
-1.29904,1.25,9.62
-1.33587,1.32899,9.6
-1.36603,1.5,9.58
-1.33587,1.67101,9.56
-1.29904,1.75,9.54
-1.29904,1.75,9.52
-1.29904,1.75,9.5
-1.29904,1.75,9.48
-1.34903,1.67861,9.46
-1.48205,1.56699,9.44
-1.64523,1.5076,9.42
-1.73205,1.5,9.4
-1.90306,1.46985,9.38
-2.05344,1.38302,9.36
-2.16506,1.25,9.34
-2.16506,1.25,9.32
-2.16506,1.25,9.3
-2.16506,1.25,9.28
-2.16506,1.25,9.26
-2.10567,1.41318,9.24
-2.10567,1.58682,9.22
-2.16506,1.75,9.2
-2.2019,1.82899,9.18
-2.23205,2.0,9.16
-2.2019,2.17101,9.14
-2.16506,2.25,9.12
-2.16506,2.25,9.1
-2.16506,2.25,9.08
-2.16506,2.25,9.06
-2.16506,2.25,9.04
-2.16506,2.25,9.02
-2.16506,2.25,9.0
-2.16506,2.25,8.98
-2.16506,2.25,8.96
-2.16506,2.25,8.94
-2.16506,2.25,8.92
-2.11507,2.32139,8.9
-1.98205,2.43301,8.88
-1.81887,2.4924,8.86
-1.73205,2.5,8.84
-1.73205,2.5,8.82
-1.73205,2.5,8.8
-1.73205,2.5,8.78
-1.73205,2.5,8.76
-1.73205,2.5,8.74
-1.73205,2.5,8.72
-1.73205,2.5,8.7
-1.73205,2.5,8.68
-1.73205,2.5,8.66
-1.73205,2.5,8.64
-1.64523,2.4924,8.62
-1.48205,2.43301,8.6
-1.34903,2.32139,8.58
-1.29904,2.25,8.56
-1.29904,2.25,8.54
-1.29904,2.25,8.52
-1.29904,2.25,8.5
-1.29904,2.25,8.48
-1.29904,2.25,8.46
-1.29904,2.25,8.44
-1.29904,2.25,8.42
-1.18742,2.11698,8.4
-1.03704,2.03015,8.38
-0.866025,2.0,8.36
-0.866025,2.0,8.34
-0.866025,2.0,8.32
-0.866025,2.0,8.3
-0.866025,2.0,8.28
-0.866025,2.0,8.26
-0.866025,2.0,8.24
-0.866025,2.0,8.22
-0.779201,1.9924,8.2
-0.616025,1.93301,8.18
-0.483003,1.82139,8.16
-0.433013,1.75,8.14
-0.433013,1.75,8.12
-0.433013,1.75,8.1
-0.433013,1.75,8.08
-0.433013,1.75,8.06
-0.433013,1.75,8.04
-0.433013,1.75,8.02
-0.433013,1.75,8.0
-0.321394,1.61698,7.98
-0.17101,1.53015,7.96
1.98094e-13,1.5,7.94
1.98094e-13,1.5,7.92
1.98094e-13,1.5,7.9
1.98094e-13,1.5,7.88
1.98094e-13,1.5,7.86
1.98094e-13,1.5,7.84
1.98094e-13,1.5,7.82
1.98094e-13,1.5,7.8
1.98094e-13,1.5,7.78
1.98094e-13,1.5,7.76
1.98094e-13,1.5,7.74
1.98094e-13,1.5,7.72
0.17101,1.53015,7.7
0.321394,1.61698,7.68
0.433013,1.75,7.66
0.483003,1.82139,7.64
0.616025,1.93301,7.62
0.779201,1.9924,7.6
0.866025,2.0,7.58
1.03704,2.03015,7.56
1.18742,2.11698,7.54
1.29904,2.25,7.52
1.34903,2.32139,7.5
1.48205,2.43301,7.48
1.64523,2.4924,7.46
1.73205,2.5,7.44
1.73205,2.5,7.42
1.73205,2.5,7.4
1.73205,2.5,7.38
1.73205,2.5,7.36
1.73205,2.5,7.34
1.73205,2.5,7.32
1.73205,2.5,7.3
1.73205,2.5,7.28
1.73205,2.5,7.26
1.73205,2.5,7.24
1.81887,2.4924,7.22
1.98205,2.43301,7.2
2.11507,2.32139,7.18
2.16506,2.25,7.16
2.16506,2.25,7.14
2.16506,2.25,7.12
2.16506,2.25,7.1
2.16506,2.25,7.08
2.16506,2.25,7.06
2.16506,2.25,7.04
2.16506,2.25,7.02
2.16506,2.25,7.0
2.16506,2.25,6.98
2.16506,2.25,6.96
2.2019,2.17101,6.94
2.23205,2.0,6.92
2.2019,1.82899,6.9
2.16506,1.75,6.88
2.16506,1.75,6.86
2.16506,1.75,6.84
2.16506,1.75,6.82
2.16506,1.75,6.8
2.16506,1.75,6.78
2.16506,1.75,6.76
2.16506,1.75,6.74
2.10567,1.58682,6.72
2.10567,1.41318,6.7
2.16506,1.25,6.68
2.16506,1.25,6.66
2.16506,1.25,6.64
2.16506,1.25,6.62
2.16506,1.25,6.6
2.05344,1.38302,6.58
1.90306,1.46985,6.56
1.73205,1.5,6.54
1.73205,1.5,6.52
1.73205,1.5,6.5
1.73205,1.5,6.48
1.73205,1.5,6.46
1.73205,1.5,6.44
1.73205,1.5,6.42
1.73205,1.5,6.4
1.64523,1.5076,6.38
1.48205,1.56699,6.36
1.34903,1.67861,6.34
1.29904,1.75,6.32
1.29904,1.75,6.3
1.29904,1.75,6.28
1.29904,1.75,6.26
1.33587,1.67101,6.24
1.36603,1.5,6.22
1.33587,1.32899,6.2
1.29904,1.25,6.18
1.29904,1.25,6.16
1.29904,1.25,6.14
1.29904,1.25,6.12
1.29904,1.25,6.1
1.29904,1.25,6.08
1.29904,1.25,6.06
1.29904,1.25,6.04
1.23965,1.08682,6.02
1.23965,0.913176,6.0
1.29904,0.75,5.98
1.29904,0.75,5.96
1.29904,0.75,5.94
1.29904,0.75,5.92
1.29904,0.75,5.9
1.29904,0.75,5.88
1.29904,0.75,5.86
1.29904,0.75,5.84
1.29904,0.75,5.82
1.29904,0.75,5.8
1.29904,0.75,5.78
1.29904,0.75,5.76
1.41066,0.616978,5.74
1.56104,0.530154,5.72
1.73205,0.5,5.7
1.81887,0.492404,5.68
1.98205,0.433013,5.66
2.11507,0.321394,5.64
2.16506,0.25,5.62
2.16506,0.25,5.6
2.16506,0.25,5.58
2.16506,0.25,5.56
2.12823,0.32899,5.54
2.09808,0.5,5.52
2.12823,0.67101,5.5
2.16506,0.75,5.48
2.22445,0.913176,5.46
2.22445,1.08682,5.44
2.16506,1.25,5.42
2.16506,1.25,5.4
2.16506,1.25,5.38
2.16506,1.25,5.36
2.16506,1.25,5.34
2.27668,1.11698,5.32
2.42707,1.03015,5.3
2.59808,1.0,5.28
2.6849,0.992404,5.26
2.84808,0.933013,5.24
2.9811,0.821394,5.22
3.03109,0.75,5.2
3.03109,0.75,5.18
3.03109,0.75,5.16
3.03109,0.75,5.14
3.03109,0.75,5.12
3.03109,0.75,5.1
3.03109,0.75,5.08
3.03109,0.75,5.06
3.03109,0.75,5.04
3.03109,0.75,5.02
3.03109,0.75,5.0
3.06792,0.67101,4.98
3.09808,0.5,4.96
3.06792,0.32899,4.94
3.03109,0.25,4.92
3.03109,0.25,4.9
3.03109,0.25,4.88
3.03109,0.25,4.86
3.03109,0.25,4.84
3.03109,0.25,4.82
3.03109,0.25,4.8
3.03109,0.25,4.78
3.03109,0.25,4.76
3.03109,0.25,4.74
3.03109,0.25,4.72
2.9811,0.178606,4.7
2.84808,0.0669873,4.68
2.6849,0.00759612,4.66
2.59808,-3.77653e-12,4.64
2.59808,-3.77653e-12,4.62
2.59808,-3.77653e-12,4.6
2.59808,-3.77653e-12,4.58
2.59808,-3.77653e-12,4.56
2.59808,-3.77653e-12,4.54
2.59808,-3.77653e-12,4.52
2.59808,-3.77653e-12,4.5
2.42707,-0.0301537,4.48
2.27668,-0.116978,4.46
2.16506,-0.25,4.44
2.16506,-0.25,4.42
2.16506,-0.25,4.4
2.16506,-0.25,4.38
2.16506,-0.25,4.36
2.16506,-0.25,4.34
2.16506,-0.25,4.32
2.16506,-0.25,4.3
2.11507,-0.321394,4.28
1.98205,-0.433013,4.26
1.81887,-0.492404,4.24
1.73205,-0.5,4.22
1.73205,-0.5,4.2
1.73205,-0.5,4.18
1.73205,-0.5,4.16
1.73205,-0.5,4.14
1.73205,-0.5,4.12
1.73205,-0.5,4.1
1.73205,-0.5,4.08
1.56104,-0.530154,4.06
1.41066,-0.616978,4.04
1.29904,-0.75,4.02
1.29904,-0.75,4.0
1.29904,-0.75,3.98
1.29904,-0.75,3.96
1.29904,-0.75,3.94
1.29904,-0.75,3.92
1.29904,-0.75,3.9
1.29904,-0.75,3.88
1.29904,-0.75,3.86
1.29904,-0.75,3.84
1.29904,-0.75,3.82
1.29904,-0.75,3.8
1.23965,-0.913176,3.78
1.23965,-1.08682,3.76
1.29904,-1.25,3.74
1.33587,-1.32899,3.72
1.36603,-1.5,3.7
1.33587,-1.67101,3.68
1.29904,-1.75,3.66
1.23965,-1.91318,3.64
1.23965,-2.08682,3.62
1.29904,-2.25,3.6
1.33587,-2.32899,3.58
1.36603,-2.5,3.56
1.33587,-2.67101,3.54
1.29904,-2.75,3.52
1.29904,-2.75,3.5
1.29904,-2.75,3.48
1.29904,-2.75,3.46
1.29904,-2.75,3.44
1.29904,-2.75,3.42
1.29904,-2.75,3.4
1.29904,-2.75,3.38
1.29904,-2.75,3.36
1.29904,-2.75,3.34
1.29904,-2.75,3.32
1.24905,-2.82139,3.3
1.11603,-2.93301,3.28
0.952849,-2.9924,3.26
0.866025,-3.0,3.24
