-3.03109,1.75,14.98
-3.03109,1.75,14.96
-3.03109,1.75,14.94
-3.03109,1.75,14.92
-3.03109,1.75,14.9
-3.03109,1.75,14.88
-3.03109,1.75,14.86
-3.03109,1.75,14.84
-3.03109,1.75,14.82
-3.03109,1.75,14.8
-3.06792,1.67101,14.78
-3.09808,1.5,14.76
-3.06792,1.32899,14.74
-3.03109,1.25,14.72
-2.91947,1.11698,14.7
-2.76909,1.03015,14.68
-2.59808,1.0,14.66
-2.51125,1.0076,14.64
-2.34808,1.06699,14.62
-2.21505,1.17861,14.6
-2.16506,1.25,14.58
-2.10567,1.41318,14.56
-2.10567,1.58682,14.54
-2.16506,1.75,14.52
-2.16506,1.75,14.5
-2.16506,1.75,14.48
-2.16506,1.75,14.46
-2.16506,1.75,14.44
-2.16506,1.75,14.42
-2.16506,1.75,14.4
-2.16506,1.75,14.38
-2.16506,1.75,14.36
-2.16506,1.75,14.34
-2.16506,1.75,14.32
-2.16506,1.75,14.3
-2.16506,1.75,14.28
-2.16506,1.75,14.26
-2.16506,1.75,14.24
-2.16506,1.75,14.22
-2.16506,1.75,14.2
-2.16506,1.75,14.18
-2.16506,1.75,14.16
-2.16506,1.75,14.14
-2.16506,1.75,14.12
-2.16506,1.75,14.1
-2.2019,1.82899,14.08
-2.23205,2.0,14.06
-2.2019,2.17101,14.04
-2.16506,2.25,14.02
-2.16506,2.25,14.0
-2.16506,2.25,13.98
-2.16506,2.25,13.96
-2.16506,2.25,13.94
-2.16506,2.25,13.92
-2.16506,2.25,13.9
-2.16506,2.25,13.88
-2.16506,2.25,13.86
-2.16506,2.25,13.84
-2.16506,2.25,13.82
-2.16506,2.25,13.8
-2.16506,2.25,13.78
-2.16506,2.25,13.76
-2.16506,2.25,13.74
-2.16506,2.25,13.72
-2.16506,2.25,13.7
-2.16506,2.25,13.68
-2.16506,2.25,13.66
-2.16506,2.25,13.64
-2.16506,2.25,13.62
-2.16506,2.25,13.6
-2.16506,2.25,13.58
-2.16506,2.25,13.56
-2.16506,2.25,13.54
-2.16506,2.25,13.52
-2.16506,2.25,13.5
-2.16506,2.25,13.48
-2.16506,2.25,13.46
-2.16506,2.25,13.44
-2.16506,2.25,13.42
-2.16506,2.25,13.4
-2.16506,2.25,13.38
-2.16506,2.25,13.36
-2.16506,2.25,13.34
-2.16506,2.25,13.32
-2.05344,2.38302,13.3
-1.90306,2.46985,13.28
-1.73205,2.5,13.26
-1.73205,2.5,13.24
-1.73205,2.5,13.22
-1.73205,2.5,13.2
-1.73205,2.5,13.18
-1.73205,2.5,13.16
-1.73205,2.5,13.14
-1.73205,2.5,13.12
-1.73205,2.5,13.1
-1.73205,2.5,13.08
-1.73205,2.5,13.06
-1.73205,2.5,13.04
-1.73205,2.5,13.02
-1.73205,2.5,13.0
-1.73205,2.5,12.98
-1.73205,2.5,12.96
-1.73205,2.5,12.94
-1.73205,2.5,12.92
-1.73205,2.5,12.9
-1.73205,2.5,12.88
-1.73205,2.5,12.86
-1.73205,2.5,12.84
-1.73205,2.5,12.82
-1.73205,2.5,12.8
-1.73205,2.5,12.78
-1.73205,2.5,12.76
-1.73205,2.5,12.74
-1.73205,2.5,12.72
-1.73205,2.5,12.7
-1.73205,2.5,12.68
-1.73205,2.5,12.66
-1.73205,2.5,12.64
-1.73205,2.5,12.62
-1.73205,2.5,12.6
-1.73205,2.5,12.58
-1.73205,2.5,12.56
-1.64523,2.4924,12.54
-1.48205,2.43301,12.52
-1.34903,2.32139,12.5
-1.29904,2.25,12.48
-1.29904,2.25,12.46
-1.29904,2.25,12.44
-1.29904,2.25,12.42
-1.29904,2.25,12.4
-1.29904,2.25,12.38
-1.29904,2.25,12.36
-1.29904,2.25,12.34
-1.29904,2.25,12.32
-1.29904,2.25,12.3
-1.29904,2.25,12.28
-1.29904,2.25,12.26
-1.29904,2.25,12.24
-1.29904,2.25,12.22
-1.29904,2.25,12.2
-1.35843,2.41318,12.18
-1.35843,2.58682,12.16
-1.29904,2.75,12.14
-1.29904,2.75,12.12
-1.29904,2.75,12.1
-1.29904,2.75,12.08
-1.29904,2.75,12.06
-1.29904,2.75,12.04
-1.29904,2.75,12.02
-1.29904,2.75,12.0
-1.29904,2.75,11.98
-1.29904,2.75,11.96
-1.29904,2.75,11.94
-1.29904,2.75,11.92
-1.29904,2.75,11.9
-1.29904,2.75,11.88
-1.29904,2.75,11.86
-1.29904,2.75,11.84
-1.29904,2.75,11.82
-1.29904,2.75,11.8
-1.29904,2.75,11.78
-1.29904,2.75,11.76
-1.29904,2.75,11.74
-1.29904,2.75,11.72
-1.29904,2.75,11.7
-1.29904,2.75,11.68
-1.29904,2.75,11.66
-1.29904,2.75,11.64
-1.29904,2.75,11.62
-1.29904,2.75,11.6
-1.29904,2.75,11.58
-1.29904,2.75,11.56
-1.29904,2.75,11.54
-1.29904,2.75,11.52
-1.29904,2.75,11.5
-1.29904,2.75,11.48
-1.29904,2.75,11.46
-1.29904,2.75,11.44
-1.24905,2.82139,11.42
-1.11603,2.93301,11.4
-0.952849,2.9924,11.38
-0.866025,3.0,11.36
-0.866025,3.0,11.34
-0.866025,3.0,11.32
-0.866025,3.0,11.3
-0.866025,3.0,11.28
-0.866025,3.0,11.26
-0.866025,3.0,11.24
-0.866025,3.0,11.22
-0.866025,3.0,11.2
-0.866025,3.0,11.18
-0.866025,3.0,11.16
-0.866025,3.0,11.14
-0.866025,3.0,11.12
-0.866025,3.0,11.1
-0.866025,3.0,11.08
-0.866025,3.0,11.06
-0.866025,3.0,11.04
-0.866025,3.0,11.02
-0.866025,3.0,11.0
-0.866025,3.0,10.98
-0.866025,3.0,10.96
-0.866025,3.0,10.94
-0.866025,3.0,10.92
-0.866025,3.0,10.9
-0.866025,3.0,10.88
-0.866025,3.0,10.86
-0.866025,3.0,10.84
-0.866025,3.0,10.82
-0.866025,3.0,10.8
-0.866025,3.0,10.78
-0.866025,3.0,10.76
-0.866025,3.0,10.74
-0.866025,3.0,10.72
-0.866025,3.0,10.7
-0.866025,3.0,10.68
-0.866025,3.0,10.66
-0.695015,2.96985,10.64
-0.544632,2.88302,10.62
-0.433013,2.75,10.6
-0.433013,2.75,10.58
-0.433013,2.75,10.56
-0.433013,2.75,10.54
-0.433013,2.75,10.52
-0.433013,2.75,10.5
-0.433013,2.75,10.48
-0.433013,2.75,10.46
-0.433013,2.75,10.44
-0.433013,2.75,10.42
-0.433013,2.75,10.4
-0.433013,2.75,10.38
-0.433013,2.75,10.36
-0.433013,2.75,10.34
-0.433013,2.75,10.32
-0.433013,2.75,10.3
-0.433013,2.75,10.28
-0.433013,2.75,10.26
-0.433013,2.75,10.24
-0.433013,2.75,10.22
-0.433013,2.75,10.2
-0.433013,2.75,10.18
-0.383022,2.67861,10.16
-0.25,2.56699,10.14
-0.0868241,2.5076,10.12
5.94727e-13,2.5,10.1
0.17101,2.53015,10.08
0.321394,2.61698,10.06
0.433013,2.75,10.04
0.469846,2.82899,10.02
0.5,3.0,10.0
0.469846,3.17101,9.98
0.433013,3.25,9.96
0.321394,3.38302,9.94
0.17101,3.46985,9.92
1.38822e-12,3.5,9.9
1.38822e-12,3.5,9.88
1.38822e-12,3.5,9.86
1.38822e-12,3.5,9.84
1.38822e-12,3.5,9.82
1.38822e-12,3.5,9.8
1.38822e-12,3.5,9.78
1.38822e-12,3.5,9.76
1.38822e-12,3.5,9.74
1.38822e-12,3.5,9.72
1.38822e-12,3.5,9.7
1.38822e-12,3.5,9.68
1.38822e-12,3.5,9.66
1.38822e-12,3.5,9.64
1.38822e-12,3.5,9.62
1.38822e-12,3.5,9.6
1.38822e-12,3.5,9.58
1.38822e-12,3.5,9.56
1.38822e-12,3.5,9.54
1.38822e-12,3.5,9.52
1.38822e-12,3.5,9.5
1.38822e-12,3.5,9.48
1.38822e-12,3.5,9.46
1.38822e-12,3.5,9.44
1.38822e-12,3.5,9.42
1.38822e-12,3.5,9.4
-0.17101,3.46985,9.38
-0.321394,3.38302,9.36
-0.433013,3.25,9.34
-0.469846,3.17101,9.32
-0.5,3.0,9.3
-0.469846,2.82899,9.28
-0.433013,2.75,9.26
-0.321394,2.61698,9.24
-0.17101,2.53015,9.22
5.94727e-13,2.5,9.2
0.0868241,2.5076,9.18
0.25,2.56699,9.16
0.383022,2.67861,9.14
0.433013,2.75,9.12
0.433013,2.75,9.1
0.433013,2.75,9.08
0.433013,2.75,9.06
0.433013,2.75,9.04
0.433013,2.75,9.02
0.433013,2.75,9.0
0.433013,2.75,8.98
0.433013,2.75,8.96
0.433013,2.75,8.94
0.433013,2.75,8.92
0.433013,2.75,8.9
0.433013,2.75,8.88
0.433013,2.75,8.86
0.433013,2.75,8.84
0.433013,2.75,8.82
0.433013,2.75,8.8
0.433013,2.75,8.78
0.433013,2.75,8.76
0.433013,2.75,8.74
0.433013,2.75,8.72
0.433013,2.75,8.7
0.544632,2.88302,8.68
0.695015,2.96985,8.66
0.866025,3.0,8.64
0.866025,3.0,8.62
0.866025,3.0,8.6
0.866025,3.0,8.58
0.866025,3.0,8.56
0.866025,3.0,8.54
0.866025,3.0,8.52
0.866025,3.0,8.5
0.866025,3.0,8.48
0.866025,3.0,8.46
0.866025,3.0,8.44
0.866025,3.0,8.42
0.866025,3.0,8.4
0.866025,3.0,8.38
0.866025,3.0,8.36
0.866025,3.0,8.34
0.866025,3.0,8.32
0.866025,3.0,8.3
0.866025,3.0,8.28
0.866025,3.0,8.26
0.866025,3.0,8.24
0.866025,3.0,8.22
0.866025,3.0,8.2
0.866025,3.0,8.18
0.866025,3.0,8.16
0.866025,3.0,8.14
0.866025,3.0,8.12
0.866025,3.0,8.1
0.866025,3.0,8.08
0.866025,3.0,8.06
0.866025,3.0,8.04
0.866025,3.0,8.02
0.866025,3.0,8.0
0.866025,3.0,7.98
0.866025,3.0,7.96
0.866025,3.0,7.94
0.952849,2.9924,7.92
1.11603,2.93301,7.9
1.24905,2.82139,7.88
1.29904,2.75,7.86
1.29904,2.75,7.84
1.29904,2.75,7.82
1.29904,2.75,7.8
1.29904,2.75,7.78
1.29904,2.75,7.76
1.29904,2.75,7.74
1.29904,2.75,7.72
1.29904,2.75,7.7
1.29904,2.75,7.68
1.29904,2.75,7.66
1.29904,2.75,7.64
1.29904,2.75,7.62
1.29904,2.75,7.6
1.29904,2.75,7.58
1.29904,2.75,7.56
1.29904,2.75,7.54
1.29904,2.75,7.52
1.29904,2.75,7.5
1.29904,2.75,7.48
1.29904,2.75,7.46
1.29904,2.75,7.44
1.29904,2.75,7.42
1.29904,2.75,7.4
1.29904,2.75,7.38
1.29904,2.75,7.36
1.29904,2.75,7.34
1.29904,2.75,7.32
1.29904,2.75,7.3
1.29904,2.75,7.28
1.29904,2.75,7.26
1.29904,2.75,7.24
1.29904,2.75,7.22
1.29904,2.75,7.2
1.29904,2.75,7.18
1.29904,2.75,7.16
1.35843,2.58682,7.14
1.35843,2.41318,7.12
1.29904,2.25,7.1
1.29904,2.25,7.08
1.29904,2.25,7.06
1.29904,2.25,7.04
1.29904,2.25,7.02
1.29904,2.25,7.0
1.29904,2.25,6.98
1.29904,2.25,6.96
1.29904,2.25,6.94
1.29904,2.25,6.92
1.29904,2.25,6.9
1.29904,2.25,6.88
1.29904,2.25,6.86
1.29904,2.25,6.84
1.29904,2.25,6.82
1.34903,2.32139,6.8
1.48205,2.43301,6.78
1.64523,2.4924,6.76
1.73205,2.5,6.74
1.73205,2.5,6.72
1.73205,2.5,6.7
1.73205,2.5,6.68
1.73205,2.5,6.66
1.73205,2.5,6.64
1.73205,2.5,6.62
1.73205,2.5,6.6
1.73205,2.5,6.58
1.73205,2.5,6.56
1.73205,2.5,6.54
1.73205,2.5,6.52
1.73205,2.5,6.5
1.73205,2.5,6.48
1.73205,2.5,6.46
1.73205,2.5,6.44
1.73205,2.5,6.42
1.73205,2.5,6.4
1.73205,2.5,6.38
1.73205,2.5,6.36
1.73205,2.5,6.34
1.73205,2.5,6.32
1.73205,2.5,6.3
1.73205,2.5,6.28
1.73205,2.5,6.26
1.73205,2.5,6.24
1.73205,2.5,6.22
1.73205,2.5,6.2
1.73205,2.5,6.18
1.73205,2.5,6.16
1.73205,2.5,6.14
1.73205,2.5,6.12
1.73205,2.5,6.1
1.73205,2.5,6.08
1.73205,2.5,6.06
1.73205,2.5,6.04
1.90306,2.46985,6.02
2.05344,2.38302,6.0
2.16506,2.25,5.98
2.16506,2.25,5.96
2.16506,2.25,5.94
2.16506,2.25,5.92
2.16506,2.25,5.9
2.16506,2.25,5.88
2.16506,2.25,5.86
2.16506,2.25,5.84
2.16506,2.25,5.82
2.16506,2.25,5.8
2.16506,2.25,5.78
2.16506,2.25,5.76
2.16506,2.25,5.74
2.16506,2.25,5.72
2.16506,2.25,5.7
2.16506,2.25,5.68
2.16506,2.25,5.66
2.16506,2.25,5.64
2.16506,2.25,5.62
2.16506,2.25,5.6
2.16506,2.25,5.58
2.16506,2.25,5.56
2.16506,2.25,5.54
2.16506,2.25,5.52
2.16506,2.25,5.5
2.16506,2.25,5.48
2.16506,2.25,5.46
2.16506,2.25,5.44
2.16506,2.25,5.42
2.16506,2.25,5.4
2.16506,2.25,5.38
2.16506,2.25,5.36
2.16506,2.25,5.34
2.16506,2.25,5.32
2.16506,2.25,5.3
2.16506,2.25,5.28
2.2019,2.17101,5.26
2.23205,2.0,5.24
2.2019,1.82899,5.22
2.16506,1.75,5.2
2.16506,1.75,5.18
2.16506,1.75,5.16
2.16506,1.75,5.14
2.16506,1.75,5.12
2.16506,1.75,5.1
2.16506,1.75,5.08
2.16506,1.75,5.06
2.16506,1.75,5.04
2.16506,1.75,5.02
2.16506,1.75,5.0
2.16506,1.75,4.98
2.16506,1.75,4.96
2.16506,1.75,4.94
2.16506,1.75,4.92
2.16506,1.75,4.9
2.16506,1.75,4.88
2.16506,1.75,4.86
2.16506,1.75,4.84
2.16506,1.75,4.82
2.16506,1.75,4.8
2.16506,1.75,4.78
2.10567,1.58682,4.76
2.10567,1.41318,4.74
2.16506,1.25,4.72
2.21505,1.17861,4.7
2.34808,1.06699,4.68
2.51125,1.0076,4.66
2.59808,1.0,4.64
2.76909,1.03015,4.62
2.91947,1.11698,4.6
3.03109,1.25,4.58
3.06792,1.32899,4.56
3.09808,1.5,4.54
3.06792,1.67101,4.52
3.03109,1.75,4.5
3.03109,1.75,4.48
3.03109,1.75,4.46
3.03109,1.75,4.44
3.03109,1.75,4.42
3.03109,1.75,4.4
3.03109,1.75,4.38
3.03109,1.75,4.36
3.03109,1.75,4.34
3.03109,1.75,4.32
3.03109,1.75,4.3
3.03109,1.75,4.28
3.03109,1.75,4.26
3.03109,1.75,4.24
3.03109,1.75,4.22
3.03109,1.75,4.2
3.03109,1.75,4.18
3.03109,1.75,4.16
3.03109,1.75,4.14
3.03109,1.75,4.12
3.03109,1.75,4.1
3.03109,1.75,4.08
3.03109,1.75,4.06
3.03109,1.75,4.04
3.03109,1.75,4.02
2.9811,1.82139,4.0
2.84808,1.93301,3.98
2.6849,1.9924,3.96
2.59808,2.0,3.94
2.42707,1.96985,3.92
2.27668,1.88302,3.9
2.16506,1.75,3.88
2.12823,1.67101,3.86
2.09808,1.5,3.84
2.12823,1.32899,3.82
2.16506,1.25,3.8
2.27668,1.11698,3.78
2.42707,1.03015,3.76
2.59808,1.0,3.74
2.59808,1.0,3.72
2.59808,1.0,3.7
2.59808,1.0,3.68
2.59808,1.0,3.66
2.59808,1.0,3.64
2.59808,1.0,3.62
2.59808,1.0,3.6
2.59808,1.0,3.58
2.59808,1.0,3.56
2.59808,1.0,3.54
2.59808,1.0,3.52
2.59808,1.0,3.5
2.59808,1.0,3.48
2.59808,1.0,3.46
2.59808,1.0,3.44
2.59808,1.0,3.42
2.59808,1.0,3.4
2.59808,1.0,3.38
2.59808,1.0,3.36
2.59808,1.0,3.34
2.59808,1.0,3.32
2.6849,0.992404,3.3
2.84808,0.933013,3.28
2.9811,0.821394,3.26
3.03109,0.75,3.24
3.03109,0.75,3.22
3.03109,0.75,3.2
3.03109,0.75,3.18
3.03109,0.75,3.16
3.03109,0.75,3.14
3.03109,0.75,3.12
3.03109,0.75,3.1
3.03109,0.75,3.08
3.03109,0.75,3.06
3.03109,0.75,3.04
3.03109,0.75,3.02
3.03109,0.75,3.0
3.03109,0.75,2.98
3.03109,0.75,2.96
3.03109,0.75,2.94
3.03109,0.75,2.92
3.03109,0.75,2.9
3.03109,0.75,2.88
3.03109,0.75,2.86
3.03109,0.75,2.84
3.03109,0.75,2.82
3.03109,0.75,2.8
3.03109,0.75,2.78
3.03109,0.75,2.76
3.03109,0.75,2.74
3.03109,0.75,2.72
3.03109,0.75,2.7
3.03109,0.75,2.68
3.03109,0.75,2.66
3.03109,0.75,2.64
3.03109,0.75,2.62
3.03109,0.75,2.6
3.03109,0.75,2.58
3.03109,0.75,2.56
3.03109,0.75,2.54
3.09048,0.586824,2.52
3.09048,0.413176,2.5
3.03109,0.25,2.48
3.03109,0.25,2.46
3.03109,0.25,2.44
3.03109,0.25,2.42
3.03109,0.25,2.4
3.03109,0.25,2.38
3.03109,0.25,2.36
3.03109,0.25,2.34
3.03109,0.25,2.32
3.03109,0.25,2.3
3.03109,0.25,2.28
3.03109,0.25,2.26
3.03109,0.25,2.24
3.03109,0.25,2.22
3.03109,0.25,2.2
3.03109,0.25,2.18
3.03109,0.25,2.16
3.03109,0.25,2.14
3.03109,0.25,2.12
3.03109,0.25,2.1
3.03109,0.25,2.08
3.03109,0.25,2.06
3.03109,0.25,2.04
3.03109,0.25,2.02
3.03109,0.25,2.0
3.03109,0.25,1.98
3.03109,0.25,1.96
3.03109,0.25,1.94
3.03109,0.25,1.92
3.03109,0.25,1.9
3.03109,0.25,1.88
3.03109,0.25,1.86
3.03109,0.25,1.84
3.03109,0.25,1.82
3.03109,0.25,1.8
3.03109,0.25,1.78
2.9811,0.178606,1.76
2.84808,0.0669873,1.74
2.6849,0.00759612,1.72
2.59808,-3.77653e-12,1.7
2.59808,-3.77653e-12,1.68
2.59808,-3.77653e-12,1.66
2.59808,-3.77653e-12,1.64
2.59808,-3.77653e-12,1.62
2.59808,-3.77653e-12,1.6
2.59808,-3.77653e-12,1.58
2.59808,-3.77653e-12,1.56
2.59808,-3.77653e-12,1.54
2.59808,-3.77653e-12,1.52
2.59808,-3.77653e-12,1.5
2.59808,-3.77653e-12,1.48
2.59808,-3.77653e-12,1.46
2.59808,-3.77653e-12,1.44
2.59808,-3.77653e-12,1.42
2.76909,-0.0301537,1.4
2.91947,-0.116978,1.38
3.03109,-0.25,1.36
3.03109,-0.25,1.34
3.03109,-0.25,1.32
3.03109,-0.25,1.3
3.03109,-0.25,1.28
3.03109,-0.25,1.26
3.03109,-0.25,1.24
3.03109,-0.25,1.22
3.03109,-0.25,1.2
3.03109,-0.25,1.18
3.03109,-0.25,1.16
3.03109,-0.25,1.14
3.03109,-0.25,1.12
3.03109,-0.25,1.1
3.03109,-0.25,1.08
3.03109,-0.25,1.06
3.03109,-0.25,1.04
3.03109,-0.25,1.02
3.03109,-0.25,1.0
3.03109,-0.25,0.98
3.03109,-0.25,0.96
3.03109,-0.25,0.94
3.03109,-0.25,0.92
3.03109,-0.25,0.9
3.03109,-0.25,0.88
3.03109,-0.25,0.86
3.03109,-0.25,0.84
3.03109,-0.25,0.82
3.03109,-0.25,0.8
3.03109,-0.25,0.78
3.03109,-0.25,0.76
3.03109,-0.25,0.74
3.03109,-0.25,0.72
3.03109,-0.25,0.7
3.03109,-0.25,0.68
3.03109,-0.25,0.66
3.06792,-0.32899,0.64
3.09808,-0.5,0.62
3.06792,-0.67101,0.6
3.03109,-0.75,0.58
3.03109,-0.75,0.56
3.03109,-0.75,0.54
3.03109,-0.75,0.52
3.03109,-0.75,0.5
3.03109,-0.75,0.48
3.03109,-0.75,0.46
3.03109,-0.75,0.44
3.03109,-0.75,0.42
3.03109,-0.75,0.4
3.03109,-0.75,0.38
3.03109,-0.75,0.36
3.03109,-0.75,0.34
3.03109,-0.75,0.32
3.03109,-0.75,0.3
3.03109,-0.75,0.28
3.03109,-0.75,0.26
3.03109,-0.75,0.24
3.03109,-0.75,0.22
3.03109,-0.75,0.2
3.03109,-0.75,0.18
3.03109,-0.75,0.16
3.03109,-0.75,0.14
3.03109,-0.75,0.12
3.03109,-0.75,0.1
3.03109,-0.75,0.08
3.03109,-0.75,0.06
3.03109,-0.75,0.04
3.03109,-0.75,0.02
3.03109,-0.75,-4.12829e-14
3.03109,-0.75,-0.02
3.03109,-0.75,-0.04
3.03109,-0.75,-0.06
3.03109,-0.75,-0.08
3.03109,-0.75,-0.1
3.03109,-0.75,-0.12
2.91947,-0.883022,-0.14
2.76909,-0.969846,-0.16
2.59808,-1.0,-0.18
2.59808,-1.0,-0.2
2.59808,-1.0,-0.22
2.59808,-1.0,-0.24
2.59808,-1.0,-0.26
2.59808,-1.0,-0.28
2.59808,-1.0,-0.3
2.59808,-1.0,-0.32
2.59808,-1.0,-0.34
2.59808,-1.0,-0.36
2.59808,-1.0,-0.38
2.59808,-1.0,-0.4
2.59808,-1.0,-0.42
2.59808,-1.0,-0.44
2.59808,-1.0,-0.46
2.59808,-1.0,-0.48
2.59808,-1.0,-0.5
2.59808,-1.0,-0.52
2.59808,-1.0,-0.54
2.59808,-1.0,-0.56
2.59808,-1.0,-0.58
2.59808,-1.0,-0.6
2.51125,-1.0076,-0.62
2.34808,-1.06699,-0.64
2.21505,-1.17861,-0.66
2.16506,-1.25,-0.68
2.10567,-1.41318,-0.7
2.10567,-1.58682,-0.72
2.16506,-1.75,-0.74
2.21505,-1.82139,-0.76
2.34808,-1.93301,-0.78
2.51125,-1.9924,-0.8
2.59808,-2.0,-0.82
2.76909,-1.96985,-0.84
2.91947,-1.88302,-0.86
3.03109,-1.75,-0.88
3.03109,-1.75,-0.9
3.03109,-1.75,-0.92
3.03109,-1.75,-0.94
3.03109,-1.75,-0.96
3.03109,-1.75,-0.98
3.03109,-1.75,-1.0
3.03109,-1.75,-1.02
3.03109,-1.75,-1.04
3.03109,-1.75,-1.06
3.03109,-1.75,-1.08
3.03109,-1.75,-1.1
3.03109,-1.75,-1.12
3.03109,-1.75,-1.14
3.03109,-1.75,-1.16
3.03109,-1.75,-1.18
3.03109,-1.75,-1.2
3.03109,-1.75,-1.22
3.03109,-1.75,-1.24
3.03109,-1.75,-1.26
3.03109,-1.75,-1.28
3.03109,-1.75,-1.3
3.03109,-1.75,-1.32
3.03109,-1.75,-1.34
3.03109,-1.75,-1.36
3.03109,-1.75,-1.38
3.09048,-1.58682,-1.4
3.09048,-1.41318,-1.42
3.03109,-1.25,-1.44
2.9811,-1.17861,-1.46
2.84808,-1.06699,-1.48
2.6849,-1.0076,-1.5
2.59808,-1.0,-1.52
2.42707,-1.03015,-1.54
2.27668,-1.11698,-1.56
2.16506,-1.25,-1.58
2.12823,-1.32899,-1.6
2.09808,-1.5,-1.62
2.12823,-1.67101,-1.64
2.16506,-1.75,-1.66
2.16506,-1.75,-1.68
2.16506,-1.75,-1.7
2.16506,-1.75,-1.72
2.16506,-1.75,-1.74
2.16506,-1.75,-1.76
2.16506,-1.75,-1.78
2.16506,-1.75,-1.8
2.16506,-1.75,-1.82
2.16506,-1.75,-1.84
2.16506,-1.75,-1.86
2.16506,-1.75,-1.88
2.16506,-1.75,-1.9
2.16506,-1.75,-1.92
2.16506,-1.75,-1.94
2.16506,-1.75,-1.96
2.16506,-1.75,-1.98
2.16506,-1.75,-2.0
2.16506,-1.75,-2.02
2.16506,-1.75,-2.04
2.16506,-1.75,-2.06
2.16506,-1.75,-2.08
2.22445,-1.91318,-2.1
2.22445,-2.08682,-2.12
2.16506,-2.25,-2.14
2.16506,-2.25,-2.16
2.16506,-2.25,-2.18
2.16506,-2.25,-2.2
2.16506,-2.25,-2.22
2.16506,-2.25,-2.24
2.16506,-2.25,-2.26
2.16506,-2.25,-2.28
2.16506,-2.25,-2.3
2.16506,-2.25,-2.32
2.16506,-2.25,-2.34
2.16506,-2.25,-2.36
2.16506,-2.25,-2.38
2.16506,-2.25,-2.4
2.16506,-2.25,-2.42
2.16506,-2.25,-2.44
2.16506,-2.25,-2.46
2.16506,-2.25,-2.48
2.16506,-2.25,-2.5
2.16506,-2.25,-2.52
2.16506,-2.25,-2.54
2.16506,-2.25,-2.56
2.16506,-2.25,-2.58
2.16506,-2.25,-2.6
2.16506,-2.25,-2.62
2.16506,-2.25,-2.64
2.16506,-2.25,-2.66
2.16506,-2.25,-2.68
2.16506,-2.25,-2.7
2.16506,-2.25,-2.72
2.16506,-2.25,-2.74
2.16506,-2.25,-2.76
2.16506,-2.25,-2.78
2.16506,-2.25,-2.8
2.16506,-2.25,-2.82
2.16506,-2.25,-2.84
2.11507,-2.32139,-2.86
1.98205,-2.43301,-2.88
1.81887,-2.4924,-2.9
1.73205,-2.5,-2.92
1.73205,-2.5,-2.94
1.73205,-2.5,-2.96
1.73205,-2.5,-2.98
1.73205,-2.5,-3.0
1.73205,-2.5,-3.02
1.73205,-2.5,-3.04
1.73205,-2.5,-3.06
1.73205,-2.5,-3.08
1.73205,-2.5,-3.1
1.73205,-2.5,-3.12
1.73205,-2.5,-3.14
1.73205,-2.5,-3.16
1.73205,-2.5,-3.18
1.73205,-2.5,-3.2
1.73205,-2.5,-3.22
1.73205,-2.5,-3.24
1.73205,-2.5,-3.26
1.73205,-2.5,-3.28
1.73205,-2.5,-3.3
1.73205,-2.5,-3.32
1.73205,-2.5,-3.34
1.73205,-2.5,-3.36
1.73205,-2.5,-3.38
1.73205,-2.5,-3.4
1.73205,-2.5,-3.42
1.73205,-2.5,-3.44
1.73205,-2.5,-3.46
1.73205,-2.5,-3.48
1.73205,-2.5,-3.5
1.73205,-2.5,-3.52
1.73205,-2.5,-3.54
1.73205,-2.5,-3.56
1.73205,-2.5,-3.58
1.73205,-2.5,-3.6
1.73205,-2.5,-3.62
1.56104,-2.46985,-3.64
1.41066,-2.38302,-3.66
1.29904,-2.25,-3.68
1.29904,-2.25,-3.7
1.29904,-2.25,-3.72
1.29904,-2.25,-3.74
1.29904,-2.25,-3.76
1.29904,-2.25,-3.78
1.29904,-2.25,-3.8
1.29904,-2.25,-3.82
1.29904,-2.25,-3.84
1.29904,-2.25,-3.86
1.29904,-2.25,-3.88
1.29904,-2.25,-3.9
1.29904,-2.25,-3.92
1.29904,-2.25,-3.94
1.29904,-2.25,-3.96
1.33587,-2.32899,-3.98
1.36603,-2.5,-4.0
1.33587,-2.67101,-4.02
1.29904,-2.75,-4.04
1.29904,-2.75,-4.06
1.29904,-2.75,-4.08
1.29904,-2.75,-4.1
1.29904,-2.75,-4.12
1.29904,-2.75,-4.14
1.29904,-2.75,-4.16
1.29904,-2.75,-4.18
1.29904,-2.75,-4.2
1.29904,-2.75,-4.22
1.29904,-2.75,-4.24
1.29904,-2.75,-4.26
1.29904,-2.75,-4.28
1.29904,-2.75,-4.3
1.29904,-2.75,-4.32
1.29904,-2.75,-4.34
1.29904,-2.75,-4.36
1.29904,-2.75,-4.38
1.29904,-2.75,-4.4
1.29904,-2.75,-4.42
1.29904,-2.75,-4.44
1.29904,-2.75,-4.46
1.29904,-2.75,-4.48
1.29904,-2.75,-4.5
1.29904,-2.75,-4.52
1.29904,-2.75,-4.54
1.29904,-2.75,-4.56
1.29904,-2.75,-4.58
1.29904,-2.75,-4.6
1.29904,-2.75,-4.62
1.29904,-2.75,-4.64
1.29904,-2.75,-4.66
1.29904,-2.75,-4.68
1.29904,-2.75,-4.7
1.29904,-2.75,-4.72
1.29904,-2.75,-4.74
1.18742,-2.88302,-4.76
1.03704,-2.96985,-4.78
0.866025,-3.0,-4.8
0.866025,-3.0,-4.82
0.866025,-3.0,-4.84
0.866025,-3.0,-4.86
0.866025,-3.0,-4.88
0.866025,-3.0,-4.9
0.866025,-3.0,-4.92
0.866025,-3.0,-4.94
0.866025,-3.0,-4.96
0.866025,-3.0,-4.98
0.866025,-3.0,-5.0
0.866025,-3.0,-5.02
0.866025,-3.0,-5.04
0.866025,-3.0,-5.06
0.866025,-3.0,-5.08
0.866025,-3.0,-5.1
0.866025,-3.0,-5.12
0.866025,-3.0,-5.14
0.866025,-3.0,-5.16
0.866025,-3.0,-5.18
0.866025,-3.0,-5.2
0.866025,-3.0,-5.22
0.866025,-3.0,-5.24
0.866025,-3.0,-5.26
0.866025,-3.0,-5.28
0.866025,-3.0,-5.3
0.866025,-3.0,-5.32
0.866025,-3.0,-5.34
0.866025,-3.0,-5.36
0.866025,-3.0,-5.38
0.866025,-3.0,-5.4
0.866025,-3.0,-5.42
0.866025,-3.0,-5.44
0.866025,-3.0,-5.46
0.866025,-3.0,-5.48
0.866025,-3.0,-5.5
0.779201,-2.9924,-5.52
0.616025,-2.93301,-5.54
0.483003,-2.82139,-5.56
0.433013,-2.75,-5.58
0.433013,-2.75,-5.6
0.433013,-2.75,-5.62
0.433013,-2.75,-5.64
0.433013,-2.75,-5.66
0.433013,-2.75,-5.68
0.433013,-2.75,-5.7
0.433013,-2.75,-5.72
0.433013,-2.75,-5.74
0.433013,-2.75,-5.76
0.433013,-2.75,-5.78
0.433013,-2.75,-5.8
0.433013,-2.75,-5.82
0.433013,-2.75,-5.84
0.433013,-2.75,-5.86
0.433013,-2.75,-5.88
0.433013,-2.75,-5.9
0.433013,-2.75,-5.92
0.433013,-2.75,-5.94
0.433013,-2.75,-5.96
0.433013,-2.75,-5.98
0.433013,-2.75,-6.0
0.321394,-2.61698,-6.02
0.17101,-2.53015,-6.04
-2.577e-12,-2.5,-6.06
-0.0868241,-2.5076,-6.08
-0.25,-2.56699,-6.1
-0.383022,-2.67861,-6.12
-0.433013,-2.75,-6.14
-0.492404,-2.91318,-6.16
-0.492404,-3.08682,-6.18
-0.433013,-3.25,-6.2
-0.383022,-3.32139,-6.22
-0.25,-3.43301,-6.24
-0.0868241,-3.4924,-6.26
-4.16354e-12,-3.5,-6.28
-4.16354e-12,-3.5,-6.3
-4.16354e-12,-3.5,-6.32
-4.16354e-12,-3.5,-6.34
-4.16354e-12,-3.5,-6.36
-4.16354e-12,-3.5,-6.38
-4.16354e-12,-3.5,-6.4
-4.16354e-12,-3.5,-6.42
-4.16354e-12,-3.5,-6.44
-4.16354e-12,-3.5,-6.46
-4.16354e-12,-3.5,-6.48
-4.16354e-12,-3.5,-6.5
-4.16354e-12,-3.5,-6.52
-4.16354e-12,-3.5,-6.54
-4.16354e-12,-3.5,-6.56
-4.16354e-12,-3.5,-6.58
-4.16354e-12,-3.5,-6.6
-4.16354e-12,-3.5,-6.62
-4.16354e-12,-3.5,-6.64
-4.16354e-12,-3.5,-6.66
-4.16354e-12,-3.5,-6.68
-4.16354e-12,-3.5,-6.7
-4.16354e-12,-3.5,-6.72
-4.16354e-12,-3.5,-6.74
-4.16354e-12,-3.5,-6.76
0.0868241,-3.4924,-6.78
0.25,-3.43301,-6.8
0.383022,-3.32139,-6.82
0.433013,-3.25,-6.84
0.492404,-3.08682,-6.86
0.492404,-2.91318,-6.88
0.433013,-2.75,-6.9
0.383022,-2.67861,-6.92
0.25,-2.56699,-6.94
0.0868241,-2.5076,-6.96
-3.37005e-12,-2.5,-6.98
-0.17101,-2.53015,-7.0
-0.321394,-2.61698,-7.02
-0.433013,-2.75,-7.04
-0.433013,-2.75,-7.06
-0.433013,-2.75,-7.08
-0.433013,-2.75,-7.1
-0.433013,-2.75,-7.12
-0.433013,-2.75,-7.14
-0.433013,-2.75,-7.16
-0.433013,-2.75,-7.18
-0.433013,-2.75,-7.2
-0.433013,-2.75,-7.22
-0.433013,-2.75,-7.24
-0.433013,-2.75,-7.26
-0.433013,-2.75,-7.28
-0.433013,-2.75,-7.3
-0.433013,-2.75,-7.32
-0.433013,-2.75,-7.34
-0.433013,-2.75,-7.36
-0.433013,-2.75,-7.38
-0.433013,-2.75,-7.4
-0.433013,-2.75,-7.42
-0.433013,-2.75,-7.44
-0.433013,-2.75,-7.46
-0.483003,-2.82139,-7.48
-0.616025,-2.93301,-7.5
-0.779201,-2.9924,-7.52
-0.866025,-3.0,-7.54
-0.866025,-3.0,-7.56
-0.866025,-3.0,-7.58
-0.866025,-3.0,-7.6
-0.866025,-3.0,-7.62
-0.866025,-3.0,-7.64
-0.866025,-3.0,-7.66
-0.866025,-3.0,-7.68
-0.866025,-3.0,-7.7
-0.866025,-3.0,-7.72
-0.866025,-3.0,-7.74
-0.866025,-3.0,-7.76
-0.866025,-3.0,-7.78
-0.866025,-3.0,-7.8
-0.866025,-3.0,-7.82
-0.866025,-3.0,-7.84
-0.866025,-3.0,-7.86
-0.866025,-3.0,-7.88
-0.866025,-3.0,-7.9
-0.866025,-3.0,-7.92
-0.866025,-3.0,-7.94
-0.866025,-3.0,-7.96
-0.866025,-3.0,-7.98
-0.866025,-3.0,-8.0
-0.866025,-3.0,-8.02
-0.866025,-3.0,-8.04
-0.866025,-3.0,-8.06
-0.866025,-3.0,-8.08
-0.866025,-3.0,-8.1
-0.866025,-3.0,-8.12
-0.866025,-3.0,-8.14
-0.866025,-3.0,-8.16
-0.866025,-3.0,-8.18
-0.866025,-3.0,-8.2
-0.866025,-3.0,-8.22
-0.866025,-3.0,-8.24
-1.03704,-2.96985,-8.26
-1.18742,-2.88302,-8.28
-1.29904,-2.75,-8.3
-1.29904,-2.75,-8.32
-1.29904,-2.75,-8.34
-1.29904,-2.75,-8.36
-1.29904,-2.75,-8.38
-1.29904,-2.75,-8.4
-1.29904,-2.75,-8.42
-1.29904,-2.75,-8.44
-1.29904,-2.75,-8.46
-1.29904,-2.75,-8.48
-1.29904,-2.75,-8.5
-1.29904,-2.75,-8.52
-1.29904,-2.75,-8.54
-1.29904,-2.75,-8.56
-1.29904,-2.75,-8.58
-1.29904,-2.75,-8.6
-1.29904,-2.75,-8.62
-1.29904,-2.75,-8.64
-1.29904,-2.75,-8.66
-1.29904,-2.75,-8.68
-1.29904,-2.75,-8.7
-1.29904,-2.75,-8.72
-1.29904,-2.75,-8.74
-1.29904,-2.75,-8.76
-1.29904,-2.75,-8.78
-1.29904,-2.75,-8.8
-1.29904,-2.75,-8.82
-1.29904,-2.75,-8.84
-1.29904,-2.75,-8.86
-1.29904,-2.75,-8.88
-1.29904,-2.75,-8.9
-1.29904,-2.75,-8.92
-1.29904,-2.75,-8.94
-1.29904,-2.75,-8.96
-1.29904,-2.75,-8.98
-1.29904,-2.75,-9.0
-1.33587,-2.67101,-9.02
-1.36603,-2.5,-9.04
-1.33587,-2.32899,-9.06
-1.29904,-2.25,-9.08
-1.29904,-2.25,-9.1
-1.29904,-2.25,-9.12
-1.29904,-2.25,-9.14
-1.29904,-2.25,-9.16
-1.29904,-2.25,-9.18
-1.29904,-2.25,-9.2
-1.29904,-2.25,-9.22
-1.29904,-2.25,-9.24
-1.29904,-2.25,-9.26
-1.29904,-2.25,-9.28
-1.29904,-2.25,-9.3
-1.29904,-2.25,-9.32
-1.29904,-2.25,-9.34
-1.29904,-2.25,-9.36
-1.41066,-2.38302,-9.38
-1.56104,-2.46985,-9.4
-1.73205,-2.5,-9.42
-1.73205,-2.5,-9.44
-1.73205,-2.5,-9.46
-1.73205,-2.5,-9.48
-1.73205,-2.5,-9.5
-1.73205,-2.5,-9.52
-1.73205,-2.5,-9.54
-1.73205,-2.5,-9.56
-1.73205,-2.5,-9.58
-1.73205,-2.5,-9.6
-1.73205,-2.5,-9.62
-1.73205,-2.5,-9.64
-1.73205,-2.5,-9.66
-1.73205,-2.5,-9.68
-1.73205,-2.5,-9.7
-1.73205,-2.5,-9.72
-1.73205,-2.5,-9.74
-1.73205,-2.5,-9.76
-1.73205,-2.5,-9.78
-1.73205,-2.5,-9.8
-1.73205,-2.5,-9.82
-1.73205,-2.5,-9.84
-1.73205,-2.5,-9.86
-1.73205,-2.5,-9.88
-1.73205,-2.5,-9.9
-1.73205,-2.5,-9.92
-1.73205,-2.5,-9.94
-1.73205,-2.5,-9.96
-1.73205,-2.5,-9.98
-1.73205,-2.5,-10.0
-1.73205,-2.5,-10.02
-1.73205,-2.5,-10.04
-1.73205,-2.5,-10.06
-1.73205,-2.5,-10.08
-1.73205,-2.5,-10.1
-1.73205,-2.5,-10.12
-1.81887,-2.4924,-10.14
-1.98205,-2.43301,-10.16
-2.11507,-2.32139,-10.18
-2.16506,-2.25,-10.2
-2.16506,-2.25,-10.22
-2.16506,-2.25,-10.24
-2.16506,-2.25,-10.26
-2.16506,-2.25,-10.28
-2.16506,-2.25,-10.3
-2.16506,-2.25,-10.32
-2.16506,-2.25,-10.34
-2.16506,-2.25,-10.36
-2.16506,-2.25,-10.38
-2.16506,-2.25,-10.4
-2.16506,-2.25,-10.42
-2.16506,-2.25,-10.44
-2.16506,-2.25,-10.46
-2.16506,-2.25,-10.48
-2.16506,-2.25,-10.5
-2.16506,-2.25,-10.52
-2.16506,-2.25,-10.54
-2.16506,-2.25,-10.56
-2.16506,-2.25,-10.58
-2.16506,-2.25,-10.6
-2.16506,-2.25,-10.62
-2.16506,-2.25,-10.64
-2.16506,-2.25,-10.66
-2.16506,-2.25,-10.68
-2.16506,-2.25,-10.7
-2.16506,-2.25,-10.72
-2.16506,-2.25,-10.74
-2.16506,-2.25,-10.76
-2.16506,-2.25,-10.78
-2.16506,-2.25,-10.8
-2.16506,-2.25,-10.82
-2.16506,-2.25,-10.84
-2.16506,-2.25,-10.86
-2.16506,-2.25,-10.88
-2.16506,-2.25,-10.9
-2.22445,-2.08682,-10.92
-2.22445,-1.91318,-10.94
-2.16506,-1.75,-10.96
-2.16506,-1.75,-10.98
-2.16506,-1.75,-11.0
-2.16506,-1.75,-11.02
-2.16506,-1.75,-11.04
-2.16506,-1.75,-11.06
-2.16506,-1.75,-11.08
-2.16506,-1.75,-11.1
-2.16506,-1.75,-11.12
-2.16506,-1.75,-11.14
-2.16506,-1.75,-11.16
-2.16506,-1.75,-11.18
-2.16506,-1.75,-11.2
-2.16506,-1.75,-11.22
-2.16506,-1.75,-11.24
-2.16506,-1.75,-11.26
-2.16506,-1.75,-11.28
-2.16506,-1.75,-11.3
-2.16506,-1.75,-11.32
-2.16506,-1.75,-11.34
-2.16506,-1.75,-11.36
-2.16506,-1.75,-11.38
-2.12823,-1.67101,-11.4
-2.09808,-1.5,-11.42
-2.12823,-1.32899,-11.44
-2.16506,-1.25,-11.46
-2.27668,-1.11698,-11.48
-2.42707,-1.03015,-11.5
-2.59808,-1.0,-11.52
-2.6849,-1.0076,-11.54
-2.84808,-1.06699,-11.56
-2.9811,-1.17861,-11.58
-3.03109,-1.25,-11.6
-3.09048,-1.41318,-11.62
-3.09048,-1.58682,-11.64
-3.03109,-1.75,-11.66
-3.03109,-1.75,-11.68
-3.03109,-1.75,-11.7
-3.03109,-1.75,-11.72
-3.03109,-1.75,-11.74
-3.03109,-1.75,-11.76
-3.03109,-1.75,-11.78
-3.03109,-1.75,-11.8
-3.03109,-1.75,-11.82
-3.03109,-1.75,-11.84
-3.03109,-1.75,-11.86
-3.03109,-1.75,-11.88
-3.03109,-1.75,-11.9
-3.03109,-1.75,-11.92
-3.03109,-1.75,-11.94
-3.03109,-1.75,-11.96
-3.03109,-1.75,-11.98
-3.03109,-1.75,-12.0
-3.03109,-1.75,-12.02
-3.03109,-1.75,-12.04
-3.03109,-1.75,-12.06
-3.03109,-1.75,-12.08
-3.03109,-1.75,-12.1
-3.03109,-1.75,-12.12
-3.03109,-1.75,-12.14
-3.03109,-1.75,-12.16
-2.91947,-1.88302,-12.18
-2.76909,-1.96985,-12.2
-2.59808,-2.0,-12.22
-2.51125,-1.9924,-12.24
-2.34808,-1.93301,-12.26
-2.21505,-1.82139,-12.28
-2.16506,-1.75,-12.3
-2.10567,-1.58682,-12.32
-2.10567,-1.41318,-12.34
-2.16506,-1.25,-12.36
-2.21505,-1.17861,-12.38
-2.34808,-1.06699,-12.4
-2.51125,-1.0076,-12.42
-2.59808,-1.0,-12.44
-2.59808,-1.0,-12.46
-2.59808,-1.0,-12.48
-2.59808,-1.0,-12.5
-2.59808,-1.0,-12.52
-2.59808,-1.0,-12.54
-2.59808,-1.0,-12.56
-2.59808,-1.0,-12.58
-2.59808,-1.0,-12.6
-2.59808,-1.0,-12.62
-2.59808,-1.0,-12.64
-2.59808,-1.0,-12.66
-2.59808,-1.0,-12.68
-2.59808,-1.0,-12.7
-2.59808,-1.0,-12.72
-2.59808,-1.0,-12.74
-2.59808,-1.0,-12.76
-2.59808,-1.0,-12.78
-2.59808,-1.0,-12.8
-2.59808,-1.0,-12.82
-2.59808,-1.0,-12.84
-2.59808,-1.0,-12.86
-2.76909,-0.969846,-12.88
-2.91947,-0.883022,-12.9
-3.03109,-0.75,-12.92
-3.03109,-0.75,-12.94
-3.03109,-0.75,-12.96
-3.03109,-0.75,-12.98
-3.03109,-0.75,-13.0
-3.03109,-0.75,-13.02
-3.03109,-0.75,-13.04
-3.03109,-0.75,-13.06
-3.03109,-0.75,-13.08
-3.03109,-0.75,-13.1
-3.03109,-0.75,-13.12
-3.03109,-0.75,-13.14
-3.03109,-0.75,-13.16
-3.03109,-0.75,-13.18
-3.03109,-0.75,-13.2
-3.03109,-0.75,-13.22
-3.03109,-0.75,-13.24
-3.03109,-0.75,-13.26
-3.03109,-0.75,-13.28
-3.03109,-0.75,-13.3
-3.03109,-0.75,-13.32
-3.03109,-0.75,-13.34
-3.03109,-0.75,-13.36
-3.03109,-0.75,-13.38
-3.03109,-0.75,-13.4
-3.03109,-0.75,-13.42
-3.03109,-0.75,-13.44
-3.03109,-0.75,-13.46
-3.03109,-0.75,-13.48
-3.03109,-0.75,-13.5
-3.03109,-0.75,-13.52
-3.03109,-0.75,-13.54
-3.03109,-0.75,-13.56
-3.03109,-0.75,-13.58
-3.03109,-0.75,-13.6
-3.03109,-0.75,-13.62
-3.06792,-0.67101,-13.64
-3.09808,-0.5,-13.66
-3.06792,-0.32899,-13.68
-3.03109,-0.25,-13.7
-3.03109,-0.25,-13.72
-3.03109,-0.25,-13.74
-3.03109,-0.25,-13.76
-3.03109,-0.25,-13.78
-3.03109,-0.25,-13.8
-3.03109,-0.25,-13.82
-3.03109,-0.25,-13.84
-3.03109,-0.25,-13.86
-3.03109,-0.25,-13.88
-3.03109,-0.25,-13.9
-3.03109,-0.25,-13.92
-3.03109,-0.25,-13.94
-3.03109,-0.25,-13.96
-3.03109,-0.25,-13.98
-3.03109,-0.25,-14.0
-3.03109,-0.25,-14.02
-3.03109,-0.25,-14.04
-3.03109,-0.25,-14.06
-3.03109,-0.25,-14.08
-3.03109,-0.25,-14.1
-3.03109,-0.25,-14.12
-3.03109,-0.25,-14.14
-3.03109,-0.25,-14.16
-3.03109,-0.25,-14.18
-3.03109,-0.25,-14.2
-3.03109,-0.25,-14.22
-3.03109,-0.25,-14.24
-3.03109,-0.25,-14.26
-3.03109,-0.25,-14.28
-3.03109,-0.25,-14.3
-3.03109,-0.25,-14.32
-3.03109,-0.25,-14.34
-3.03109,-0.25,-14.36
-3.03109,-0.25,-14.38
-3.03109,-0.25,-14.4
-2.91947,-0.116978,-14.42
-2.76909,-0.0301537,-14.44
-2.59808,1.71663e-12,-14.46
-2.59808,1.71663e-12,-14.48
-2.59808,1.71663e-12,-14.5
-2.59808,1.71663e-12,-14.52
-2.59808,1.71663e-12,-14.54
-2.59808,1.71663e-12,-14.56
-2.59808,1.71663e-12,-14.58
-2.59808,1.71663e-12,-14.6
-2.59808,1.71663e-12,-14.62
-2.59808,1.71663e-12,-14.64
-2.59808,1.71663e-12,-14.66
-2.59808,1.71663e-12,-14.68
-2.59808,1.71663e-12,-14.7
-2.59808,1.71663e-12,-14.72
-2.59808,1.71663e-12,-14.74
-2.6849,0.00759612,-14.76
-2.84808,0.0669873,-14.78
-2.9811,0.178606,-14.8
-3.03109,0.25,-14.82
-3.03109,0.25,-14.84
-3.03109,0.25,-14.86
-3.03109,0.25,-14.88
-3.03109,0.25,-14.9
-3.03109,0.25,-14.92
-3.03109,0.25,-14.94
-3.03109,0.25,-14.96
-3.03109,0.25,-14.98
-3.03109,0.25,-15.0
-3.03109,0.25,-15.02
-3.03109,0.25,-15.04
-3.03109,0.25,-15.06
-3.03109,0.25,-15.08
-3.03109,0.25,-15.1
-3.03109,0.25,-15.12
-3.03109,0.25,-15.14
-3.03109,0.25,-15.16
-3.03109,0.25,-15.18
-3.03109,0.25,-15.2
-3.03109,0.25,-15.22
-3.03109,0.25,-15.24
-3.03109,0.25,-15.26
-3.03109,0.25,-15.28
-3.03109,0.25,-15.3
-3.03109,0.25,-15.32
-3.03109,0.25,-15.34
-3.03109,0.25,-15.36
-3.03109,0.25,-15.38
-3.03109,0.25,-15.4
-3.03109,0.25,-15.42
-3.03109,0.25,-15.44
-3.03109,0.25,-15.46
-3.03109,0.25,-15.48
-3.03109,0.25,-15.5
-3.03109,0.25,-15.52
-3.09048,0.413176,-15.54
-3.09048,0.586824,-15.56
-3.03109,0.75,-15.58
-3.03109,0.75,-15.6
-3.03109,0.75,-15.62
-3.03109,0.75,-15.64
-3.03109,0.75,-15.66
-3.03109,0.75,-15.68
-3.03109,0.75,-15.7
-3.03109,0.75,-15.72
-3.03109,0.75,-15.74
-3.03109,0.75,-15.76
-3.03109,0.75,-15.78
-3.03109,0.75,-15.8
-3.03109,0.75,-15.82
-3.03109,0.75,-15.84
-3.03109,0.75,-15.86
-3.03109,0.75,-15.88
-3.03109,0.75,-15.9
-3.03109,0.75,-15.92
-3.03109,0.75,-15.94
-3.03109,0.75,-15.96
-3.03109,0.75,-15.98
-3.03109,0.75,-16.0
-3.03109,0.75,-16.02
-3.03109,0.75,-16.04
-3.03109,0.75,-16.06
-3.03109,0.75,-16.08
-3.03109,0.75,-16.1
-3.03109,0.75,-16.12
-3.03109,0.75,-16.14
-3.03109,0.75,-16.16
-3.03109,0.75,-16.18
-3.03109,0.75,-16.2
-3.03109,0.75,-16.22
-3.03109,0.75,-16.24
-3.03109,0.75,-16.26
-3.03109,0.75,-16.28
-2.9811,0.821394,-16.3
-2.84808,0.933013,-16.32
-2.6849,0.992404,-16.34
-2.59808,1.0,-16.36
-2.59808,1.0,-16.38
-2.59808,1.0,-16.4
-2.59808,1.0,-16.42
-2.59808,1.0,-16.44
-2.59808,1.0,-16.46
-2.59808,1.0,-16.48
-2.59808,1.0,-16.5
-2.59808,1.0,-16.52
-2.59808,1.0,-16.54
-2.59808,1.0,-16.56
-2.59808,1.0,-16.58
-2.59808,1.0,-16.6
-2.59808,1.0,-16.62
-2.59808,1.0,-16.64
-2.59808,1.0,-16.66
-2.59808,1.0,-16.68
-2.59808,1.0,-16.7
-2.59808,1.0,-16.72
-2.59808,1.0,-16.74
-2.59808,1.0,-16.76
-2.59808,1.0,-16.78
-2.42707,1.03015,-16.8
-2.27668,1.11698,-16.82
-2.16506,1.25,-16.84
-2.12823,1.32899,-16.86
-2.09808,1.5,-16.88
-2.12823,1.67101,-16.9
-2.16506,1.75,-16.92
-2.27668,1.88302,-16.94
-2.42707,1.96985,-16.96
-2.59808,2.0,-16.98
-2.6849,1.9924,-17.0
-2.84808,1.93301,-17.02
-2.9811,1.82139,-17.04
-3.03109,1.75,-17.06
-3.03109,1.75,-17.08
-3.03109,1.75,-17.1
