-1.56104,0.469846,14.98
-1.41066,0.383022,14.96
-1.29904,0.25,14.94
-1.29904,0.25,14.92
-1.29904,0.25,14.9
-1.29904,0.25,14.88
-1.29904,0.25,14.86
-1.29904,0.25,14.84
-1.29904,0.25,14.82
-1.29904,0.25,14.8
-1.29904,0.25,14.78
-1.29904,0.25,14.76
-1.29904,0.25,14.74
-1.29904,0.25,14.72
-1.29904,0.25,14.7
-1.29904,0.25,14.68
-1.29904,0.25,14.66
-1.29904,0.25,14.64
-1.29904,0.25,14.62
-1.29904,0.25,14.6
-1.29904,0.25,14.58
-1.29904,0.25,14.56
-1.29904,0.25,14.54
-1.29904,0.25,14.52
-1.29904,0.25,14.5
-1.29904,0.25,14.48
-1.29904,0.25,14.46
-1.29904,0.25,14.44
-1.29904,0.25,14.42
-1.29904,0.25,14.4
-1.29904,0.25,14.38
-1.2622,0.17101,14.36
-1.23205,1.14442e-12,14.34
-1.2622,-0.17101,14.32
-1.29904,-0.25,14.3
-1.41066,-0.383022,14.28
-1.56104,-0.469846,14.26
-1.73205,-0.5,14.24
-1.81887,-0.492404,14.22
-1.98205,-0.433013,14.2
-2.11507,-0.321394,14.18
-2.16506,-0.25,14.16
-2.16506,-0.25,14.14
-2.16506,-0.25,14.12
-2.16506,-0.25,14.1
-2.12823,-0.32899,14.08
-2.09808,-0.5,14.06
-2.12823,-0.67101,14.04
-2.16506,-0.75,14.02
-2.16506,-0.75,14.0
-2.16506,-0.75,13.98
-2.16506,-0.75,13.96
-2.16506,-0.75,13.94
-2.16506,-0.75,13.92
-2.16506,-0.75,13.9
-2.16506,-0.75,13.88
-2.16506,-0.75,13.86
-2.16506,-0.75,13.84
-2.16506,-0.75,13.82
-2.16506,-0.75,13.8
-2.16506,-0.75,13.78
-2.16506,-0.75,13.76
-2.16506,-0.75,13.74
-2.16506,-0.75,13.72
-2.16506,-0.75,13.7
-2.16506,-0.75,13.68
-2.2019,-0.82899,13.66
-2.23205,-1.0,13.64
-2.2019,-1.17101,13.62
-2.16506,-1.25,13.6
-2.16506,-1.25,13.58
-2.16506,-1.25,13.56
-2.16506,-1.25,13.54
-2.16506,-1.25,13.52
-2.16506,-1.25,13.5
-2.16506,-1.25,13.48
-2.16506,-1.25,13.46
-2.16506,-1.25,13.44
-2.16506,-1.25,13.42
-2.16506,-1.25,13.4
-2.11507,-1.32139,13.38
-1.98205,-1.43301,13.36
-1.81887,-1.4924,13.34
-1.73205,-1.5,13.32
-1.73205,-1.5,13.3
-1.73205,-1.5,13.28
-1.73205,-1.5,13.26
-1.73205,-1.5,13.24
-1.73205,-1.5,13.22
-1.73205,-1.5,13.2
-1.73205,-1.5,13.18
-1.73205,-1.5,13.16
-1.73205,-1.5,13.14
-1.73205,-1.5,13.12
-1.73205,-1.5,13.1
-1.73205,-1.5,13.08
-1.73205,-1.5,13.06
-1.73205,-1.5,13.04
-1.73205,-1.5,13.02
-1.73205,-1.5,13.0
-1.73205,-1.5,12.98
-1.64523,-1.5076,12.96
-1.48205,-1.56699,12.94
-1.34903,-1.67861,12.92
-1.29904,-1.75,12.9
-1.29904,-1.75,12.88
-1.29904,-1.75,12.86
-1.29904,-1.75,12.84
-1.33587,-1.67101,12.82
-1.36603,-1.5,12.8
-1.33587,-1.32899,12.78
-1.29904,-1.25,12.76
-1.18742,-1.11698,12.74
-1.03704,-1.03015,12.72
-0.866025,-1.0,12.7
-0.779201,-1.0076,12.68
-0.616025,-1.06699,12.66
-0.483003,-1.17861,12.64
-0.433013,-1.25,12.62
-0.433013,-1.25,12.6
-0.433013,-1.25,12.58
-0.433013,-1.25,12.56
-0.433013,-1.25,12.54
-0.433013,-1.25,12.52
-0.433013,-1.25,12.5
-0.433013,-1.25,12.48
-0.433013,-1.25,12.46
-0.433013,-1.25,12.44
-0.433013,-1.25,12.42
-0.433013,-1.25,12.4
-0.433013,-1.25,12.38
-0.433013,-1.25,12.36
-0.433013,-1.25,12.34
-0.433013,-1.25,12.32
-0.433013,-1.25,12.3
-0.433013,-1.25,12.28
-0.433013,-1.25,12.26
-0.433013,-1.25,12.24
-0.433013,-1.25,12.22
-0.433013,-1.25,12.2
-0.433013,-1.25,12.18
-0.433013,-1.25,12.16
-0.433013,-1.25,12.14
-0.433013,-1.25,12.12
-0.433013,-1.25,12.1
-0.433013,-1.25,12.08
-0.433013,-1.25,12.06
-0.373622,-1.41318,12.04
-0.373622,-1.58682,12.02
-0.433013,-1.75,12.0
-0.483003,-1.82139,11.98
-0.616025,-1.93301,11.96
-0.779201,-1.9924,11.94
-0.866025,-2.0,11.92
-1.03704,-1.96985,11.9
-1.18742,-1.88302,11.88
-1.29904,-1.75,11.86
-1.29904,-1.75,11.84
-1.29904,-1.75,11.82
-1.29904,-1.75,11.8
-1.29904,-1.75,11.78
-1.29904,-1.75,11.76
-1.29904,-1.75,11.74
-1.29904,-1.75,11.72
-1.29904,-1.75,11.7
-1.29904,-1.75,11.68
-1.29904,-1.75,11.66
-1.29904,-1.75,11.64
-1.29904,-1.75,11.62
-1.29904,-1.75,11.6
-1.29904,-1.75,11.58
-1.29904,-1.75,11.56
-1.29904,-1.75,11.54
-1.29904,-1.75,11.52
-1.29904,-1.75,11.5
-1.29904,-1.75,11.48
-1.29904,-1.75,11.46
-1.29904,-1.75,11.44
-1.2622,-1.82899,11.42
-1.23205,-2.0,11.4
-1.2622,-2.17101,11.38
-1.29904,-2.25,11.36
-1.29904,-2.25,11.34
-1.29904,-2.25,11.32
-1.29904,-2.25,11.3
-1.29904,-2.25,11.28
-1.29904,-2.25,11.26
-1.29904,-2.25,11.24
-1.29904,-2.25,11.22
-1.29904,-2.25,11.2
-1.29904,-2.25,11.18
-1.29904,-2.25,11.16
-1.29904,-2.25,11.14
-1.29904,-2.25,11.12
-1.29904,-2.25,11.1
-1.29904,-2.25,11.08
-1.29904,-2.25,11.06
-1.29904,-2.25,11.04
-1.29904,-2.25,11.02
-1.24905,-2.17861,11.0
-1.11603,-2.06699,10.98
-0.952849,-2.0076,10.96
-0.866025,-2.0,10.94
-0.866025,-2.0,10.92
-0.866025,-2.0,10.9
-0.866025,-2.0,10.88
-0.866025,-2.0,10.86
-0.866025,-2.0,10.84
-0.866025,-2.0,10.82
-0.866025,-2.0,10.8
-0.866025,-2.0,10.78
-0.866025,-2.0,10.76
-0.866025,-2.0,10.74
-0.866025,-2.0,10.72
-0.866025,-2.0,10.7
-0.866025,-2.0,10.68
-0.866025,-2.0,10.66
-0.866025,-2.0,10.64
-0.866025,-2.0,10.62
-0.866025,-2.0,10.6
-0.866025,-2.0,10.58
-0.866025,-2.0,10.56
-0.866025,-2.0,10.54
-0.866025,-2.0,10.52
-1.03704,-1.96985,10.5
-1.18742,-1.88302,10.48
-1.29904,-1.75,10.46
-1.33587,-1.67101,10.44
-1.36603,-1.5,10.42
-1.33587,-1.32899,10.4
-1.29904,-1.25,10.38
-1.18742,-1.11698,10.36
-1.03704,-1.03015,10.34
-0.866025,-1.0,10.32
-0.866025,-1.0,10.3
-0.866025,-1.0,10.28
-0.866025,-1.0,10.26
-0.866025,-1.0,10.24
-0.866025,-1.0,10.22
-0.866025,-1.0,10.2
-0.866025,-1.0,10.18
-0.866025,-1.0,10.16
-0.866025,-1.0,10.14
-0.866025,-1.0,10.12
-0.866025,-1.0,10.1
-0.866025,-1.0,10.08
-0.866025,-1.0,10.06
-0.866025,-1.0,10.04
-0.866025,-1.0,10.02
-0.866025,-1.0,10.0
-0.866025,-1.0,9.98
-0.866025,-1.0,9.96
-0.866025,-1.0,9.94
-0.866025,-1.0,9.92
-0.866025,-1.0,9.9
-0.866025,-1.0,9.88
-0.866025,-1.0,9.86
-0.866025,-1.0,9.84
-0.866025,-1.0,9.82
-0.866025,-1.0,9.8
-0.866025,-1.0,9.78
-0.866025,-1.0,9.76
-0.779201,-1.0076,9.74
-0.616025,-1.06699,9.72
-0.483003,-1.17861,9.7
-0.433013,-1.25,9.68
-0.373622,-1.41318,9.66
-0.373622,-1.58682,9.64
-0.433013,-1.75,9.62
-0.483003,-1.82139,9.6
-0.616025,-1.93301,9.58
-0.779201,-1.9924,9.56
-0.866025,-2.0,9.54
-0.866025,-2.0,9.52
-0.866025,-2.0,9.5
-0.866025,-2.0,9.48
-0.779201,-2.0076,9.46
-0.616025,-2.06699,9.44
-0.483003,-2.17861,9.42
-0.433013,-2.25,9.4
-0.433013,-2.25,9.38
-0.433013,-2.25,9.36
-0.433013,-2.25,9.34
-0.433013,-2.25,9.32
-0.433013,-2.25,9.3
-0.433013,-2.25,9.28
-0.433013,-2.25,9.26
-0.433013,-2.25,9.24
-0.433013,-2.25,9.22
-0.433013,-2.25,9.2
-0.433013,-2.25,9.18
-0.433013,-2.25,9.16
-0.433013,-2.25,9.14
-0.433013,-2.25,9.12
-0.433013,-2.25,9.1
-0.433013,-2.25,9.08
-0.433013,-2.25,9.06
-0.383022,-2.32139,9.04
-0.25,-2.43301,9.02
-0.0868241,-2.4924,9.0
-2.97408e-12,-2.5,8.98
-2.97408e-12,-2.5,8.96
-2.97408e-12,-2.5,8.94
-2.97408e-12,-2.5,8.92
-2.97408e-12,-2.5,8.9
-2.97408e-12,-2.5,8.88
-2.97408e-12,-2.5,8.86
-2.97408e-12,-2.5,8.84
-2.97408e-12,-2.5,8.82
-2.97408e-12,-2.5,8.8
-2.97408e-12,-2.5,8.78
0.0868241,-2.4924,8.76
0.25,-2.43301,8.74
0.383022,-2.32139,8.72
0.433013,-2.25,8.7
0.433013,-2.25,8.68
0.433013,-2.25,8.66
0.433013,-2.25,8.64
0.433013,-2.25,8.62
0.433013,-2.25,8.6
0.433013,-2.25,8.58
0.433013,-2.25,8.56
0.433013,-2.25,8.54
0.433013,-2.25,8.52
0.433013,-2.25,8.5
0.433013,-2.25,8.48
0.433013,-2.25,8.46
0.433013,-2.25,8.44
0.433013,-2.25,8.42
0.433013,-2.25,8.4
0.433013,-2.25,8.38
0.433013,-2.25,8.36
0.483003,-2.17861,8.34
0.616025,-2.06699,8.32
0.779201,-2.0076,8.3
0.866025,-2.0,8.28
0.866025,-2.0,8.26
0.866025,-2.0,8.24
0.866025,-2.0,8.22
0.779201,-1.9924,8.2
0.616025,-1.93301,8.18
0.483003,-1.82139,8.16
0.433013,-1.75,8.14
0.373622,-1.58682,8.12
0.373622,-1.41318,8.1
0.433013,-1.25,8.08
0.483003,-1.17861,8.06
0.616025,-1.06699,8.04
0.779201,-1.0076,8.02
0.866025,-1.0,8.0
0.866025,-1.0,7.98
0.866025,-1.0,7.96
0.866025,-1.0,7.94
0.866025,-1.0,7.92
0.866025,-1.0,7.9
0.866025,-1.0,7.88
0.866025,-1.0,7.86
0.866025,-1.0,7.84
0.866025,-1.0,7.82
0.866025,-1.0,7.8
0.866025,-1.0,7.78
0.866025,-1.0,7.76
0.866025,-1.0,7.74
0.866025,-1.0,7.72
0.866025,-1.0,7.7
0.866025,-1.0,7.68
0.866025,-1.0,7.66
0.866025,-1.0,7.64
0.866025,-1.0,7.62
0.866025,-1.0,7.6
0.866025,-1.0,7.58
0.866025,-1.0,7.56
0.866025,-1.0,7.54
0.866025,-1.0,7.52
0.866025,-1.0,7.5
0.866025,-1.0,7.48
0.866025,-1.0,7.46
0.866025,-1.0,7.44
1.03704,-1.03015,7.42
1.18742,-1.11698,7.4
1.29904,-1.25,7.38
1.33587,-1.32899,7.36
1.36603,-1.5,7.34
1.33587,-1.67101,7.32
1.29904,-1.75,7.3
1.18742,-1.88302,7.28
1.03704,-1.96985,7.26
0.866025,-2.0,7.24
0.866025,-2.0,7.22
0.866025,-2.0,7.2
0.866025,-2.0,7.18
0.866025,-2.0,7.16
0.866025,-2.0,7.14
0.866025,-2.0,7.12
0.866025,-2.0,7.1
0.866025,-2.0,7.08
0.866025,-2.0,7.06
0.866025,-2.0,7.04
0.866025,-2.0,7.02
0.866025,-2.0,7.0
0.866025,-2.0,6.98
0.866025,-2.0,6.96
0.866025,-2.0,6.94
0.866025,-2.0,6.92
0.866025,-2.0,6.9
0.866025,-2.0,6.88
0.866025,-2.0,6.86
0.866025,-2.0,6.84
0.866025,-2.0,6.82
0.952849,-2.0076,6.8
1.11603,-2.06699,6.78
1.24905,-2.17861,6.76
1.29904,-2.25,6.74
1.29904,-2.25,6.72
1.29904,-2.25,6.7
1.29904,-2.25,6.68
1.29904,-2.25,6.66
1.29904,-2.25,6.64
1.29904,-2.25,6.62
1.29904,-2.25,6.6
1.29904,-2.25,6.58
1.29904,-2.25,6.56
1.29904,-2.25,6.54
1.29904,-2.25,6.52
1.29904,-2.25,6.5
1.29904,-2.25,6.48
1.29904,-2.25,6.46
1.29904,-2.25,6.44
1.29904,-2.25,6.42
1.29904,-2.25,6.4
1.2622,-2.17101,6.38
1.23205,-2.0,6.36
1.2622,-1.82899,6.34
1.29904,-1.75,6.32
1.29904,-1.75,6.3
1.29904,-1.75,6.28
1.29904,-1.75,6.26
1.29904,-1.75,6.24
1.29904,-1.75,6.22
1.29904,-1.75,6.2
1.29904,-1.75,6.18
1.29904,-1.75,6.16
1.29904,-1.75,6.14
1.29904,-1.75,6.12
1.29904,-1.75,6.1
1.29904,-1.75,6.08
1.29904,-1.75,6.06
1.29904,-1.75,6.04
1.29904,-1.75,6.02
1.29904,-1.75,6.0
1.29904,-1.75,5.98
1.29904,-1.75,5.96
1.29904,-1.75,5.94
1.29904,-1.75,5.92
1.29904,-1.75,5.9
1.18742,-1.88302,5.88
1.03704,-1.96985,5.86
0.866025,-2.0,5.84
0.779201,-1.9924,5.82
0.616025,-1.93301,5.8
0.483003,-1.82139,5.78
0.433013,-1.75,5.76
0.373622,-1.58682,5.74
0.373622,-1.41318,5.72
0.433013,-1.25,5.7
0.433013,-1.25,5.68
0.433013,-1.25,5.66
0.433013,-1.25,5.64
0.433013,-1.25,5.62
0.433013,-1.25,5.6
0.433013,-1.25,5.58
0.433013,-1.25,5.56
0.433013,-1.25,5.54
0.433013,-1.25,5.52
0.433013,-1.25,5.5
0.433013,-1.25,5.48
0.433013,-1.25,5.46
0.433013,-1.25,5.44
0.433013,-1.25,5.42
0.433013,-1.25,5.4
0.433013,-1.25,5.38
0.433013,-1.25,5.36
0.433013,-1.25,5.34
0.433013,-1.25,5.32
0.433013,-1.25,5.3
0.433013,-1.25,5.28
0.433013,-1.25,5.26
0.433013,-1.25,5.24
0.433013,-1.25,5.22
0.433013,-1.25,5.2
0.433013,-1.25,5.18
0.433013,-1.25,5.16
0.433013,-1.25,5.14
0.483003,-1.17861,5.12
0.616025,-1.06699,5.1
0.779201,-1.0076,5.08
0.866025,-1.0,5.06
1.03704,-1.03015,5.04
1.18742,-1.11698,5.02
1.29904,-1.25,5.0
1.33587,-1.32899,4.98
1.36603,-1.5,4.96
1.33587,-1.67101,4.94
1.29904,-1.75,4.92
1.29904,-1.75,4.9
1.29904,-1.75,4.88
1.29904,-1.75,4.86
1.34903,-1.67861,4.84
1.48205,-1.56699,4.82
1.64523,-1.5076,4.8
1.73205,-1.5,4.78
1.73205,-1.5,4.76
1.73205,-1.5,4.74
1.73205,-1.5,4.72
1.73205,-1.5,4.7
1.73205,-1.5,4.68
1.73205,-1.5,4.66
1.73205,-1.5,4.64
1.73205,-1.5,4.62
1.73205,-1.5,4.6
1.73205,-1.5,4.58
1.73205,-1.5,4.56
1.73205,-1.5,4.54
1.73205,-1.5,4.52
1.73205,-1.5,4.5
1.73205,-1.5,4.48
1.73205,-1.5,4.46
1.73205,-1.5,4.44
1.81887,-1.4924,4.42
1.98205,-1.43301,4.4
2.11507,-1.32139,4.38
2.16506,-1.25,4.36
2.16506,-1.25,4.34
2.16506,-1.25,4.32
2.16506,-1.25,4.3
2.16506,-1.25,4.28
2.16506,-1.25,4.26
2.16506,-1.25,4.24
2.16506,-1.25,4.22
2.16506,-1.25,4.2
2.16506,-1.25,4.18
2.16506,-1.25,4.16
2.2019,-1.17101,4.14
2.23205,-1.0,4.12
2.2019,-0.82899,4.1
2.16506,-0.75,4.08
2.16506,-0.75,4.06
2.16506,-0.75,4.04
2.16506,-0.75,4.02
2.16506,-0.75,4.0
2.16506,-0.75,3.98
2.16506,-0.75,3.96
2.16506,-0.75,3.94
2.16506,-0.75,3.92
2.16506,-0.75,3.9
2.16506,-0.75,3.88
2.16506,-0.75,3.86
2.16506,-0.75,3.84
2.16506,-0.75,3.82
2.16506,-0.75,3.8
2.16506,-0.75,3.78
2.16506,-0.75,3.76
2.16506,-0.75,3.74
2.12823,-0.67101,3.72
2.09808,-0.5,3.7
2.12823,-0.32899,3.68
2.16506,-0.25,3.66
2.16506,-0.25,3.64
2.16506,-0.25,3.62
2.16506,-0.25,3.6
2.11507,-0.321394,3.58
1.98205,-0.433013,3.56
1.81887,-0.492404,3.54
1.73205,-0.5,3.52
1.56104,-0.469846,3.5
1.41066,-0.383022,3.48
1.29904,-0.25,3.46
1.2622,-0.17101,3.44
1.23205,-2.12113e-12,3.42
1.2622,0.17101,3.4
1.29904,0.25,3.38
1.29904,0.25,3.36
1.29904,0.25,3.34
1.29904,0.25,3.32
1.29904,0.25,3.3
1.29904,0.25,3.28
1.29904,0.25,3.26
1.29904,0.25,3.24
1.29904,0.25,3.22
1.29904,0.25,3.2
1.29904,0.25,3.18
1.29904,0.25,3.16
1.29904,0.25,3.14
1.29904,0.25,3.12
1.29904,0.25,3.1
1.29904,0.25,3.08
1.29904,0.25,3.06
1.29904,0.25,3.04
1.29904,0.25,3.02
1.29904,0.25,3.0
1.29904,0.25,2.98
1.29904,0.25,2.96
1.29904,0.25,2.94
1.29904,0.25,2.92
1.29904,0.25,2.9
1.29904,0.25,2.88
1.29904,0.25,2.86
1.29904,0.25,2.84
1.29904,0.25,2.82
1.41066,0.383022,2.8
1.56104,0.469846,2.78
1.73205,0.5,2.76
1.81887,0.492404,2.74
1.98205,0.433013,2.72
2.11507,0.321394,2.7
2.16506,0.25,2.68
2.22445,0.0868241,2.66
2.22445,-0.0868241,2.64
2.16506,-0.25,2.62
2.16506,-0.25,2.6
2.16506,-0.25,2.58
2.16506,-0.25,2.56
2.16506,-0.25,2.54
2.16506,-0.25,2.52
2.16506,-0.25,2.5
2.16506,-0.25,2.48
2.16506,-0.25,2.46
2.16506,-0.25,2.44
2.16506,-0.25,2.42
2.16506,-0.25,2.4
2.16506,-0.25,2.38
2.16506,-0.25,2.36
2.16506,-0.25,2.34
2.16506,-0.25,2.32
2.16506,-0.25,2.3
2.16506,-0.25,2.28
2.16506,-0.25,2.26
2.16506,-0.25,2.24
2.16506,-0.25,2.22
2.16506,-0.25,2.2
2.21505,-0.178606,2.18
2.34808,-0.0669873,2.16
2.51125,-0.00759612,2.14
2.59808,-3.77653e-12,2.12
2.59808,-3.77653e-12,2.1
2.59808,-3.77653e-12,2.08
2.59808,-3.77653e-12,2.06
2.59808,-3.77653e-12,2.04
2.59808,-3.77653e-12,2.02
2.59808,-3.77653e-12,2.0
2.59808,-3.77653e-12,1.98
2.59808,-3.77653e-12,1.96
2.59808,-3.77653e-12,1.94
2.59808,-3.77653e-12,1.92
2.59808,-3.77653e-12,1.9
2.59808,-3.77653e-12,1.88
2.59808,-3.77653e-12,1.86
2.59808,-3.77653e-12,1.84
2.59808,-3.77653e-12,1.82
2.59808,-3.77653e-12,1.8
2.59808,-3.77653e-12,1.78
2.51125,0.00759612,1.76
2.34808,0.0669873,1.74
2.21505,0.178606,1.72
2.16506,0.25,1.7
2.16506,0.25,1.68
2.16506,0.25,1.66
2.16506,0.25,1.64
2.16506,0.25,1.62
2.16506,0.25,1.6
2.16506,0.25,1.58
2.16506,0.25,1.56
2.16506,0.25,1.54
2.16506,0.25,1.52
2.16506,0.25,1.5
2.16506,0.25,1.48
2.16506,0.25,1.46
2.16506,0.25,1.44
2.16506,0.25,1.42
2.16506,0.25,1.4
2.16506,0.25,1.38
2.16506,0.25,1.36
2.16506,0.25,1.34
2.16506,0.25,1.32
2.16506,0.25,1.3
2.16506,0.25,1.28
2.22445,0.0868241,1.26
2.22445,-0.0868241,1.24
2.16506,-0.25,1.22
2.11507,-0.321394,1.2
1.98205,-0.433013,1.18
1.81887,-0.492404,1.16
1.73205,-0.5,1.14
1.56104,-0.469846,1.12
1.41066,-0.383022,1.1
1.29904,-0.25,1.08
1.29904,-0.25,1.06
1.29904,-0.25,1.04
1.29904,-0.25,1.02
1.29904,-0.25,1.0
1.29904,-0.25,0.98
1.29904,-0.25,0.96
1.29904,-0.25,0.94
1.29904,-0.25,0.92
1.29904,-0.25,0.9
1.29904,-0.25,0.88
1.29904,-0.25,0.86
1.29904,-0.25,0.84
1.29904,-0.25,0.82
1.29904,-0.25,0.8
1.29904,-0.25,0.78
1.29904,-0.25,0.76
1.29904,-0.25,0.74
1.29904,-0.25,0.72
1.29904,-0.25,0.7
1.29904,-0.25,0.68
1.29904,-0.25,0.66
1.29904,-0.25,0.64
1.29904,-0.25,0.62
1.29904,-0.25,0.6
1.29904,-0.25,0.58
1.29904,-0.25,0.56
1.29904,-0.25,0.54
1.29904,-0.25,0.52
1.2622,-0.17101,0.5
1.23205,-2.12113e-12,0.48
1.2622,0.17101,0.46
1.29904,0.25,0.44
1.41066,0.383022,0.42
1.56104,0.469846,0.4
1.73205,0.5,0.38
1.81887,0.492404,0.36
1.98205,0.433013,0.34
2.11507,0.321394,0.32
2.16506,0.25,0.3
2.16506,0.25,0.28
2.16506,0.25,0.26
2.16506,0.25,0.24
2.12823,0.32899,0.22
2.09808,0.5,0.2
2.12823,0.67101,0.18
2.16506,0.75,0.16
2.16506,0.75,0.14
2.16506,0.75,0.12
2.16506,0.75,0.1
2.16506,0.75,0.08
2.16506,0.75,0.06
2.16506,0.75,0.04
2.16506,0.75,0.02
2.16506,0.75,-4.12829e-14
2.16506,0.75,-0.02
2.16506,0.75,-0.04
2.16506,0.75,-0.06
2.16506,0.75,-0.08
2.16506,0.75,-0.1
2.16506,0.75,-0.12
2.16506,0.75,-0.14
2.16506,0.75,-0.16
2.16506,0.75,-0.18
2.2019,0.82899,-0.2
2.23205,1.0,-0.22
2.2019,1.17101,-0.24
2.16506,1.25,-0.26
2.16506,1.25,-0.28
2.16506,1.25,-0.3
2.16506,1.25,-0.32
2.16506,1.25,-0.34
2.16506,1.25,-0.36
2.16506,1.25,-0.38
2.16506,1.25,-0.4
2.16506,1.25,-0.42
2.16506,1.25,-0.44
2.16506,1.25,-0.46
2.11507,1.32139,-0.48
1.98205,1.43301,-0.5
1.81887,1.4924,-0.52
1.73205,1.5,-0.54
1.73205,1.5,-0.56
1.73205,1.5,-0.58
1.73205,1.5,-0.6
1.73205,1.5,-0.62
1.73205,1.5,-0.64
1.73205,1.5,-0.66
1.73205,1.5,-0.68
1.73205,1.5,-0.7
1.73205,1.5,-0.72
1.73205,1.5,-0.74
1.73205,1.5,-0.76
1.73205,1.5,-0.78
1.73205,1.5,-0.8
1.73205,1.5,-0.82
1.73205,1.5,-0.84
1.73205,1.5,-0.86
1.73205,1.5,-0.88
1.64523,1.5076,-0.9
1.48205,1.56699,-0.92
1.34903,1.67861,-0.94
1.29904,1.75,-0.96
1.29904,1.75,-0.98
1.29904,1.75,-1.0
1.29904,1.75,-1.02
1.33587,1.67101,-1.04
1.36603,1.5,-1.06
1.33587,1.32899,-1.08
1.29904,1.25,-1.1
1.18742,1.11698,-1.12
1.03704,1.03015,-1.14
0.866025,1.0,-1.16
0.779201,1.0076,-1.18
0.616025,1.06699,-1.2
0.483003,1.17861,-1.22
0.433013,1.25,-1.24
0.433013,1.25,-1.26
0.433013,1.25,-1.28
0.433013,1.25,-1.3
0.433013,1.25,-1.32
0.433013,1.25,-1.34
0.433013,1.25,-1.36
0.433013,1.25,-1.38
0.433013,1.25,-1.4
0.433013,1.25,-1.42
0.433013,1.25,-1.44
0.433013,1.25,-1.46
0.433013,1.25,-1.48
0.433013,1.25,-1.5
0.433013,1.25,-1.52
0.433013,1.25,-1.54
0.433013,1.25,-1.56
0.433013,1.25,-1.58
0.433013,1.25,-1.6
0.433013,1.25,-1.62
0.433013,1.25,-1.64
0.433013,1.25,-1.66
0.433013,1.25,-1.68
0.433013,1.25,-1.7
0.433013,1.25,-1.72
0.433013,1.25,-1.74
0.433013,1.25,-1.76
0.433013,1.25,-1.78
0.433013,1.25,-1.8
0.373622,1.41318,-1.82
0.373622,1.58682,-1.84
0.433013,1.75,-1.86
0.483003,1.82139,-1.88
0.616025,1.93301,-1.9
0.779201,1.9924,-1.92
0.866025,2.0,-1.94
1.03704,1.96985,-1.96
1.18742,1.88302,-1.98
1.29904,1.75,-2.0
1.29904,1.75,-2.02
1.29904,1.75,-2.04
1.29904,1.75,-2.06
1.29904,1.75,-2.08
1.29904,1.75,-2.1
1.29904,1.75,-2.12
1.29904,1.75,-2.14
1.29904,1.75,-2.16
1.29904,1.75,-2.18
1.29904,1.75,-2.2
1.29904,1.75,-2.22
1.29904,1.75,-2.24
1.29904,1.75,-2.26
1.29904,1.75,-2.28
1.29904,1.75,-2.3
1.29904,1.75,-2.32
1.29904,1.75,-2.34
1.29904,1.75,-2.36
1.29904,1.75,-2.38
1.29904,1.75,-2.4
1.29904,1.75,-2.42
1.2622,1.82899,-2.44
1.23205,2.0,-2.46
1.2622,2.17101,-2.48
1.29904,2.25,-2.5
1.29904,2.25,-2.52
1.29904,2.25,-2.54
1.29904,2.25,-2.56
1.29904,2.25,-2.58
1.29904,2.25,-2.6
1.29904,2.25,-2.62
1.29904,2.25,-2.64
1.29904,2.25,-2.66
1.29904,2.25,-2.68
1.29904,2.25,-2.7
1.29904,2.25,-2.72
1.29904,2.25,-2.74
1.29904,2.25,-2.76
1.29904,2.25,-2.78
1.29904,2.25,-2.8
1.29904,2.25,-2.82
1.29904,2.25,-2.84
1.24905,2.17861,-2.86
1.11603,2.06699,-2.88
0.952849,2.0076,-2.9
0.866025,2.0,-2.92
0.866025,2.0,-2.94
0.866025,2.0,-2.96
0.866025,2.0,-2.98
0.866025,2.0,-3.0
0.866025,2.0,-3.02
0.866025,2.0,-3.04
0.866025,2.0,-3.06
0.866025,2.0,-3.08
0.866025,2.0,-3.1
0.866025,2.0,-3.12
0.866025,2.0,-3.14
0.866025,2.0,-3.16
0.866025,2.0,-3.18
0.866025,2.0,-3.2
0.866025,2.0,-3.22
0.866025,2.0,-3.24
0.866025,2.0,-3.26
0.866025,2.0,-3.28
0.866025,2.0,-3.3
0.866025,2.0,-3.32
0.866025,2.0,-3.34
1.03704,1.96985,-3.36
1.18742,1.88302,-3.38
1.29904,1.75,-3.4
1.33587,1.67101,-3.42
1.36603,1.5,-3.44
1.33587,1.32899,-3.46
1.29904,1.25,-3.48
1.18742,1.11698,-3.5
1.03704,1.03015,-3.52
0.866025,1.0,-3.54
0.866025,1.0,-3.56
0.866025,1.0,-3.58
0.866025,1.0,-3.6
0.866025,1.0,-3.62
0.866025,1.0,-3.64
0.866025,1.0,-3.66
0.866025,1.0,-3.68
0.866025,1.0,-3.7
0.866025,1.0,-3.72
0.866025,1.0,-3.74
0.866025,1.0,-3.76
0.866025,1.0,-3.78
0.866025,1.0,-3.8
0.866025,1.0,-3.82
0.866025,1.0,-3.84
0.866025,1.0,-3.86
0.866025,1.0,-3.88
0.866025,1.0,-3.9
0.866025,1.0,-3.92
0.866025,1.0,-3.94
0.866025,1.0,-3.96
0.866025,1.0,-3.98
0.866025,1.0,-4.0
0.866025,1.0,-4.02
0.866025,1.0,-4.04
0.866025,1.0,-4.06
0.866025,1.0,-4.08
0.866025,1.0,-4.1
0.779201,1.0076,-4.12
0.616025,1.06699,-4.14
0.483003,1.17861,-4.16
0.433013,1.25,-4.18
0.373622,1.41318,-4.2
0.373622,1.58682,-4.22
0.433013,1.75,-4.24
0.483003,1.82139,-4.26
0.616025,1.93301,-4.28
0.779201,1.9924,-4.3
0.866025,2.0,-4.32
0.866025,2.0,-4.34
0.866025,2.0,-4.36
0.866025,2.0,-4.38
0.779201,2.0076,-4.4
0.616025,2.06699,-4.42
0.483003,2.17861,-4.44
0.433013,2.25,-4.46
0.433013,2.25,-4.48
0.433013,2.25,-4.5
0.433013,2.25,-4.52
0.433013,2.25,-4.54
0.433013,2.25,-4.56
0.433013,2.25,-4.58
0.433013,2.25,-4.6
0.433013,2.25,-4.62
0.433013,2.25,-4.64
0.433013,2.25,-4.66
0.433013,2.25,-4.68
0.433013,2.25,-4.7
0.433013,2.25,-4.72
0.433013,2.25,-4.74
0.433013,2.25,-4.76
0.433013,2.25,-4.78
0.433013,2.25,-4.8
0.383022,2.32139,-4.82
0.25,2.43301,-4.84
0.0868241,2.4924,-4.86
9.91582e-13,2.5,-4.88
9.91582e-13,2.5,-4.9
9.91582e-13,2.5,-4.92
9.91582e-13,2.5,-4.94
9.91582e-13,2.5,-4.96
9.91582e-13,2.5,-4.98
9.91582e-13,2.5,-5.0
9.91582e-13,2.5,-5.02
9.91582e-13,2.5,-5.04
9.91582e-13,2.5,-5.06
9.91582e-13,2.5,-5.08
-0.0868241,2.4924,-5.1
-0.25,2.43301,-5.12
-0.383022,2.32139,-5.14
-0.433013,2.25,-5.16
-0.433013,2.25,-5.18
-0.433013,2.25,-5.2
-0.433013,2.25,-5.22
-0.433013,2.25,-5.24
-0.433013,2.25,-5.26
-0.433013,2.25,-5.28
-0.433013,2.25,-5.3
-0.433013,2.25,-5.32
-0.433013,2.25,-5.34
-0.433013,2.25,-5.36
-0.433013,2.25,-5.38
-0.433013,2.25,-5.4
-0.433013,2.25,-5.42
-0.433013,2.25,-5.44
-0.433013,2.25,-5.46
-0.433013,2.25,-5.48
-0.433013,2.25,-5.5
-0.483003,2.17861,-5.52
-0.616025,2.06699,-5.54
-0.779201,2.0076,-5.56
-0.866025,2.0,-5.58
-0.866025,2.0,-5.6
-0.866025,2.0,-5.62
-0.866025,2.0,-5.64
-0.779201,1.9924,-5.66
-0.616025,1.93301,-5.68
-0.483003,1.82139,-5.7
-0.433013,1.75,-5.72
-0.373622,1.58682,-5.74
-0.373622,1.41318,-5.76
-0.433013,1.25,-5.78
-0.483003,1.17861,-5.8
-0.616025,1.06699,-5.82
-0.779201,1.0076,-5.84
-0.866025,1.0,-5.86
-0.866025,1.0,-5.88
-0.866025,1.0,-5.9
-0.866025,1.0,-5.92
-0.866025,1.0,-5.94
-0.866025,1.0,-5.96
-0.866025,1.0,-5.98
-0.866025,1.0,-6.0
-0.866025,1.0,-6.02
-0.866025,1.0,-6.04
-0.866025,1.0,-6.06
-0.866025,1.0,-6.08
-0.866025,1.0,-6.1
-0.866025,1.0,-6.12
-0.866025,1.0,-6.14
-0.866025,1.0,-6.16
-0.866025,1.0,-6.18
-0.866025,1.0,-6.2
-0.866025,1.0,-6.22
-0.866025,1.0,-6.24
-0.866025,1.0,-6.26
-0.866025,1.0,-6.28
-0.866025,1.0,-6.3
-0.866025,1.0,-6.32
-0.866025,1.0,-6.34
-0.866025,1.0,-6.36
-0.866025,1.0,-6.38
-0.866025,1.0,-6.4
-0.866025,1.0,-6.42
-1.03704,1.03015,-6.44
-1.18742,1.11698,-6.46
-1.29904,1.25,-6.48
-1.33587,1.32899,-6.5
-1.36603,1.5,-6.52
-1.33587,1.67101,-6.54
-1.29904,1.75,-6.56
-1.18742,1.88302,-6.58
-1.03704,1.96985,-6.6
-0.866025,2.0,-6.62
-0.866025,2.0,-6.64
-0.866025,2.0,-6.66
-0.866025,2.0,-6.68
-0.866025,2.0,-6.7
-0.866025,2.0,-6.72
-0.866025,2.0,-6.74
-0.866025,2.0,-6.76
-0.866025,2.0,-6.78
-0.866025,2.0,-6.8
-0.866025,2.0,-6.82
-0.866025,2.0,-6.84
-0.866025,2.0,-6.86
-0.866025,2.0,-6.88
-0.866025,2.0,-6.9
-0.866025,2.0,-6.92
-0.866025,2.0,-6.94
-0.866025,2.0,-6.96
-0.866025,2.0,-6.98
-0.866025,2.0,-7.0
-0.866025,2.0,-7.02
-0.866025,2.0,-7.04
-0.952849,2.0076,-7.06
-1.11603,2.06699,-7.08
-1.24905,2.17861,-7.1
-1.29904,2.25,-7.12
-1.29904,2.25,-7.14
-1.29904,2.25,-7.16
-1.29904,2.25,-7.18
-1.29904,2.25,-7.2
-1.29904,2.25,-7.22
-1.29904,2.25,-7.24
-1.29904,2.25,-7.26
-1.29904,2.25,-7.28
-1.29904,2.25,-7.3
-1.29904,2.25,-7.32
-1.29904,2.25,-7.34
-1.29904,2.25,-7.36
-1.29904,2.25,-7.38
-1.29904,2.25,-7.4
-1.29904,2.25,-7.42
-1.29904,2.25,-7.44
-1.29904,2.25,-7.46
-1.2622,2.17101,-7.48
-1.23205,2.0,-7.5
-1.2622,1.82899,-7.52
-1.29904,1.75,-7.54
-1.29904,1.75,-7.56
-1.29904,1.75,-7.58
-1.29904,1.75,-7.6
-1.29904,1.75,-7.62
-1.29904,1.75,-7.64
-1.29904,1.75,-7.66
-1.29904,1.75,-7.68
-1.29904,1.75,-7.7
-1.29904,1.75,-7.72
-1.29904,1.75,-7.74
-1.29904,1.75,-7.76
-1.29904,1.75,-7.78
-1.29904,1.75,-7.8
-1.29904,1.75,-7.82
-1.29904,1.75,-7.84
-1.29904,1.75,-7.86
-1.29904,1.75,-7.88
-1.29904,1.75,-7.9
-1.29904,1.75,-7.92
-1.29904,1.75,-7.94
-1.29904,1.75,-7.96
-1.18742,1.88302,-7.98
-1.03704,1.96985,-8.0
-0.866025,2.0,-8.02
-0.779201,1.9924,-8.04
-0.616025,1.93301,-8.06
-0.483003,1.82139,-8.08
-0.433013,1.75,-8.1
-0.373622,1.58682,-8.12
-0.373622,1.41318,-8.14
-0.433013,1.25,-8.16
-0.433013,1.25,-8.18
-0.433013,1.25,-8.2
-0.433013,1.25,-8.22
-0.433013,1.25,-8.24
-0.433013,1.25,-8.26
-0.433013,1.25,-8.28
-0.433013,1.25,-8.3
-0.433013,1.25,-8.32
-0.433013,1.25,-8.34
-0.433013,1.25,-8.36
-0.433013,1.25,-8.38
-0.433013,1.25,-8.4
-0.433013,1.25,-8.42
-0.433013,1.25,-8.44
-0.433013,1.25,-8.46
-0.433013,1.25,-8.48
-0.433013,1.25,-8.5
-0.433013,1.25,-8.52
-0.433013,1.25,-8.54
-0.433013,1.25,-8.56
-0.433013,1.25,-8.58
-0.433013,1.25,-8.6
-0.433013,1.25,-8.62
-0.433013,1.25,-8.64
-0.433013,1.25,-8.66
-0.433013,1.25,-8.68
-0.433013,1.25,-8.7
-0.433013,1.25,-8.72
-0.483003,1.17861,-8.74
-0.616025,1.06699,-8.76
-0.779201,1.0076,-8.78
-0.866025,1.0,-8.8
-1.03704,1.03015,-8.82
-1.18742,1.11698,-8.84
-1.29904,1.25,-8.86
-1.33587,1.32899,-8.88
-1.36603,1.5,-8.9
-1.33587,1.67101,-8.92
-1.29904,1.75,-8.94
-1.29904,1.75,-8.96
-1.29904,1.75,-8.98
-1.29904,1.75,-9.0
-1.34903,1.67861,-9.02
-1.48205,1.56699,-9.04
-1.64523,1.5076,-9.06
-1.73205,1.5,-9.08
-1.73205,1.5,-9.1
-1.73205,1.5,-9.12
-1.73205,1.5,-9.14
-1.73205,1.5,-9.16
-1.73205,1.5,-9.18
-1.73205,1.5,-9.2
-1.73205,1.5,-9.22
-1.73205,1.5,-9.24
-1.73205,1.5,-9.26
-1.73205,1.5,-9.28
-1.73205,1.5,-9.3
-1.73205,1.5,-9.32
-1.73205,1.5,-9.34
-1.73205,1.5,-9.36
-1.73205,1.5,-9.38
-1.73205,1.5,-9.4
-1.73205,1.5,-9.42
-1.81887,1.4924,-9.44
-1.98205,1.43301,-9.46
-2.11507,1.32139,-9.48
-2.16506,1.25,-9.5
-2.16506,1.25,-9.52
-2.16506,1.25,-9.54
-2.16506,1.25,-9.56
-2.16506,1.25,-9.58
-2.16506,1.25,-9.6
-2.16506,1.25,-9.62
-2.16506,1.25,-9.64
-2.16506,1.25,-9.66
-2.16506,1.25,-9.68
-2.16506,1.25,-9.7
-2.2019,1.17101,-9.72
-2.23205,1.0,-9.74
-2.2019,0.82899,-9.76
-2.16506,0.75,-9.78
-2.16506,0.75,-9.8
-2.16506,0.75,-9.82
-2.16506,0.75,-9.84
-2.16506,0.75,-9.86
-2.16506,0.75,-9.88
-2.16506,0.75,-9.9
-2.16506,0.75,-9.92
-2.16506,0.75,-9.94
-2.16506,0.75,-9.96
-2.16506,0.75,-9.98
-2.16506,0.75,-10.0
-2.16506,0.75,-10.02
-2.16506,0.75,-10.04
-2.16506,0.75,-10.06
-2.16506,0.75,-10.08
-2.16506,0.75,-10.1
-2.16506,0.75,-10.12
-2.12823,0.67101,-10.14
-2.09808,0.5,-10.16
-2.12823,0.32899,-10.18
-2.16506,0.25,-10.2
-2.16506,0.25,-10.22
-2.16506,0.25,-10.24
-2.16506,0.25,-10.26
-2.11507,0.321394,-10.28
-1.98205,0.433013,-10.3
-1.81887,0.492404,-10.32
-1.73205,0.5,-10.34
-1.56104,0.469846,-10.36
-1.41066,0.383022,-10.38
-1.29904,0.25,-10.4
-1.2622,0.17101,-10.42
-1.23205,1.14442e-12,-10.44
-1.2622,-0.17101,-10.46
-1.29904,-0.25,-10.48
-1.29904,-0.25,-10.5
-1.29904,-0.25,-10.52
-1.29904,-0.25,-10.54
-1.29904,-0.25,-10.56
-1.29904,-0.25,-10.58
-1.29904,-0.25,-10.6
-1.29904,-0.25,-10.62
-1.29904,-0.25,-10.64
-1.29904,-0.25,-10.66
-1.29904,-0.25,-10.68
-1.29904,-0.25,-10.7
-1.29904,-0.25,-10.72
-1.29904,-0.25,-10.74
-1.29904,-0.25,-10.76
-1.29904,-0.25,-10.78
-1.29904,-0.25,-10.8
-1.29904,-0.25,-10.82
-1.29904,-0.25,-10.84
-1.29904,-0.25,-10.86
-1.29904,-0.25,-10.88
-1.29904,-0.25,-10.9
-1.29904,-0.25,-10.92
-1.29904,-0.25,-10.94
-1.29904,-0.25,-10.96
-1.29904,-0.25,-10.98
-1.29904,-0.25,-11.0
-1.29904,-0.25,-11.02
-1.29904,-0.25,-11.04
-1.41066,-0.383022,-11.06
-1.56104,-0.469846,-11.08
-1.73205,-0.5,-11.1
-1.81887,-0.492404,-11.12
-1.98205,-0.433013,-11.14
-2.11507,-0.321394,-11.16
-2.16506,-0.25,-11.18
-2.22445,-0.0868241,-11.2
-2.22445,0.0868241,-11.22
-2.16506,0.25,-11.24
-2.16506,0.25,-11.26
-2.16506,0.25,-11.28
-2.16506,0.25,-11.3
-2.16506,0.25,-11.32
-2.16506,0.25,-11.34
-2.16506,0.25,-11.36
-2.16506,0.25,-11.38
-2.16506,0.25,-11.4
-2.16506,0.25,-11.42
-2.16506,0.25,-11.44
-2.16506,0.25,-11.46
-2.16506,0.25,-11.48
-2.16506,0.25,-11.5
-2.16506,0.25,-11.52
-2.16506,0.25,-11.54
-2.16506,0.25,-11.56
-2.16506,0.25,-11.58
-2.16506,0.25,-11.6
-2.16506,0.25,-11.62
-2.16506,0.25,-11.64
-2.16506,0.25,-11.66
-2.21505,0.178606,-11.68
-2.34808,0.0669873,-11.7
-2.51125,0.00759612,-11.72
-2.59808,1.71663e-12,-11.74
-2.59808,1.71663e-12,-11.76
-2.59808,1.71663e-12,-11.78
-2.59808,1.71663e-12,-11.8
-2.59808,1.71663e-12,-11.82
-2.59808,1.71663e-12,-11.84
-2.59808,1.71663e-12,-11.86
-2.59808,1.71663e-12,-11.88
-2.59808,1.71663e-12,-11.9
-2.59808,1.71663e-12,-11.92
-2.59808,1.71663e-12,-11.94
-2.59808,1.71663e-12,-11.96
-2.59808,1.71663e-12,-11.98
-2.59808,1.71663e-12,-12.0
-2.59808,1.71663e-12,-12.02
-2.59808,1.71663e-12,-12.04
-2.59808,1.71663e-12,-12.06
-2.59808,1.71663e-12,-12.08
-2.51125,-0.00759612,-12.1
-2.34808,-0.0669873,-12.12
-2.21505,-0.178606,-12.14
-2.16506,-0.25,-12.16
-2.16506,-0.25,-12.18
-2.16506,-0.25,-12.2
-2.16506,-0.25,-12.22
-2.16506,-0.25,-12.24
-2.16506,-0.25,-12.26
-2.16506,-0.25,-12.28
-2.16506,-0.25,-12.3
-2.16506,-0.25,-12.32
-2.16506,-0.25,-12.34
-2.16506,-0.25,-12.36
-2.16506,-0.25,-12.38
-2.16506,-0.25,-12.4
-2.16506,-0.25,-12.42
-2.16506,-0.25,-12.44
-2.16506,-0.25,-12.46
-2.16506,-0.25,-12.48
-2.16506,-0.25,-12.5
-2.16506,-0.25,-12.52
-2.16506,-0.25,-12.54
-2.16506,-0.25,-12.56
-2.16506,-0.25,-12.58
-2.22445,-0.0868241,-12.6
-2.22445,0.0868241,-12.62
-2.16506,0.25,-12.64
-2.11507,0.321394,-12.66
-1.98205,0.433013,-12.68
-1.81887,0.492404,-12.7
-1.73205,0.5,-12.72
-1.56104,0.469846,-12.74
-1.41066,0.383022,-12.76
