-1.18742,1.88302,14.98
-1.03704,1.96985,14.96
-0.866025,2.0,14.94
-0.866025,2.0,14.92
-0.866025,2.0,14.9
-0.866025,2.0,14.88
-0.866025,2.0,14.86
-0.866025,2.0,14.84
-0.866025,2.0,14.82
-0.866025,2.0,14.8
-0.866025,2.0,14.78
-0.866025,2.0,14.76
-0.866025,2.0,14.74
-0.866025,2.0,14.72
-0.866025,2.0,14.7
-0.866025,2.0,14.68
-0.866025,2.0,14.66
-0.866025,2.0,14.64
-0.866025,2.0,14.62
-0.866025,2.0,14.6
-0.866025,2.0,14.58
-0.866025,2.0,14.56
-0.866025,2.0,14.54
-0.866025,2.0,14.52
-0.952849,2.0076,14.5
-1.11603,2.06699,14.48
-1.24905,2.17861,14.46
-1.29904,2.25,14.44
-1.29904,2.25,14.42
-1.29904,2.25,14.4
-1.29904,2.25,14.38
-1.29904,2.25,14.36
-1.29904,2.25,14.34
-1.29904,2.25,14.32
-1.29904,2.25,14.3
-1.29904,2.25,14.28
-1.29904,2.25,14.26
-1.29904,2.25,14.24
-1.29904,2.25,14.22
-1.29904,2.25,14.2
-1.29904,2.25,14.18
-1.29904,2.25,14.16
-1.29904,2.25,14.14
-1.29904,2.25,14.12
-1.29904,2.25,14.1
-1.2622,2.17101,14.08
-1.23205,2.0,14.06
-1.2622,1.82899,14.04
-1.29904,1.75,14.02
-1.29904,1.75,14.0
-1.29904,1.75,13.98
-1.29904,1.75,13.96
-1.29904,1.75,13.94
-1.29904,1.75,13.92
-1.29904,1.75,13.9
-1.29904,1.75,13.88
-1.29904,1.75,13.86
-1.29904,1.75,13.84
-1.29904,1.75,13.82
-1.29904,1.75,13.8
-1.29904,1.75,13.78
-1.29904,1.75,13.76
-1.29904,1.75,13.74
-1.29904,1.75,13.72
-1.29904,1.75,13.7
-1.29904,1.75,13.68
-1.29904,1.75,13.66
-1.29904,1.75,13.64
-1.29904,1.75,13.62
-1.29904,1.75,13.6
-1.18742,1.88302,13.58
-1.03704,1.96985,13.56
-0.866025,2.0,13.54
-0.779201,1.9924,13.52
-0.616025,1.93301,13.5
-0.483003,1.82139,13.48
-0.433013,1.75,13.46
-0.373622,1.58682,13.44
-0.373622,1.41318,13.42
-0.433013,1.25,13.4
-0.433013,1.25,13.38
-0.433013,1.25,13.36
-0.433013,1.25,13.34
-0.433013,1.25,13.32
-0.433013,1.25,13.3
-0.433013,1.25,13.28
-0.433013,1.25,13.26
-0.433013,1.25,13.24
-0.433013,1.25,13.22
-0.433013,1.25,13.2
-0.433013,1.25,13.18
-0.433013,1.25,13.16
-0.433013,1.25,13.14
-0.433013,1.25,13.12
-0.433013,1.25,13.1
-0.433013,1.25,13.08
-0.433013,1.25,13.06
-0.433013,1.25,13.04
-0.433013,1.25,13.02
-0.433013,1.25,13.0
-0.433013,1.25,12.98
-0.433013,1.25,12.96
-0.433013,1.25,12.94
-0.433013,1.25,12.92
-0.433013,1.25,12.9
-0.433013,1.25,12.88
-0.433013,1.25,12.86
-0.433013,1.25,12.84
-0.483003,1.17861,12.82
-0.616025,1.06699,12.8
-0.779201,1.0076,12.78
-0.866025,1.0,12.76
-1.03704,1.03015,12.74
-1.18742,1.11698,12.72
-1.29904,1.25,12.7
-1.33587,1.32899,12.68
-1.36603,1.5,12.66
-1.33587,1.67101,12.64
-1.29904,1.75,12.62
-1.29904,1.75,12.6
-1.29904,1.75,12.58
-1.29904,1.75,12.56
-1.34903,1.67861,12.54
-1.48205,1.56699,12.52
-1.64523,1.5076,12.5
-1.73205,1.5,12.48
-1.73205,1.5,12.46
-1.73205,1.5,12.44
-1.73205,1.5,12.42
-1.73205,1.5,12.4
-1.73205,1.5,12.38
-1.73205,1.5,12.36
-1.73205,1.5,12.34
-1.73205,1.5,12.32
-1.73205,1.5,12.3
-1.73205,1.5,12.28
-1.73205,1.5,12.26
-1.73205,1.5,12.24
-1.73205,1.5,12.22
-1.73205,1.5,12.2
-1.73205,1.5,12.18
-1.73205,1.5,12.16
-1.73205,1.5,12.14
-1.81887,1.4924,12.12
-1.98205,1.43301,12.1
-2.11507,1.32139,12.08
-2.16506,1.25,12.06
-2.16506,1.25,12.04
-2.16506,1.25,12.02
-2.16506,1.25,12.0
-2.16506,1.25,11.98
-2.16506,1.25,11.96
-2.16506,1.25,11.94
-2.16506,1.25,11.92
-2.16506,1.25,11.9
-2.16506,1.25,11.88
-2.16506,1.25,11.86
-2.2019,1.17101,11.84
-2.23205,1.0,11.82
-2.2019,0.82899,11.8
-2.16506,0.75,11.78
-2.16506,0.75,11.76
-2.16506,0.75,11.74
-2.16506,0.75,11.72
-2.16506,0.75,11.7
-2.16506,0.75,11.68
-2.16506,0.75,11.66
-2.16506,0.75,11.64
-2.16506,0.75,11.62
-2.16506,0.75,11.6
-2.16506,0.75,11.58
-2.16506,0.75,11.56
-2.16506,0.75,11.54
-2.16506,0.75,11.52
-2.16506,0.75,11.5
-2.16506,0.75,11.48
-2.16506,0.75,11.46
-2.16506,0.75,11.44
-2.12823,0.67101,11.42
-2.09808,0.5,11.4
-2.12823,0.32899,11.38
-2.16506,0.25,11.36
-2.16506,0.25,11.34
-2.16506,0.25,11.32
-2.16506,0.25,11.3
-2.11507,0.321394,11.28
-1.98205,0.433013,11.26
-1.81887,0.492404,11.24
-1.73205,0.5,11.22
-1.56104,0.469846,11.2
-1.41066,0.383022,11.18
-1.29904,0.25,11.16
-1.2622,0.17101,11.14
-1.23205,1.14442e-12,11.12
-1.2622,-0.17101,11.1
-1.29904,-0.25,11.08
-1.29904,-0.25,11.06
-1.29904,-0.25,11.04
-1.29904,-0.25,11.02
-1.29904,-0.25,11.0
-1.29904,-0.25,10.98
-1.29904,-0.25,10.96
-1.29904,-0.25,10.94
-1.29904,-0.25,10.92
-1.29904,-0.25,10.9
-1.29904,-0.25,10.88
-1.29904,-0.25,10.86
-1.29904,-0.25,10.84
-1.29904,-0.25,10.82
-1.29904,-0.25,10.8
-1.29904,-0.25,10.78
-1.29904,-0.25,10.76
-1.29904,-0.25,10.74
-1.29904,-0.25,10.72
-1.29904,-0.25,10.7
-1.29904,-0.25,10.68
-1.29904,-0.25,10.66
-1.29904,-0.25,10.64
-1.29904,-0.25,10.62
-1.29904,-0.25,10.6
-1.29904,-0.25,10.58
-1.29904,-0.25,10.56
-1.29904,-0.25,10.54
-1.29904,-0.25,10.52
-1.41066,-0.383022,10.5
-1.56104,-0.469846,10.48
-1.73205,-0.5,10.46
-1.81887,-0.492404,10.44
-1.98205,-0.433013,10.42
-2.11507,-0.321394,10.4
-2.16506,-0.25,10.38
-2.22445,-0.0868241,10.36
-2.22445,0.0868241,10.34
-2.16506,0.25,10.32
-2.16506,0.25,10.3
-2.16506,0.25,10.28
-2.16506,0.25,10.26
-2.16506,0.25,10.24
-2.16506,0.25,10.22
-2.16506,0.25,10.2
-2.16506,0.25,10.18
-2.16506,0.25,10.16
-2.16506,0.25,10.14
-2.16506,0.25,10.12
-2.16506,0.25,10.1
-2.16506,0.25,10.08
-2.16506,0.25,10.06
-2.16506,0.25,10.04
-2.16506,0.25,10.02
-2.16506,0.25,10.0
-2.16506,0.25,9.98
-2.16506,0.25,9.96
-2.16506,0.25,9.94
-2.16506,0.25,9.92
-2.16506,0.25,9.9
-2.21505,0.178606,9.88
-2.34808,0.0669873,9.86
-2.51125,0.00759612,9.84
-2.59808,1.71663e-12,9.82
-2.59808,1.71663e-12,9.8
-2.59808,1.71663e-12,9.78
-2.59808,1.71663e-12,9.76
-2.59808,1.71663e-12,9.74
-2.59808,1.71663e-12,9.72
-2.59808,1.71663e-12,9.7
-2.59808,1.71663e-12,9.68
-2.59808,1.71663e-12,9.66
-2.59808,1.71663e-12,9.64
-2.59808,1.71663e-12,9.62
-2.59808,1.71663e-12,9.6
-2.59808,1.71663e-12,9.58
-2.59808,1.71663e-12,9.56
-2.59808,1.71663e-12,9.54
-2.59808,1.71663e-12,9.52
-2.59808,1.71663e-12,9.5
-2.59808,1.71663e-12,9.48
-2.51125,-0.00759612,9.46
-2.34808,-0.0669873,9.44
-2.21505,-0.178606,9.42
-2.16506,-0.25,9.4
-2.16506,-0.25,9.38
-2.16506,-0.25,9.36
-2.16506,-0.25,9.34
-2.16506,-0.25,9.32
-2.16506,-0.25,9.3
-2.16506,-0.25,9.28
-2.16506,-0.25,9.26
-2.16506,-0.25,9.24
-2.16506,-0.25,9.22
-2.16506,-0.25,9.2
-2.16506,-0.25,9.18
-2.16506,-0.25,9.16
-2.16506,-0.25,9.14
-2.16506,-0.25,9.12
-2.16506,-0.25,9.1
-2.16506,-0.25,9.08
-2.16506,-0.25,9.06
-2.16506,-0.25,9.04
-2.16506,-0.25,9.02
-2.16506,-0.25,9.0
-2.16506,-0.25,8.98
-2.22445,-0.0868241,8.96
-2.22445,0.0868241,8.94
-2.16506,0.25,8.92
-2.11507,0.321394,8.9
-1.98205,0.433013,8.88
-1.81887,0.492404,8.86
-1.73205,0.5,8.84
-1.56104,0.469846,8.82
-1.41066,0.383022,8.8
-1.29904,0.25,8.78
-1.29904,0.25,8.76
-1.29904,0.25,8.74
-1.29904,0.25,8.72
-1.29904,0.25,8.7
-1.29904,0.25,8.68
-1.29904,0.25,8.66
-1.29904,0.25,8.64
-1.29904,0.25,8.62
-1.29904,0.25,8.6
-1.29904,0.25,8.58
-1.29904,0.25,8.56
-1.29904,0.25,8.54
-1.29904,0.25,8.52
-1.29904,0.25,8.5
-1.29904,0.25,8.48
-1.29904,0.25,8.46
-1.29904,0.25,8.44
-1.29904,0.25,8.42
-1.29904,0.25,8.4
-1.29904,0.25,8.38
-1.29904,0.25,8.36
-1.29904,0.25,8.34
-1.29904,0.25,8.32
-1.29904,0.25,8.3
-1.29904,0.25,8.28
-1.29904,0.25,8.26
-1.29904,0.25,8.24
-1.29904,0.25,8.22
-1.2622,0.17101,8.2
-1.23205,1.14442e-12,8.18
-1.2622,-0.17101,8.16
-1.29904,-0.25,8.14
-1.41066,-0.383022,8.12
-1.56104,-0.469846,8.1
-1.73205,-0.5,8.08
-1.81887,-0.492404,8.06
-1.98205,-0.433013,8.04
-2.11507,-0.321394,8.02
-2.16506,-0.25,8.0
-2.16506,-0.25,7.98
-2.16506,-0.25,7.96
-2.16506,-0.25,7.94
-2.12823,-0.32899,7.92
-2.09808,-0.5,7.9
-2.12823,-0.67101,7.88
-2.16506,-0.75,7.86
-2.16506,-0.75,7.84
-2.16506,-0.75,7.82
-2.16506,-0.75,7.8
-2.16506,-0.75,7.78
-2.16506,-0.75,7.76
-2.16506,-0.75,7.74
-2.16506,-0.75,7.72
-2.16506,-0.75,7.7
-2.16506,-0.75,7.68
-2.16506,-0.75,7.66
-2.16506,-0.75,7.64
-2.16506,-0.75,7.62
-2.16506,-0.75,7.6
-2.16506,-0.75,7.58
-2.16506,-0.75,7.56
-2.16506,-0.75,7.54
-2.16506,-0.75,7.52
-2.2019,-0.82899,7.5
-2.23205,-1.0,7.48
-2.2019,-1.17101,7.46
-2.16506,-1.25,7.44
-2.16506,-1.25,7.42
-2.16506,-1.25,7.4
-2.16506,-1.25,7.38
-2.16506,-1.25,7.36
-2.16506,-1.25,7.34
-2.16506,-1.25,7.32
-2.16506,-1.25,7.3
-2.16506,-1.25,7.28
-2.16506,-1.25,7.26
-2.16506,-1.25,7.24
-2.11507,-1.32139,7.22
-1.98205,-1.43301,7.2
-1.81887,-1.4924,7.18
-1.73205,-1.5,7.16
-1.73205,-1.5,7.14
-1.73205,-1.5,7.12
-1.73205,-1.5,7.1
-1.73205,-1.5,7.08
-1.73205,-1.5,7.06
-1.73205,-1.5,7.04
-1.73205,-1.5,7.02
-1.73205,-1.5,7.0
-1.73205,-1.5,6.98
-1.73205,-1.5,6.96
-1.73205,-1.5,6.94
-1.73205,-1.5,6.92
-1.73205,-1.5,6.9
-1.73205,-1.5,6.88
-1.73205,-1.5,6.86
-1.73205,-1.5,6.84
-1.73205,-1.5,6.82
-1.64523,-1.5076,6.8
-1.48205,-1.56699,6.78
-1.34903,-1.67861,6.76
-1.29904,-1.75,6.74
-1.29904,-1.75,6.72
-1.29904,-1.75,6.7
-1.29904,-1.75,6.68
-1.33587,-1.67101,6.66
-1.36603,-1.5,6.64
-1.33587,-1.32899,6.62
-1.29904,-1.25,6.6
-1.18742,-1.11698,6.58
-1.03704,-1.03015,6.56
-0.866025,-1.0,6.54
-0.779201,-1.0076,6.52
-0.616025,-1.06699,6.5
-0.483003,-1.17861,6.48
-0.433013,-1.25,6.46
-0.433013,-1.25,6.44
-0.433013,-1.25,6.42
-0.433013,-1.25,6.4
-0.433013,-1.25,6.38
-0.433013,-1.25,6.36
-0.433013,-1.25,6.34
-0.433013,-1.25,6.32
-0.433013,-1.25,6.3
-0.433013,-1.25,6.28
-0.433013,-1.25,6.26
-0.433013,-1.25,6.24
-0.433013,-1.25,6.22
-0.433013,-1.25,6.2
-0.433013,-1.25,6.18
-0.433013,-1.25,6.16
-0.433013,-1.25,6.14
-0.433013,-1.25,6.12
-0.433013,-1.25,6.1
-0.433013,-1.25,6.08
-0.433013,-1.25,6.06
-0.433013,-1.25,6.04
-0.433013,-1.25,6.02
-0.433013,-1.25,6.0
-0.433013,-1.25,5.98
-0.433013,-1.25,5.96
-0.433013,-1.25,5.94
-0.433013,-1.25,5.92
-0.433013,-1.25,5.9
-0.373622,-1.41318,5.88
-0.373622,-1.58682,5.86
-0.433013,-1.75,5.84
-0.483003,-1.82139,5.82
-0.616025,-1.93301,5.8
-0.779201,-1.9924,5.78
-0.866025,-2.0,5.76
-1.03704,-1.96985,5.74
-1.18742,-1.88302,5.72
-1.29904,-1.75,5.7
-1.29904,-1.75,5.68
-1.29904,-1.75,5.66
-1.29904,-1.75,5.64
-1.29904,-1.75,5.62
-1.29904,-1.75,5.6
-1.29904,-1.75,5.58
-1.29904,-1.75,5.56
-1.29904,-1.75,5.54
-1.29904,-1.75,5.52
-1.29904,-1.75,5.5
-1.29904,-1.75,5.48
-1.29904,-1.75,5.46
-1.29904,-1.75,5.44
-1.29904,-1.75,5.42
-1.29904,-1.75,5.4
-1.29904,-1.75,5.38
-1.29904,-1.75,5.36
-1.29904,-1.75,5.34
-1.29904,-1.75,5.32
-1.29904,-1.75,5.3
-1.29904,-1.75,5.28
-1.2622,-1.82899,5.26
-1.23205,-2.0,5.24
-1.2622,-2.17101,5.22
-1.29904,-2.25,5.2
-1.29904,-2.25,5.18
-1.29904,-2.25,5.16
-1.29904,-2.25,5.14
-1.29904,-2.25,5.12
-1.29904,-2.25,5.1
-1.29904,-2.25,5.08
-1.29904,-2.25,5.06
-1.29904,-2.25,5.04
-1.29904,-2.25,5.02
-1.29904,-2.25,5.0
-1.29904,-2.25,4.98
-1.29904,-2.25,4.96
-1.29904,-2.25,4.94
-1.29904,-2.25,4.92
-1.29904,-2.25,4.9
-1.29904,-2.25,4.88
-1.29904,-2.25,4.86
-1.24905,-2.17861,4.84
-1.11603,-2.06699,4.82
-0.952849,-2.0076,4.8
-0.866025,-2.0,4.78
-0.866025,-2.0,4.76
-0.866025,-2.0,4.74
-0.866025,-2.0,4.72
-0.866025,-2.0,4.7
-0.866025,-2.0,4.68
-0.866025,-2.0,4.66
-0.866025,-2.0,4.64
-0.866025,-2.0,4.62
-0.866025,-2.0,4.6
-0.866025,-2.0,4.58
-0.866025,-2.0,4.56
-0.866025,-2.0,4.54
-0.866025,-2.0,4.52
-0.866025,-2.0,4.5
-0.866025,-2.0,4.48
-0.866025,-2.0,4.46
-0.866025,-2.0,4.44
-0.866025,-2.0,4.42
-0.866025,-2.0,4.4
-0.866025,-2.0,4.38
-0.866025,-2.0,4.36
-1.03704,-1.96985,4.34
-1.18742,-1.88302,4.32
-1.29904,-1.75,4.3
-1.33587,-1.67101,4.28
-1.36603,-1.5,4.26
-1.33587,-1.32899,4.24
-1.29904,-1.25,4.22
-1.18742,-1.11698,4.2
-1.03704,-1.03015,4.18
-0.866025,-1.0,4.16
-0.866025,-1.0,4.14
-0.866025,-1.0,4.12
-0.866025,-1.0,4.1
-0.866025,-1.0,4.08
-0.866025,-1.0,4.06
-0.866025,-1.0,4.04
-0.866025,-1.0,4.02
-0.866025,-1.0,4.0
-0.866025,-1.0,3.98
-0.866025,-1.0,3.96
-0.866025,-1.0,3.94
-0.866025,-1.0,3.92
-0.866025,-1.0,3.9
-0.866025,-1.0,3.88
-0.866025,-1.0,3.86
-0.866025,-1.0,3.84
-0.866025,-1.0,3.82
-0.866025,-1.0,3.8
-0.866025,-1.0,3.78
-0.866025,-1.0,3.76
-0.866025,-1.0,3.74
-0.866025,-1.0,3.72
-0.866025,-1.0,3.7
-0.866025,-1.0,3.68
-0.866025,-1.0,3.66
-0.866025,-1.0,3.64
-0.866025,-1.0,3.62
-0.866025,-1.0,3.6
-0.779201,-1.0076,3.58
-0.616025,-1.06699,3.56
-0.483003,-1.17861,3.54
-0.433013,-1.25,3.52
-0.373622,-1.41318,3.5
-0.373622,-1.58682,3.48
-0.433013,-1.75,3.46
-0.483003,-1.82139,3.44
-0.616025,-1.93301,3.42
-0.779201,-1.9924,3.4
-0.866025,-2.0,3.38
-0.866025,-2.0,3.36
-0.866025,-2.0,3.34
-0.866025,-2.0,3.32
-0.779201,-2.0076,3.3
-0.616025,-2.06699,3.28
-0.483003,-2.17861,3.26
-0.433013,-2.25,3.24
-0.433013,-2.25,3.22
-0.433013,-2.25,3.2
-0.433013,-2.25,3.18
-0.433013,-2.25,3.16
-0.433013,-2.25,3.14
-0.433013,-2.25,3.12
-0.433013,-2.25,3.1
-0.433013,-2.25,3.08
-0.433013,-2.25,3.06
-0.433013,-2.25,3.04
-0.433013,-2.25,3.02
-0.433013,-2.25,3.0
-0.433013,-2.25,2.98
-0.433013,-2.25,2.96
-0.433013,-2.25,2.94
-0.433013,-2.25,2.92
-0.433013,-2.25,2.9
-0.383022,-2.32139,2.88
-0.25,-2.43301,2.86
-0.0868241,-2.4924,2.84
-2.97408e-12,-2.5,2.82
-2.97408e-12,-2.5,2.8
-2.97408e-12,-2.5,2.78
-2.97408e-12,-2.5,2.76
-2.97408e-12,-2.5,2.74
-2.97408e-12,-2.5,2.72
-2.97408e-12,-2.5,2.7
-2.97408e-12,-2.5,2.68
-2.97408e-12,-2.5,2.66
-2.97408e-12,-2.5,2.64
-2.97408e-12,-2.5,2.62
0.0868241,-2.4924,2.6
0.25,-2.43301,2.58
0.383022,-2.32139,2.56
0.433013,-2.25,2.54
0.433013,-2.25,2.52
0.433013,-2.25,2.5
0.433013,-2.25,2.48
0.433013,-2.25,2.46
0.433013,-2.25,2.44
0.433013,-2.25,2.42
0.433013,-2.25,2.4
0.433013,-2.25,2.38
0.433013,-2.25,2.36
0.433013,-2.25,2.34
0.433013,-2.25,2.32
0.433013,-2.25,2.3
0.433013,-2.25,2.28
0.433013,-2.25,2.26
0.433013,-2.25,2.24
0.433013,-2.25,2.22
0.433013,-2.25,2.2
0.483003,-2.17861,2.18
0.616025,-2.06699,2.16
0.779201,-2.0076,2.14
0.866025,-2.0,2.12
0.866025,-2.0,2.1
0.866025,-2.0,2.08
0.866025,-2.0,2.06
0.779201,-1.9924,2.04
0.616025,-1.93301,2.02
0.483003,-1.82139,2.0
0.433013,-1.75,1.98
0.373622,-1.58682,1.96
0.373622,-1.41318,1.94
0.433013,-1.25,1.92
0.483003,-1.17861,1.9
0.616025,-1.06699,1.88
0.779201,-1.0076,1.86
0.866025,-1.0,1.84
0.866025,-1.0,1.82
0.866025,-1.0,1.8
0.866025,-1.0,1.78
0.866025,-1.0,1.76
0.866025,-1.0,1.74
0.866025,-1.0,1.72
0.866025,-1.0,1.7
0.866025,-1.0,1.68
0.866025,-1.0,1.66
0.866025,-1.0,1.64
0.866025,-1.0,1.62
0.866025,-1.0,1.6
0.866025,-1.0,1.58
0.866025,-1.0,1.56
0.866025,-1.0,1.54
0.866025,-1.0,1.52
0.866025,-1.0,1.5
0.866025,-1.0,1.48
0.866025,-1.0,1.46
0.866025,-1.0,1.44
0.866025,-1.0,1.42
0.866025,-1.0,1.4
0.866025,-1.0,1.38
0.866025,-1.0,1.36
0.866025,-1.0,1.34
0.866025,-1.0,1.32
0.866025,-1.0,1.3
0.866025,-1.0,1.28
1.03704,-1.03015,1.26
1.18742,-1.11698,1.24
1.29904,-1.25,1.22
1.33587,-1.32899,1.2
1.36603,-1.5,1.18
1.33587,-1.67101,1.16
1.29904,-1.75,1.14
1.18742,-1.88302,1.12
1.03704,-1.96985,1.1
0.866025,-2.0,1.08
0.866025,-2.0,1.06
0.866025,-2.0,1.04
0.866025,-2.0,1.02
0.866025,-2.0,1.0
0.866025,-2.0,0.98
0.866025,-2.0,0.96
0.866025,-2.0,0.94
0.866025,-2.0,0.92
0.866025,-2.0,0.9
0.866025,-2.0,0.88
0.866025,-2.0,0.86
0.866025,-2.0,0.84
0.866025,-2.0,0.82
0.866025,-2.0,0.8
0.866025,-2.0,0.78
0.866025,-2.0,0.76
0.866025,-2.0,0.74
0.866025,-2.0,0.72
0.866025,-2.0,0.7
0.866025,-2.0,0.68
0.866025,-2.0,0.66
0.952849,-2.0076,0.64
1.11603,-2.06699,0.62
1.24905,-2.17861,0.6
1.29904,-2.25,0.58
1.29904,-2.25,0.56
1.29904,-2.25,0.54
1.29904,-2.25,0.52
1.29904,-2.25,0.5
1.29904,-2.25,0.48
1.29904,-2.25,0.46
1.29904,-2.25,0.44
1.29904,-2.25,0.42
1.29904,-2.25,0.4
1.29904,-2.25,0.38
1.29904,-2.25,0.36
1.29904,-2.25,0.34
1.29904,-2.25,0.32
1.29904,-2.25,0.3
1.29904,-2.25,0.28
1.29904,-2.25,0.26
1.29904,-2.25,0.24
1.2622,-2.17101,0.22
1.23205,-2.0,0.2
1.2622,-1.82899,0.18
1.29904,-1.75,0.16
1.29904,-1.75,0.14
1.29904,-1.75,0.12
1.29904,-1.75,0.1
1.29904,-1.75,0.08
1.29904,-1.75,0.06
1.29904,-1.75,0.04
1.29904,-1.75,0.02
1.29904,-1.75,-4.12829e-14
1.29904,-1.75,-0.02
1.29904,-1.75,-0.04
1.29904,-1.75,-0.06
1.29904,-1.75,-0.08
1.29904,-1.75,-0.1
1.29904,-1.75,-0.12
1.29904,-1.75,-0.14
1.29904,-1.75,-0.16
1.29904,-1.75,-0.18
1.29904,-1.75,-0.2
1.29904,-1.75,-0.22
1.29904,-1.75,-0.24
1.29904,-1.75,-0.26
1.18742,-1.88302,-0.28
1.03704,-1.96985,-0.3
0.866025,-2.0,-0.32
0.779201,-1.9924,-0.34
0.616025,-1.93301,-0.36
0.483003,-1.82139,-0.38
0.433013,-1.75,-0.4
0.373622,-1.58682,-0.42
0.373622,-1.41318,-0.44
0.433013,-1.25,-0.46
0.433013,-1.25,-0.48
0.433013,-1.25,-0.5
0.433013,-1.25,-0.52
0.433013,-1.25,-0.54
0.433013,-1.25,-0.56
0.433013,-1.25,-0.58
0.433013,-1.25,-0.6
0.433013,-1.25,-0.62
0.433013,-1.25,-0.64
0.433013,-1.25,-0.66
0.433013,-1.25,-0.68
0.433013,-1.25,-0.7
0.433013,-1.25,-0.72
0.433013,-1.25,-0.74
0.433013,-1.25,-0.76
0.433013,-1.25,-0.78
0.433013,-1.25,-0.8
0.433013,-1.25,-0.82
0.433013,-1.25,-0.84
0.433013,-1.25,-0.86
0.433013,-1.25,-0.88
0.433013,-1.25,-0.9
0.433013,-1.25,-0.92
0.433013,-1.25,-0.94
0.433013,-1.25,-0.96
0.433013,-1.25,-0.98
0.433013,-1.25,-1.0
0.433013,-1.25,-1.02
0.483003,-1.17861,-1.04
0.616025,-1.06699,-1.06
0.779201,-1.0076,-1.08
0.866025,-1.0,-1.1
1.03704,-1.03015,-1.12
1.18742,-1.11698,-1.14
1.29904,-1.25,-1.16
1.33587,-1.32899,-1.18
1.36603,-1.5,-1.2
1.33587,-1.67101,-1.22
1.29904,-1.75,-1.24
1.29904,-1.75,-1.26
1.29904,-1.75,-1.28
1.29904,-1.75,-1.3
1.34903,-1.67861,-1.32
1.48205,-1.56699,-1.34
1.64523,-1.5076,-1.36
1.73205,-1.5,-1.38
1.73205,-1.5,-1.4
1.73205,-1.5,-1.42
1.73205,-1.5,-1.44
1.73205,-1.5,-1.46
1.73205,-1.5,-1.48
1.73205,-1.5,-1.5
1.73205,-1.5,-1.52
1.73205,-1.5,-1.54
1.73205,-1.5,-1.56
1.73205,-1.5,-1.58
1.73205,-1.5,-1.6
1.73205,-1.5,-1.62
1.73205,-1.5,-1.64
1.73205,-1.5,-1.66
1.73205,-1.5,-1.68
1.73205,-1.5,-1.7
1.73205,-1.5,-1.72
1.81887,-1.4924,-1.74
1.98205,-1.43301,-1.76
2.11507,-1.32139,-1.78
2.16506,-1.25,-1.8
2.16506,-1.25,-1.82
2.16506,-1.25,-1.84
2.16506,-1.25,-1.86
2.16506,-1.25,-1.88
2.16506,-1.25,-1.9
2.16506,-1.25,-1.92
2.16506,-1.25,-1.94
2.16506,-1.25,-1.96
2.16506,-1.25,-1.98
2.16506,-1.25,-2.0
2.2019,-1.17101,-2.02
2.23205,-1.0,-2.04
2.2019,-0.82899,-2.06
2.16506,-0.75,-2.08
2.16506,-0.75,-2.1
2.16506,-0.75,-2.12
2.16506,-0.75,-2.14
2.16506,-0.75,-2.16
2.16506,-0.75,-2.18
2.16506,-0.75,-2.2
2.16506,-0.75,-2.22
2.16506,-0.75,-2.24
2.16506,-0.75,-2.26
2.16506,-0.75,-2.28
2.16506,-0.75,-2.3
2.16506,-0.75,-2.32
2.16506,-0.75,-2.34
2.16506,-0.75,-2.36
2.16506,-0.75,-2.38
2.16506,-0.75,-2.4
2.16506,-0.75,-2.42
2.12823,-0.67101,-2.44
2.09808,-0.5,-2.46
2.12823,-0.32899,-2.48
2.16506,-0.25,-2.5
2.16506,-0.25,-2.52
2.16506,-0.25,-2.54
2.16506,-0.25,-2.56
2.11507,-0.321394,-2.58
1.98205,-0.433013,-2.6
1.81887,-0.492404,-2.62
1.73205,-0.5,-2.64
1.56104,-0.469846,-2.66
1.41066,-0.383022,-2.68
1.29904,-0.25,-2.7
1.2622,-0.17101,-2.72
1.23205,-2.12113e-12,-2.74
1.2622,0.17101,-2.76
1.29904,0.25,-2.78
1.29904,0.25,-2.8
1.29904,0.25,-2.82
1.29904,0.25,-2.84
1.29904,0.25,-2.86
1.29904,0.25,-2.88
1.29904,0.25,-2.9
1.29904,0.25,-2.92
1.29904,0.25,-2.94
1.29904,0.25,-2.96
1.29904,0.25,-2.98
1.29904,0.25,-3.0
1.29904,0.25,-3.02
1.29904,0.25,-3.04
1.29904,0.25,-3.06
1.29904,0.25,-3.08
1.29904,0.25,-3.1
1.29904,0.25,-3.12
1.29904,0.25,-3.14
1.29904,0.25,-3.16
1.29904,0.25,-3.18
1.29904,0.25,-3.2
1.29904,0.25,-3.22
1.29904,0.25,-3.24
1.29904,0.25,-3.26
1.29904,0.25,-3.28
1.29904,0.25,-3.3
1.29904,0.25,-3.32
1.29904,0.25,-3.34
1.41066,0.383022,-3.36
1.56104,0.469846,-3.38
1.73205,0.5,-3.4
1.81887,0.492404,-3.42
1.98205,0.433013,-3.44
2.11507,0.321394,-3.46
2.16506,0.25,-3.48
2.22445,0.0868241,-3.5
2.22445,-0.0868241,-3.52
2.16506,-0.25,-3.54
2.16506,-0.25,-3.56
2.16506,-0.25,-3.58
2.16506,-0.25,-3.6
2.16506,-0.25,-3.62
2.16506,-0.25,-3.64
2.16506,-0.25,-3.66
2.16506,-0.25,-3.68
2.16506,-0.25,-3.7
2.16506,-0.25,-3.72
2.16506,-0.25,-3.74
2.16506,-0.25,-3.76
2.16506,-0.25,-3.78
2.16506,-0.25,-3.8
2.16506,-0.25,-3.82
2.16506,-0.25,-3.84
2.16506,-0.25,-3.86
2.16506,-0.25,-3.88
2.16506,-0.25,-3.9
2.16506,-0.25,-3.92
2.16506,-0.25,-3.94
2.16506,-0.25,-3.96
2.21505,-0.178606,-3.98
2.34808,-0.0669873,-4.0
2.51125,-0.00759612,-4.02
2.59808,-3.77653e-12,-4.04
2.59808,-3.77653e-12,-4.06
2.59808,-3.77653e-12,-4.08
2.59808,-3.77653e-12,-4.1
2.59808,-3.77653e-12,-4.12
2.59808,-3.77653e-12,-4.14
2.59808,-3.77653e-12,-4.16
2.59808,-3.77653e-12,-4.18
2.59808,-3.77653e-12,-4.2
2.59808,-3.77653e-12,-4.22
2.59808,-3.77653e-12,-4.24
2.59808,-3.77653e-12,-4.26
2.59808,-3.77653e-12,-4.28
2.59808,-3.77653e-12,-4.3
2.59808,-3.77653e-12,-4.32
2.59808,-3.77653e-12,-4.34
2.59808,-3.77653e-12,-4.36
2.59808,-3.77653e-12,-4.38
2.51125,0.00759612,-4.4
2.34808,0.0669873,-4.42
2.21505,0.178606,-4.44
2.16506,0.25,-4.46
2.16506,0.25,-4.48
2.16506,0.25,-4.5
2.16506,0.25,-4.52
2.16506,0.25,-4.54
2.16506,0.25,-4.56
2.16506,0.25,-4.58
2.16506,0.25,-4.6
2.16506,0.25,-4.62
2.16506,0.25,-4.64
2.16506,0.25,-4.66
2.16506,0.25,-4.68
2.16506,0.25,-4.7
2.16506,0.25,-4.72
2.16506,0.25,-4.74
2.16506,0.25,-4.76
2.16506,0.25,-4.78
2.16506,0.25,-4.8
2.16506,0.25,-4.82
2.16506,0.25,-4.84
2.16506,0.25,-4.86
2.16506,0.25,-4.88
2.22445,0.0868241,-4.9
2.22445,-0.0868241,-4.92
2.16506,-0.25,-4.94
2.11507,-0.321394,-4.96
1.98205,-0.433013,-4.98
1.81887,-0.492404,-5.0
1.73205,-0.5,-5.02
1.56104,-0.469846,-5.04
1.41066,-0.383022,-5.06
1.29904,-0.25,-5.08
1.29904,-0.25,-5.1
1.29904,-0.25,-5.12
1.29904,-0.25,-5.14
1.29904,-0.25,-5.16
1.29904,-0.25,-5.18
1.29904,-0.25,-5.2
1.29904,-0.25,-5.22
1.29904,-0.25,-5.24
1.29904,-0.25,-5.26
1.29904,-0.25,-5.28
1.29904,-0.25,-5.3
1.29904,-0.25,-5.32
1.29904,-0.25,-5.34
1.29904,-0.25,-5.36
1.29904,-0.25,-5.38
1.29904,-0.25,-5.4
1.29904,-0.25,-5.42
1.29904,-0.25,-5.44
1.29904,-0.25,-5.46
1.29904,-0.25,-5.48
1.29904,-0.25,-5.5
1.29904,-0.25,-5.52
1.29904,-0.25,-5.54
1.29904,-0.25,-5.56
1.29904,-0.25,-5.58
1.29904,-0.25,-5.6
1.29904,-0.25,-5.62
1.29904,-0.25,-5.64
1.2622,-0.17101,-5.66
1.23205,-2.12113e-12,-5.68
1.2622,0.17101,-5.7
1.29904,0.25,-5.72
1.41066,0.383022,-5.74
1.56104,0.469846,-5.76
1.73205,0.5,-5.78
1.81887,0.492404,-5.8
1.98205,0.433013,-5.82
2.11507,0.321394,-5.84
2.16506,0.25,-5.86
2.16506,0.25,-5.88
2.16506,0.25,-5.9
2.16506,0.25,-5.92
2.12823,0.32899,-5.94
2.09808,0.5,-5.96
2.12823,0.67101,-5.98
2.16506,0.75,-6.0
2.16506,0.75,-6.02
2.16506,0.75,-6.04
2.16506,0.75,-6.06
2.16506,0.75,-6.08
2.16506,0.75,-6.1
2.16506,0.75,-6.12
2.16506,0.75,-6.14
2.16506,0.75,-6.16
2.16506,0.75,-6.18
2.16506,0.75,-6.2
2.16506,0.75,-6.22
2.16506,0.75,-6.24
2.16506,0.75,-6.26
2.16506,0.75,-6.28
2.16506,0.75,-6.3
2.16506,0.75,-6.32
2.16506,0.75,-6.34
2.2019,0.82899,-6.36
2.23205,1.0,-6.38
2.2019,1.17101,-6.4
2.16506,1.25,-6.42
2.16506,1.25,-6.44
2.16506,1.25,-6.46
2.16506,1.25,-6.48
2.16506,1.25,-6.5
2.16506,1.25,-6.52
2.16506,1.25,-6.54
2.16506,1.25,-6.56
2.16506,1.25,-6.58
2.16506,1.25,-6.6
2.16506,1.25,-6.62
2.11507,1.32139,-6.64
1.98205,1.43301,-6.66
1.81887,1.4924,-6.68
1.73205,1.5,-6.7
1.73205,1.5,-6.72
1.73205,1.5,-6.74
1.73205,1.5,-6.76
1.73205,1.5,-6.78
1.73205,1.5,-6.8
1.73205,1.5,-6.82
1.73205,1.5,-6.84
1.73205,1.5,-6.86
1.73205,1.5,-6.88
1.73205,1.5,-6.9
1.73205,1.5,-6.92
1.73205,1.5,-6.94
1.73205,1.5,-6.96
1.73205,1.5,-6.98
1.73205,1.5,-7.0
1.73205,1.5,-7.02
1.73205,1.5,-7.04
1.64523,1.5076,-7.06
1.48205,1.56699,-7.08
1.34903,1.67861,-7.1
1.29904,1.75,-7.12
1.29904,1.75,-7.14
1.29904,1.75,-7.16
1.29904,1.75,-7.18
1.33587,1.67101,-7.2
1.36603,1.5,-7.22
1.33587,1.32899,-7.24
1.29904,1.25,-7.26
1.18742,1.11698,-7.28
1.03704,1.03015,-7.3
0.866025,1.0,-7.32
0.779201,1.0076,-7.34
0.616025,1.06699,-7.36
0.483003,1.17861,-7.38
0.433013,1.25,-7.4
0.433013,1.25,-7.42
0.433013,1.25,-7.44
0.433013,1.25,-7.46
0.433013,1.25,-7.48
0.433013,1.25,-7.5
0.433013,1.25,-7.52
0.433013,1.25,-7.54
0.433013,1.25,-7.56
0.433013,1.25,-7.58
0.433013,1.25,-7.6
0.433013,1.25,-7.62
0.433013,1.25,-7.64
0.433013,1.25,-7.66
0.433013,1.25,-7.68
0.433013,1.25,-7.7
0.433013,1.25,-7.72
0.433013,1.25,-7.74
0.433013,1.25,-7.76
0.433013,1.25,-7.78
0.433013,1.25,-7.8
0.433013,1.25,-7.82
0.433013,1.25,-7.84
0.433013,1.25,-7.86
0.433013,1.25,-7.88
0.433013,1.25,-7.9
0.433013,1.25,-7.92
0.433013,1.25,-7.94
0.433013,1.25,-7.96
0.373622,1.41318,-7.98
0.373622,1.58682,-8.0
0.433013,1.75,-8.02
0.483003,1.82139,-8.04
0.616025,1.93301,-8.06
0.779201,1.9924,-8.08
0.866025,2.0,-8.1
1.03704,1.96985,-8.12
1.18742,1.88302,-8.14
1.29904,1.75,-8.16
1.29904,1.75,-8.18
1.29904,1.75,-8.2
1.29904,1.75,-8.22
1.29904,1.75,-8.24
1.29904,1.75,-8.26
1.29904,1.75,-8.28
1.29904,1.75,-8.3
1.29904,1.75,-8.32
1.29904,1.75,-8.34
1.29904,1.75,-8.36
1.29904,1.75,-8.38
1.29904,1.75,-8.4
1.29904,1.75,-8.42
1.29904,1.75,-8.44
1.29904,1.75,-8.46
1.29904,1.75,-8.48
1.29904,1.75,-8.5
1.29904,1.75,-8.52
1.29904,1.75,-8.54
1.29904,1.75,-8.56
1.29904,1.75,-8.58
1.2622,1.82899,-8.6
1.23205,2.0,-8.62
1.2622,2.17101,-8.64
1.29904,2.25,-8.66
1.29904,2.25,-8.68
1.29904,2.25,-8.7
1.29904,2.25,-8.72
1.29904,2.25,-8.74
1.29904,2.25,-8.76
1.29904,2.25,-8.78
1.29904,2.25,-8.8
1.29904,2.25,-8.82
1.29904,2.25,-8.84
1.29904,2.25,-8.86
1.29904,2.25,-8.88
1.29904,2.25,-8.9
1.29904,2.25,-8.92
1.29904,2.25,-8.94
1.29904,2.25,-8.96
1.29904,2.25,-8.98
1.29904,2.25,-9.0
1.24905,2.17861,-9.02
1.11603,2.06699,-9.04
0.952849,2.0076,-9.06
0.866025,2.0,-9.08
0.866025,2.0,-9.1
0.866025,2.0,-9.12
0.866025,2.0,-9.14
0.866025,2.0,-9.16
0.866025,2.0,-9.18
0.866025,2.0,-9.2
0.866025,2.0,-9.22
0.866025,2.0,-9.24
0.866025,2.0,-9.26
0.866025,2.0,-9.28
0.866025,2.0,-9.3
0.866025,2.0,-9.32
0.866025,2.0,-9.34
0.866025,2.0,-9.36
0.866025,2.0,-9.38
0.866025,2.0,-9.4
0.866025,2.0,-9.42
0.866025,2.0,-9.44
0.866025,2.0,-9.46
0.866025,2.0,-9.48
0.866025,2.0,-9.5
1.03704,1.96985,-9.52
1.18742,1.88302,-9.54
1.29904,1.75,-9.56
1.33587,1.67101,-9.58
1.36603,1.5,-9.6
1.33587,1.32899,-9.62
1.29904,1.25,-9.64
1.18742,1.11698,-9.66
1.03704,1.03015,-9.68
0.866025,1.0,-9.7
0.866025,1.0,-9.72
0.866025,1.0,-9.74
0.866025,1.0,-9.76
0.866025,1.0,-9.78
0.866025,1.0,-9.8
0.866025,1.0,-9.82
0.866025,1.0,-9.84
0.866025,1.0,-9.86
0.866025,1.0,-9.88
0.866025,1.0,-9.9
0.866025,1.0,-9.92
0.866025,1.0,-9.94
0.866025,1.0,-9.96
0.866025,1.0,-9.98
0.866025,1.0,-10.0
0.866025,1.0,-10.02
0.866025,1.0,-10.04
0.866025,1.0,-10.06
0.866025,1.0,-10.08
0.866025,1.0,-10.1
0.866025,1.0,-10.12
0.866025,1.0,-10.14
0.866025,1.0,-10.16
0.866025,1.0,-10.18
0.866025,1.0,-10.2
0.866025,1.0,-10.22
0.866025,1.0,-10.24
0.866025,1.0,-10.26
0.779201,1.0076,-10.28
0.616025,1.06699,-10.3
0.483003,1.17861,-10.32
0.433013,1.25,-10.34
0.373622,1.41318,-10.36
0.373622,1.58682,-10.38
0.433013,1.75,-10.4
0.483003,1.82139,-10.42
0.616025,1.93301,-10.44
0.779201,1.9924,-10.46
0.866025,2.0,-10.48
0.866025,2.0,-10.5
0.866025,2.0,-10.52
0.866025,2.0,-10.54
0.779201,2.0076,-10.56
0.616025,2.06699,-10.58
0.483003,2.17861,-10.6
0.433013,2.25,-10.62
0.433013,2.25,-10.64
0.433013,2.25,-10.66
0.433013,2.25,-10.68
0.433013,2.25,-10.7
0.433013,2.25,-10.72
0.433013,2.25,-10.74
0.433013,2.25,-10.76
0.433013,2.25,-10.78
0.433013,2.25,-10.8
0.433013,2.25,-10.82
0.433013,2.25,-10.84
0.433013,2.25,-10.86
0.433013,2.25,-10.88
0.433013,2.25,-10.9
0.433013,2.25,-10.92
0.433013,2.25,-10.94
0.433013,2.25,-10.96
0.383022,2.32139,-10.98
0.25,2.43301,-11.0
0.0868241,2.4924,-11.02
9.91582e-13,2.5,-11.04
9.91582e-13,2.5,-11.06
9.91582e-13,2.5,-11.08
9.91582e-13,2.5,-11.1
9.91582e-13,2.5,-11.12
9.91582e-13,2.5,-11.14
9.91582e-13,2.5,-11.16
9.91582e-13,2.5,-11.18
9.91582e-13,2.5,-11.2
9.91582e-13,2.5,-11.22
9.91582e-13,2.5,-11.24
-0.0868241,2.4924,-11.26
-0.25,2.43301,-11.28
-0.383022,2.32139,-11.3
-0.433013,2.25,-11.32
-0.433013,2.25,-11.34
-0.433013,2.25,-11.36
-0.433013,2.25,-11.38
-0.433013,2.25,-11.4
-0.433013,2.25,-11.42
-0.433013,2.25,-11.44
-0.433013,2.25,-11.46
-0.433013,2.25,-11.48
-0.433013,2.25,-11.5
-0.433013,2.25,-11.52
-0.433013,2.25,-11.54
-0.433013,2.25,-11.56
-0.433013,2.25,-11.58
-0.433013,2.25,-11.6
-0.433013,2.25,-11.62
-0.433013,2.25,-11.64
-0.433013,2.25,-11.66
-0.483003,2.17861,-11.68
-0.616025,2.06699,-11.7
-0.779201,2.0076,-11.72
-0.866025,2.0,-11.74
-0.866025,2.0,-11.76
-0.866025,2.0,-11.78
-0.866025,2.0,-11.8
-0.779201,1.9924,-11.82
-0.616025,1.93301,-11.84
-0.483003,1.82139,-11.86
-0.433013,1.75,-11.88
-0.373622,1.58682,-11.9
-0.373622,1.41318,-11.92
-0.433013,1.25,-11.94
-0.483003,1.17861,-11.96
-0.616025,1.06699,-11.98
-0.779201,1.0076,-12.0
-0.866025,1.0,-12.02
-0.866025,1.0,-12.04
-0.866025,1.0,-12.06
-0.866025,1.0,-12.08
-0.866025,1.0,-12.1
-0.866025,1.0,-12.12
-0.866025,1.0,-12.14
-0.866025,1.0,-12.16
-0.866025,1.0,-12.18
-0.866025,1.0,-12.2
-0.866025,1.0,-12.22
-0.866025,1.0,-12.24
-0.866025,1.0,-12.26
-0.866025,1.0,-12.28
-0.866025,1.0,-12.3
-0.866025,1.0,-12.32
-0.866025,1.0,-12.34
-0.866025,1.0,-12.36
-0.866025,1.0,-12.38
-0.866025,1.0,-12.4
-0.866025,1.0,-12.42
-0.866025,1.0,-12.44
-0.866025,1.0,-12.46
-0.866025,1.0,-12.48
-0.866025,1.0,-12.5
-0.866025,1.0,-12.52
-0.866025,1.0,-12.54
-0.866025,1.0,-12.56
-0.866025,1.0,-12.58
-1.03704,1.03015,-12.6
-1.18742,1.11698,-12.62
-1.29904,1.25,-12.64
-1.33587,1.32899,-12.66
-1.36603,1.5,-12.68
-1.33587,1.67101,-12.7
-1.29904,1.75,-12.72
-1.18742,1.88302,-12.74
-1.03704,1.96985,-12.76
