-2.42707,1.96985,14.98
-2.27668,1.88302,14.96
-2.16506,1.75,14.94
-2.16506,1.75,14.92
-2.16506,1.75,14.9
-2.16506,1.75,14.88
-2.16506,1.75,14.86
-2.22445,1.91318,14.84
-2.22445,2.08682,14.82
-2.16506,2.25,14.8
-2.16506,2.25,14.78
-2.16506,2.25,14.76
-2.16506,2.25,14.74
-2.16506,2.25,14.72
-2.16506,2.25,14.7
-2.16506,2.25,14.68
-2.16506,2.25,14.66
-2.16506,2.25,14.64
-2.16506,2.25,14.62
-2.16506,2.25,14.6
-2.16506,2.25,14.58
-2.16506,2.25,14.56
-2.16506,2.25,14.54
-2.16506,2.25,14.52
-2.11507,2.32139,14.5
-1.98205,2.43301,14.48
-1.81887,2.4924,14.46
-1.73205,2.5,14.44
-1.73205,2.5,14.42
-1.73205,2.5,14.4
-1.73205,2.5,14.38
-1.73205,2.5,14.36
-1.73205,2.5,14.34
-1.73205,2.5,14.32
-1.73205,2.5,14.3
-1.73205,2.5,14.28
-1.73205,2.5,14.26
-1.73205,2.5,14.24
-1.73205,2.5,14.22
-1.73205,2.5,14.2
-1.73205,2.5,14.18
-1.73205,2.5,14.16
-1.73205,2.5,14.14
-1.73205,2.5,14.12
-1.73205,2.5,14.1
-1.73205,2.5,14.08
-1.73205,2.5,14.06
-1.73205,2.5,14.04
-1.73205,2.5,14.02
-1.90306,2.46985,14
-2.05344,2.38302,13.98
-2.16506,2.25,13.96
-2.2019,2.17101,13.94
-2.23205,2,13.92
-2.2019,1.82899,13.9
-2.16506,1.75,13.88
-2.05344,1.61698,13.86
-1.90306,1.53015,13.84
-1.73205,1.5,13.82
-1.64523,1.5076,13.8
-1.48205,1.56699,13.78
-1.34903,1.67861,13.76
-1.29904,1.75,13.74
-1.29904,1.75,13.72
-1.29904,1.75,13.7
-1.29904,1.75,13.68
-1.29904,1.75,13.66
-1.29904,1.75,13.64
-1.29904,1.75,13.62
-1.29904,1.75,13.6
-1.18742,1.88302,13.58
-1.03704,1.96985,13.56
-0.866025,2,13.54
-0.779201,1.9924,13.52
-0.616025,1.93301,13.5
-0.483003,1.82139,13.48
-0.433013,1.75,13.46
-0.373622,1.58682,13.44
-0.373622,1.41318,13.42
-0.433013,1.25,13.4
-0.433013,1.25,13.38
-0.433013,1.25,13.36
-0.433013,1.25,13.34
-0.433013,1.25,13.32
-0.433013,1.25,13.3
-0.433013,1.25,13.28
-0.433013,1.25,13.26
-0.433013,1.25,13.24
-0.433013,1.25,13.22
-0.433013,1.25,13.2
-0.433013,1.25,13.18
-0.433013,1.25,13.16
-0.433013,1.25,13.14
-0.433013,1.25,13.12
-0.433013,1.25,13.1
-0.433013,1.25,13.08
-0.433013,1.25,13.06
-0.433013,1.25,13.04
-0.433013,1.25,13.02
-0.433013,1.25,13
-0.433013,1.25,12.98
-0.433013,1.25,12.96
-0.433013,1.25,12.94
-0.433013,1.25,12.92
-0.433013,1.25,12.9
-0.433013,1.25,12.88
-0.433013,1.25,12.86
-0.433013,1.25,12.84
-0.483003,1.17861,12.82
-0.616025,1.06699,12.8
-0.779201,1.0076,12.78
-0.866025,1,12.76
-1.03704,1.03015,12.74
-1.18742,1.11698,12.72
-1.29904,1.25,12.7
-1.33587,1.32899,12.68
-1.36603,1.5,12.66
-1.33587,1.67101,12.64
-1.29904,1.75,12.62
-1.29904,1.75,12.6
-1.29904,1.75,12.58
-1.29904,1.75,12.56
-1.29904,1.75,12.54
-1.29904,1.75,12.52
-1.29904,1.75,12.5
-1.29904,1.75,12.48
-1.23965,1.91318,12.46
-1.23965,2.08682,12.44
-1.29904,2.25,12.42
-1.34903,2.32139,12.4
-1.48205,2.43301,12.38
-1.64523,2.4924,12.36
-1.73205,2.5,12.34
-1.90306,2.46985,12.32
-2.05344,2.38302,12.3
-2.16506,2.25,12.28
-2.2019,2.17101,12.26
-2.23205,2,12.24
-2.2019,1.82899,12.22
-2.16506,1.75,12.2
-2.10567,1.58682,12.18
-2.10567,1.41318,12.16
-2.16506,1.25,12.14
-2.2019,1.17101,12.12
-2.23205,1,12.1
-2.2019,0.82899,12.08
-2.16506,0.75,12.06
-2.16506,0.75,12.04
-2.16506,0.75,12.02
-2.16506,0.75,12
-2.16506,0.75,11.98
-2.16506,0.75,11.96
-2.16506,0.75,11.94
-2.16506,0.75,11.92
-2.16506,0.75,11.9
-2.16506,0.75,11.88
-2.16506,0.75,11.86
-2.11507,0.678606,11.84
-1.98205,0.566987,11.82
-1.81887,0.507596,11.8
-1.73205,0.5,11.78
-1.73205,0.5,11.76
-1.73205,0.5,11.74
-1.73205,0.5,11.72
-1.73205,0.5,11.7
-1.73205,0.5,11.68
-1.73205,0.5,11.66
-1.73205,0.5,11.64
-1.73205,0.5,11.62
-1.73205,0.5,11.6
-1.73205,0.5,11.58
-1.73205,0.5,11.56
-1.73205,0.5,11.54
-1.73205,0.5,11.52
-1.73205,0.5,11.5
-1.73205,0.5,11.48
-1.73205,0.5,11.46
-1.73205,0.5,11.44
-1.73205,0.5,11.42
-1.73205,0.5,11.4
-1.73205,0.5,11.38
-1.73205,0.5,11.36
-1.56104,0.530154,11.34
-1.41066,0.616978,11.32
-1.29904,0.75,11.3
-1.29904,0.75,11.28
-1.29904,0.75,11.26
-1.29904,0.75,11.24
-1.29904,0.75,11.22
-1.29904,0.75,11.2
-1.29904,0.75,11.18
-1.29904,0.75,11.16
-1.29904,0.75,11.14
-1.29904,0.75,11.12
-1.29904,0.75,11.1
-1.29904,0.75,11.08
-1.23965,0.913176,11.06
-1.23965,1.08682,11.04
-1.29904,1.25,11.02
-1.29904,1.25,11
-1.29904,1.25,10.98
-1.29904,1.25,10.96
-1.29904,1.25,10.94
-1.29904,1.25,10.92
-1.29904,1.25,10.9
-1.29904,1.25,10.88
-1.29904,1.25,10.86
-1.29904,1.25,10.84
-1.29904,1.25,10.82
-1.29904,1.25,10.8
-1.29904,1.25,10.78
-1.29904,1.25,10.76
-1.29904,1.25,10.74
-1.29904,1.25,10.72
-1.29904,1.25,10.7
-1.29904,1.25,10.68
-1.29904,1.25,10.66
-1.29904,1.25,10.64
-1.29904,1.25,10.62
-1.29904,1.25,10.6
-1.34903,1.32139,10.58
-1.48205,1.43301,10.56
-1.64523,1.4924,10.54
-1.73205,1.5,10.52
-1.73205,1.5,10.5
-1.73205,1.5,10.48
-1.73205,1.5,10.46
-1.73205,1.5,10.44
-1.73205,1.5,10.42
-1.73205,1.5,10.4
-1.73205,1.5,10.38
-1.73205,1.5,10.36
-1.73205,1.5,10.34
-1.73205,1.5,10.32
-1.81887,1.4924,10.3
-1.98205,1.43301,10.28
-2.11507,1.32139,10.26
-2.16506,1.25,10.24
-2.16506,1.25,10.22
-2.16506,1.25,10.2
-2.16506,1.25,10.18
-2.12823,1.32899,10.16
-2.09808,1.5,10.14
-2.12823,1.67101,10.12
-2.16506,1.75,10.1
-2.27668,1.88302,10.08
-2.42707,1.96985,10.06
-2.59808,2,10.04
-2.6849,1.9924,10.02
-2.84808,1.93301,10
-2.9811,1.82139,9.98
-3.03109,1.75,9.96
-3.09048,1.58682,9.94
-3.09048,1.41318,9.92
-3.03109,1.25,9.9
-3.03109,1.25,9.88
-3.03109,1.25,9.86
-3.03109,1.25,9.84
-3.03109,1.25,9.82
-3.03109,1.25,9.8
-3.03109,1.25,9.78
-3.03109,1.25,9.76
-3.06792,1.32899,9.74
-3.09808,1.5,9.72
-3.06792,1.67101,9.7
-3.03109,1.75,9.68
-2.91947,1.88302,9.66
-2.76909,1.96985,9.64
-2.59808,2,9.62
-2.51125,1.9924,9.6
-2.34808,1.93301,9.58
-2.21505,1.82139,9.56
-2.16506,1.75,9.54
-2.16506,1.75,9.52
-2.16506,1.75,9.5
-2.16506,1.75,9.48
-2.12823,1.67101,9.46
-2.09808,1.5,9.44
-2.12823,1.32899,9.42
-2.16506,1.25,9.4
-2.16506,1.25,9.38
-2.16506,1.25,9.36
-2.16506,1.25,9.34
-2.16506,1.25,9.32
-2.16506,1.25,9.3
-2.16506,1.25,9.28
-2.16506,1.25,9.26
-2.16506,1.25,9.24
-2.16506,1.25,9.22
-2.16506,1.25,9.2
-2.16506,1.25,9.18
-2.16506,1.25,9.16
-2.16506,1.25,9.14
-2.16506,1.25,9.12
-2.27668,1.11698,9.1
-2.42707,1.03015,9.08
-2.59808,1,9.06
-2.59808,1,9.04
-2.59808,1,9.02
-2.59808,1,9
-2.59808,1,8.98
-2.76909,1.03015,8.96
-2.91947,1.11698,8.94
-3.03109,1.25,8.92
-3.06792,1.32899,8.9
-3.09808,1.5,8.88
-3.06792,1.67101,8.86
-3.03109,1.75,8.84
-2.91947,1.88302,8.82
-2.76909,1.96985,8.8
-2.59808,2,8.78
-2.59808,2,8.76
-2.59808,2,8.74
-2.59808,2,8.72
-2.59808,2,8.7
-2.59808,2,8.68
-2.59808,2,8.66
-2.59808,2,8.64
-2.6849,1.9924,8.62
-2.84808,1.93301,8.6
-2.9811,1.82139,8.58
-3.03109,1.75,8.56
-3.09048,1.58682,8.54
-3.09048,1.41318,8.52
-3.03109,1.25,8.5
-2.9811,1.17861,8.48
-2.84808,1.06699,8.46
-2.6849,1.0076,8.44
-2.59808,1,8.42
-2.42707,1.03015,8.4
-2.27668,1.11698,8.38
-2.16506,1.25,8.36
-2.16506,1.25,8.34
-2.16506,1.25,8.32
-2.16506,1.25,8.3
-2.16506,1.25,8.28
-2.22445,1.08682,8.26
-2.22445,0.913176,8.24
-2.16506,0.75,8.22
-2.16506,0.75,8.2
-2.16506,0.75,8.18
-2.16506,0.75,8.16
-2.16506,0.75,8.14
-2.16506,0.75,8.12
-2.16506,0.75,8.1
-2.16506,0.75,8.08
-2.16506,0.75,8.06
-2.16506,0.75,8.04
-2.16506,0.75,8.02
-2.16506,0.75,8
-2.05344,0.616978,7.98
-1.90306,0.530154,7.96
-1.73205,0.5,7.94
-1.73205,0.5,7.92
-1.73205,0.5,7.9
-1.73205,0.5,7.88
-1.73205,0.5,7.86
-1.73205,0.5,7.84
-1.73205,0.5,7.82
-1.73205,0.5,7.8
-1.73205,0.5,7.78
-1.73205,0.5,7.76
-1.73205,0.5,7.74
-1.73205,0.5,7.72
-1.73205,0.5,7.7
-1.73205,0.5,7.68
-1.73205,0.5,7.66
-1.73205,0.5,7.64
-1.73205,0.5,7.62
-1.73205,0.5,7.6
-1.73205,0.5,7.58
-1.73205,0.5,7.56
-1.73205,0.5,7.54
-1.73205,0.5,7.52
-1.64523,0.507596,7.5
-1.48205,0.566987,7.48
-1.34903,0.678606,7.46
-1.29904,0.75,7.44
-1.29904,0.75,7.42
-1.29904,0.75,7.4
-1.29904,0.75,7.38
-1.29904,0.75,7.36
-1.29904,0.75,7.34
-1.29904,0.75,7.32
-1.29904,0.75,7.3
-1.29904,0.75,7.28
-1.29904,0.75,7.26
-1.29904,0.75,7.24
-1.2622,0.82899,7.22
-1.23205,1,7.2
-1.2622,1.17101,7.18
-1.29904,1.25,7.16
-1.29904,1.25,7.14
-1.29904,1.25,7.12
-1.29904,1.25,7.1
-1.29904,1.25,7.08
-1.29904,1.25,7.06
-1.29904,1.25,7.04
-1.29904,1.25,7.02
-1.29904,1.25,7
-1.29904,1.25,6.98
-1.29904,1.25,6.96
-1.29904,1.25,6.94
-1.29904,1.25,6.92
-1.29904,1.25,6.9
-1.29904,1.25,6.88
-1.29904,1.25,6.86
-1.29904,1.25,6.84
-1.29904,1.25,6.82
-1.29904,1.25,6.8
-1.29904,1.25,6.78
-1.29904,1.25,6.76
-1.29904,1.25,6.74
-1.41066,1.38302,6.72
-1.56104,1.46985,6.7
-1.73205,1.5,6.68
-1.73205,1.5,6.66
-1.73205,1.5,6.64
-1.73205,1.5,6.62
-1.73205,1.5,6.6
-1.73205,1.5,6.58
-1.73205,1.5,6.56
-1.73205,1.5,6.54
-1.73205,1.5,6.52
-1.73205,1.5,6.5
-1.73205,1.5,6.48
-1.73205,1.5,6.46
-1.90306,1.46985,6.44
-2.05344,1.38302,6.42
-2.16506,1.25,6.4
-2.21505,1.17861,6.38
-2.34808,1.06699,6.36
-2.51125,1.0076,6.34
-2.59808,1,6.32
-2.76909,0.969846,6.3
-2.91947,0.883022,6.28
-3.03109,0.75,6.26
-3.06792,0.67101,6.24
-3.09808,0.5,6.22
-3.06792,0.32899,6.2
-3.03109,0.25,6.18
-2.91947,0.116978,6.16
-2.76909,0.0301537,6.14
-2.59808,1.71663e-12,6.12
-2.51125,0.00759612,6.1
-2.34808,0.0669873,6.08
-2.21505,0.178606,6.06
-2.16506,0.25,6.04
-2.16506,0.25,6.02
-2.16506,0.25,6
-2.16506,0.25,5.98
-2.16506,0.25,5.96
-2.16506,0.25,5.94
-2.16506,0.25,5.92
-2.16506,0.25,5.9
-2.05344,0.383022,5.88
-1.90306,0.469846,5.86
-1.73205,0.5,5.84
-1.64523,0.492404,5.82
-1.48205,0.433013,5.8
-1.34903,0.321394,5.78
-1.29904,0.25,5.76
-1.23965,0.0868241,5.74
-1.23965,-0.0868241,5.72
-1.29904,-0.25,5.7
-1.29904,-0.25,5.68
-1.29904,-0.25,5.66
-1.29904,-0.25,5.64
-1.29904,-0.25,5.62
-1.29904,-0.25,5.6
-1.29904,-0.25,5.58
-1.29904,-0.25,5.56
-1.29904,-0.25,5.54
-1.29904,-0.25,5.52
-1.29904,-0.25,5.5
-1.29904,-0.25,5.48
-1.29904,-0.25,5.46
-1.29904,-0.25,5.44
-1.29904,-0.25,5.42
-1.29904,-0.25,5.4
-1.29904,-0.25,5.38
-1.29904,-0.25,5.36
-1.29904,-0.25,5.34
-1.29904,-0.25,5.32
-1.29904,-0.25,5.3
-1.29904,-0.25,5.28
-1.29904,-0.25,5.26
-1.29904,-0.25,5.24
-1.29904,-0.25,5.22
-1.29904,-0.25,5.2
-1.29904,-0.25,5.18
-1.29904,-0.25,5.16
-1.29904,-0.25,5.14
-1.34903,-0.321394,5.12
-1.48205,-0.433013,5.1
-1.64523,-0.492404,5.08
-1.73205,-0.5,5.06
-1.90306,-0.469846,5.04
-2.05344,-0.383022,5.02
-2.16506,-0.25,5
-2.2019,-0.17101,4.98
-2.23205,1.54105e-12,4.96
-2.2019,0.17101,4.94
-2.16506,0.25,4.92
-2.16506,0.25,4.9
-2.16506,0.25,4.88
-2.16506,0.25,4.86
-2.16506,0.25,4.84
-2.16506,0.25,4.82
-2.16506,0.25,4.8
-2.16506,0.25,4.78
-2.10567,0.413176,4.76
-2.10567,0.586824,4.74
-2.16506,0.75,4.72
-2.21505,0.821394,4.7
-2.34808,0.933013,4.68
-2.51125,0.992404,4.66
-2.59808,1,4.64
-2.76909,0.969846,4.62
-2.91947,0.883022,4.6
-3.03109,0.75,4.58
-3.06792,0.67101,4.56
-3.09808,0.5,4.54
-3.06792,0.32899,4.52
-3.03109,0.25,4.5
-3.03109,0.25,4.48
-3.03109,0.25,4.46
-3.03109,0.25,4.44
-3.03109,0.25,4.42
-3.03109,0.25,4.4
-3.03109,0.25,4.38
-3.03109,0.25,4.36
-3.03109,0.25,4.34
-3.03109,0.25,4.32
-3.03109,0.25,4.3
-3.03109,0.25,4.28
-3.03109,0.25,4.26
-3.03109,0.25,4.24
-3.03109,0.25,4.22
-3.03109,0.25,4.2
-3.03109,0.25,4.18
-3.03109,0.25,4.16
-3.03109,0.25,4.14
-3.03109,0.25,4.12
-3.03109,0.25,4.1
-3.03109,0.25,4.08
-3.09048,0.413176,4.06
-3.09048,0.586824,4.04
-3.03109,0.75,4.02
-3.03109,0.75,4
-3.03109,0.75,3.98
-3.03109,0.75,3.96
-3.03109,0.75,3.94
-3.03109,0.75,3.92
-3.03109,0.75,3.9
-3.03109,0.75,3.88
-3.03109,0.75,3.86
-3.03109,0.75,3.84
-3.03109,0.75,3.82
-3.03109,0.75,3.8
-3.03109,0.75,3.78
-3.03109,0.75,3.76
-3.03109,0.75,3.74
-2.9811,0.821394,3.72
-2.84808,0.933013,3.7
-2.6849,0.992404,3.68
-2.59808,1,3.66
-2.59808,1,3.64
-2.59808,1,3.62
-2.59808,1,3.6
-2.6849,1.0076,3.58
-2.84808,1.06699,3.56
-2.9811,1.17861,3.54
-3.03109,1.25,3.52
-3.09048,1.41318,3.5
-3.09048,1.58682,3.48
-3.03109,1.75,3.46
-2.9811,1.82139,3.44
-2.84808,1.93301,3.42
-2.6849,1.9924,3.4
-2.59808,2,3.38
-2.59808,2,3.36
-2.59808,2,3.34
-2.59808,2,3.32
-2.51125,1.9924,3.3
-2.34808,1.93301,3.28
-2.21505,1.82139,3.26
-2.16506,1.75,3.24
-2.05344,1.61698,3.22
-1.90306,1.53015,3.2
-1.73205,1.5,3.18
-1.64523,1.5076,3.16
-1.48205,1.56699,3.14
-1.34903,1.67861,3.12
-1.29904,1.75,3.1
-1.23965,1.91318,3.08
-1.23965,2.08682,3.06
-1.29904,2.25,3.04
-1.34903,2.32139,3.02
-1.48205,2.43301,3
-1.64523,2.4924,2.98
-1.73205,2.5,2.96
-1.73205,2.5,2.94
-1.73205,2.5,2.92
-1.73205,2.5,2.9
-1.73205,2.5,2.88
-1.73205,2.5,2.86
-1.73205,2.5,2.84
-1.73205,2.5,2.82
-1.73205,2.5,2.8
-1.73205,2.5,2.78
-1.73205,2.5,2.76
-1.73205,2.5,2.74
-1.73205,2.5,2.72
-1.73205,2.5,2.7
-1.73205,2.5,2.68
-1.73205,2.5,2.66
-1.73205,2.5,2.64
-1.73205,2.5,2.62
-1.73205,2.5,2.6
-1.73205,2.5,2.58
-1.73205,2.5,2.56
-1.73205,2.5,2.54
-1.56104,2.46985,2.52
-1.41066,2.38302,2.5
-1.29904,2.25,2.48
-1.24905,2.17861,2.46
-1.11603,2.06699,2.44
-0.952849,2.0076,2.42
-0.866025,2,2.4
-0.695015,2.03015,2.38
-0.544632,2.11698,2.36
-0.433013,2.25,2.34
-0.396179,2.32899,2.32
-0.366025,2.5,2.3
-0.396179,2.67101,2.28
-0.433013,2.75,2.26
-0.544632,2.88302,2.24
-0.695015,2.96985,2.22
-0.866025,3,2.2
-0.866025,3,2.18
-0.866025,3,2.16
-0.866025,3,2.14
-0.866025,3,2.12
-0.866025,3,2.1
-0.866025,3,2.08
-0.866025,3,2.06
-0.866025,3,2.04
-0.866025,3,2.02
-0.866025,3,2
-0.866025,3,1.98
-0.866025,3,1.96
-0.866025,3,1.94
-0.866025,3,1.92
-0.866025,3,1.9
-0.866025,3,1.88
-0.866025,3,1.86
-0.866025,3,1.84
-0.866025,3,1.82
-0.866025,3,1.8
-0.866025,3,1.78
-0.779201,2.9924,1.76
-0.616025,2.93301,1.74
-0.483003,2.82139,1.72
-0.433013,2.75,1.7
-0.321394,2.61698,1.68
-0.17101,2.53015,1.66
5.94727e-13,2.5,1.64
0.0868241,2.5076,1.62
0.25,2.56699,1.6
0.383022,2.67861,1.58
0.433013,2.75,1.56
0.492404,2.91318,1.54
0.492404,3.08682,1.52
0.433013,3.25,1.5
0.383022,3.32139,1.48
0.25,3.43301,1.46
0.0868241,3.4924,1.44
1.38822e-12,3.5,1.42
1.38822e-12,3.5,1.4
1.38822e-12,3.5,1.38
1.38822e-12,3.5,1.36
1.38822e-12,3.5,1.34
1.38822e-12,3.5,1.32
1.38822e-12,3.5,1.3
1.38822e-12,3.5,1.28
0.17101,3.46985,1.26
0.321394,3.38302,1.24
0.433013,3.25,1.22
0.469846,3.17101,1.2
0.5,3,1.18
0.469846,2.82899,1.16
0.433013,2.75,1.14
0.321394,2.61698,1.12
0.17101,2.53015,1.1
5.94727e-13,2.5,1.08
-0.0868241,2.4924,1.06
-0.25,2.43301,1.04
-0.383022,2.32139,1.02
-0.433013,2.25,1
-0.433013,2.25,0.98
-0.433013,2.25,0.96
-0.433013,2.25,0.94
-0.396179,2.32899,0.92
-0.366025,2.5,0.9
-0.396179,2.67101,0.88
-0.433013,2.75,0.86
-0.544632,2.88302,0.84
-0.695015,2.96985,0.82
-0.866025,3,0.8
-0.952849,2.9924,0.78
-1.11603,2.93301,0.76
-1.24905,2.82139,0.74
-1.29904,2.75,0.72
-1.35843,2.58682,0.7
-1.35843,2.41318,0.68
-1.29904,2.25,0.66
-1.2622,2.17101,0.64
-1.23205,2,0.62
-1.2622,1.82899,0.6
-1.29904,1.75,0.58
-1.29904,1.75,0.56
-1.29904,1.75,0.54
-1.29904,1.75,0.52
-1.24905,1.82139,0.5
-1.11603,1.93301,0.48
-0.952849,1.9924,0.46
-0.866025,2,0.44
-0.695015,1.96985,0.42
-0.544632,1.88302,0.4
-0.433013,1.75,0.38
-0.396179,1.67101,0.36
-0.366025,1.5,0.34
-0.396179,1.32899,0.32
-0.433013,1.25,0.3
-0.433013,1.25,0.28
-0.433013,1.25,0.26
-0.433013,1.25,0.24
-0.433013,1.25,0.22
-0.433013,1.25,0.2
-0.433013,1.25,0.18
-0.433013,1.25,0.16
-0.433013,1.25,0.14
-0.433013,1.25,0.12
-0.433013,1.25,0.1
-0.433013,1.25,0.08
-0.433013,1.25,0.06
-0.433013,1.25,0.04
-0.433013,1.25,0.02
-0.433013,1.25,-4.12829e-14
-0.433013,1.25,-0.02
-0.433013,1.25,-0.04
-0.433013,1.25,-0.06
-0.433013,1.25,-0.08
-0.433013,1.25,-0.1
-0.433013,1.25,-0.12
-0.433013,1.25,-0.14
-0.433013,1.25,-0.16
-0.433013,1.25,-0.18
-0.433013,1.25,-0.2
-0.433013,1.25,-0.22
-0.433013,1.25,-0.24
-0.433013,1.25,-0.26
-0.544632,1.11698,-0.28
-0.695015,1.03015,-0.3
-0.866025,1,-0.32
-0.952849,1.0076,-0.34
-1.11603,1.06699,-0.36
-1.24905,1.17861,-0.38
-1.29904,1.25,-0.4
-1.35843,1.41318,-0.42
-1.35843,1.58682,-0.44
-1.29904,1.75,-0.46
-1.29904,1.75,-0.48
-1.29904,1.75,-0.5
-1.29904,1.75,-0.52
-1.29904,1.75,-0.54
-1.41066,1.61698,-0.56
-1.56104,1.53015,-0.58
-1.73205,1.5,-0.6
-1.73205,1.5,-0.62
-1.73205,1.5,-0.64
-1.73205,1.5,-0.66
-1.73205,1.5,-0.68
-1.73205,1.5,-0.7
-1.73205,1.5,-0.72
-1.73205,1.5,-0.74
-1.73205,1.5,-0.76
-1.73205,1.5,-0.78
-1.73205,1.5,-0.8
-1.73205,1.5,-0.82
-1.73205,1.5,-0.84
-1.73205,1.5,-0.86
-1.73205,1.5,-0.88
-1.81887,1.5076,-0.9
-1.98205,1.56699,-0.92
-2.11507,1.67861,-0.94
-2.16506,1.75,-0.96
-2.16506,1.75,-0.98
-2.16506,1.75,-1
-2.16506,1.75,-1.02
-2.12823,1.67101,-1.04
-2.09808,1.5,-1.06
-2.12823,1.32899,-1.08
-2.16506,1.25,-1.1
-2.27668,1.11698,-1.12
-2.42707,1.03015,-1.14
-2.59808,1,-1.16
-2.6849,1.0076,-1.18
-2.84808,1.06699,-1.2
-2.9811,1.17861,-1.22
-3.03109,1.25,-1.24
-3.03109,1.25,-1.26
-3.03109,1.25,-1.28
-3.03109,1.25,-1.3
-3.06792,1.32899,-1.32
-3.09808,1.5,-1.34
-3.06792,1.67101,-1.36
-3.03109,1.75,-1.38
-3.03109,1.75,-1.4
-3.03109,1.75,-1.42
-3.03109,1.75,-1.44
-3.03109,1.75,-1.46
-3.03109,1.75,-1.48
-3.03109,1.75,-1.5
-3.03109,1.75,-1.52
-3.03109,1.75,-1.54
-3.03109,1.75,-1.56
-3.03109,1.75,-1.58
-3.03109,1.75,-1.6
-3.03109,1.75,-1.62
-3.03109,1.75,-1.64
-3.03109,1.75,-1.66
-2.91947,1.88302,-1.68
-2.76909,1.96985,-1.7
-2.59808,2,-1.72
-2.59808,2,-1.74
-2.59808,2,-1.76
-2.59808,2,-1.78
-2.59808,2,-1.8
-2.42707,1.96985,-1.82
-2.27668,1.88302,-1.84
-2.16506,1.75,-1.86
-2.12823,1.67101,-1.88
-2.09808,1.5,-1.9
-2.12823,1.32899,-1.92
-2.16506,1.25,-1.94
-2.27668,1.11698,-1.96
-2.42707,1.03015,-1.98
-2.59808,1,-2
-2.59808,1,-2.02
-2.59808,1,-2.04
-2.59808,1,-2.06
-2.59808,1,-2.08
-2.42707,0.969846,-2.1
-2.27668,0.883022,-2.12
-2.16506,0.75,-2.14
-2.16506,0.75,-2.16
-2.16506,0.75,-2.18
-2.16506,0.75,-2.2
-2.16506,0.75,-2.22
-2.16506,0.75,-2.24
-2.16506,0.75,-2.26
-2.16506,0.75,-2.28
-2.16506,0.75,-2.3
-2.16506,0.75,-2.32
-2.16506,0.75,-2.34
-2.16506,0.75,-2.36
-2.16506,0.75,-2.38
-2.16506,0.75,-2.4
-2.16506,0.75,-2.42
-2.12823,0.67101,-2.44
-2.09808,0.5,-2.46
-2.12823,0.32899,-2.48
-2.16506,0.25,-2.5
-2.16506,0.25,-2.52
-2.16506,0.25,-2.54
-2.16506,0.25,-2.56
-2.11507,0.321394,-2.58
-1.98205,0.433013,-2.6
-1.81887,0.492404,-2.62
-1.73205,0.5,-2.64
-1.56104,0.469846,-2.66
-1.41066,0.383022,-2.68
-1.29904,0.25,-2.7
-1.2622,0.17101,-2.72
-1.23205,1.14442e-12,-2.74
-1.2622,-0.17101,-2.76
-1.29904,-0.25,-2.78
-1.29904,-0.25,-2.8
-1.29904,-0.25,-2.82
-1.29904,-0.25,-2.84
-1.29904,-0.25,-2.86
-1.29904,-0.25,-2.88
-1.29904,-0.25,-2.9
-1.29904,-0.25,-2.92
-1.29904,-0.25,-2.94
-1.29904,-0.25,-2.96
-1.29904,-0.25,-2.98
-1.29904,-0.25,-3
-1.29904,-0.25,-3.02
-1.29904,-0.25,-3.04
-1.29904,-0.25,-3.06
-1.29904,-0.25,-3.08
-1.29904,-0.25,-3.1
-1.29904,-0.25,-3.12
-1.29904,-0.25,-3.14
-1.29904,-0.25,-3.16
-1.29904,-0.25,-3.18
-1.29904,-0.25,-3.2
-1.29904,-0.25,-3.22
-1.29904,-0.25,-3.24
-1.29904,-0.25,-3.26
-1.29904,-0.25,-3.28
-1.29904,-0.25,-3.3
-1.29904,-0.25,-3.32
-1.29904,-0.25,-3.34
-1.41066,-0.383022,-3.36
-1.56104,-0.469846,-3.38
-1.73205,-0.5,-3.4
-1.81887,-0.492404,-3.42
-1.98205,-0.433013,-3.44
-2.11507,-0.321394,-3.46
-2.16506,-0.25,-3.48
-2.22445,-0.0868241,-3.5
-2.22445,0.0868241,-3.52
-2.16506,0.25,-3.54
-2.16506,0.25,-3.56
-2.16506,0.25,-3.58
-2.16506,0.25,-3.6
-2.16506,0.25,-3.62
-2.27668,0.116978,-3.64
-2.42707,0.0301537,-3.66
-2.59808,1.71663e-12,-3.68
-2.6849,-0.00759612,-3.7
-2.84808,-0.0669873,-3.72
-2.9811,-0.178606,-3.74
-3.03109,-0.25,-3.76
-3.09048,-0.413176,-3.78
-3.09048,-0.586824,-3.8
-3.03109,-0.75,-3.82
-2.9811,-0.821394,-3.84
-2.84808,-0.933013,-3.86
-2.6849,-0.992404,-3.88
-2.59808,-1,-3.9
-2.42707,-0.969846,-3.92
-2.27668,-0.883022,-3.94
-2.16506,-0.75,-3.96
-2.16506,-0.75,-3.98
-2.16506,-0.75,-4
-2.16506,-0.75,-4.02
-2.16506,-0.75,-4.04
-2.22445,-0.913176,-4.06
-2.22445,-1.08682,-4.08
-2.16506,-1.25,-4.1
-2.12823,-1.32899,-4.12
-2.09808,-1.5,-4.14
-2.12823,-1.67101,-4.16
-2.16506,-1.75,-4.18
-2.27668,-1.88302,-4.2
-2.42707,-1.96985,-4.22
-2.59808,-2,-4.24
-2.6849,-1.9924,-4.26
-2.84808,-1.93301,-4.28
-2.9811,-1.82139,-4.3
-3.03109,-1.75,-4.32
-3.03109,-1.75,-4.34
-3.03109,-1.75,-4.36
-3.03109,-1.75,-4.38
-3.03109,-1.75,-4.4
-3.03109,-1.75,-4.42
-3.03109,-1.75,-4.44
-3.03109,-1.75,-4.46
-2.91947,-1.88302,-4.48
-2.76909,-1.96985,-4.5
-2.59808,-2,-4.52
-2.51125,-1.9924,-4.54
-2.34808,-1.93301,-4.56
-2.21505,-1.82139,-4.58
-2.16506,-1.75,-4.6
-2.10567,-1.58682,-4.62
-2.10567,-1.41318,-4.64
-2.16506,-1.25,-4.66
-2.21505,-1.17861,-4.68
-2.34808,-1.06699,-4.7
-2.51125,-1.0076,-4.72
-2.59808,-1,-4.74
-2.76909,-0.969846,-4.76
-2.91947,-0.883022,-4.78
-3.03109,-0.75,-4.8
-3.03109,-0.75,-4.82
-3.03109,-0.75,-4.84
-3.03109,-0.75,-4.86
-3.03109,-0.75,-4.88
-3.03109,-0.75,-4.9
-3.03109,-0.75,-4.92
-3.03109,-0.75,-4.94
-3.03109,-0.75,-4.96
-3.03109,-0.75,-4.98
-3.03109,-0.75,-5
-3.03109,-0.75,-5.02
-3.03109,-0.75,-5.04
-3.03109,-0.75,-5.06
-3.03109,-0.75,-5.08
-3.03109,-0.75,-5.1
-3.03109,-0.75,-5.12
-3.03109,-0.75,-5.14
-3.03109,-0.75,-5.16
-3.03109,-0.75,-5.18
-3.03109,-0.75,-5.2
-3.03109,-0.75,-5.22
-2.9811,-0.821394,-5.24
-2.84808,-0.933013,-5.26
-2.6849,-0.992404,-5.28
-2.59808,-1,-5.3
-2.42707,-0.969846,-5.32
-2.27668,-0.883022,-5.34
-2.16506,-0.75,-5.36
-2.12823,-0.67101,-5.38
-2.09808,-0.5,-5.4
-2.12823,-0.32899,-5.42
-2.16506,-0.25,-5.44
-2.27668,-0.116978,-5.46
-2.42707,-0.0301537,-5.48
-2.59808,1.71663e-12,-5.5
-2.6849,0.00759612,-5.52
-2.84808,0.0669873,-5.54
-2.9811,0.178606,-5.56
-3.03109,0.25,-5.58
-3.03109,0.25,-5.6
-3.03109,0.25,-5.62
-3.03109,0.25,-5.64
-3.03109,0.25,-5.66
-3.03109,0.25,-5.68
-3.03109,0.25,-5.7
-3.03109,0.25,-5.72
-3.03109,0.25,-5.74
-3.03109,0.25,-5.76
-3.03109,0.25,-5.78
-3.03109,0.25,-5.8
-3.03109,0.25,-5.82
-3.03109,0.25,-5.84
-3.03109,0.25,-5.86
-3.03109,0.25,-5.88
-3.03109,0.25,-5.9
-3.03109,0.25,-5.92
-3.03109,0.25,-5.94
-3.03109,0.25,-5.96
-3.03109,0.25,-5.98
-3.03109,0.25,-6
-2.91947,0.116978,-6.02
-2.76909,0.0301537,-6.04
-2.59808,1.71663e-12,-6.06
-2.51125,0.00759612,-6.08
-2.34808,0.0669873,-6.1
-2.21505,0.178606,-6.12
-2.16506,0.25,-6.14
-2.10567,0.413176,-6.16
-2.10567,0.586824,-6.18
-2.16506,0.75,-6.2
-2.21505,0.821394,-6.22
-2.34808,0.933013,-6.24
-2.51125,0.992404,-6.26
-2.59808,1,-6.28
-2.76909,1.03015,-6.3
-2.91947,1.11698,-6.32
-3.03109,1.25,-6.34
-3.03109,1.25,-6.36
-3.03109,1.25,-6.38
-3.03109,1.25,-6.4
-3.03109,1.25,-6.42
-3.09048,1.41318,-6.44
-3.09048,1.58682,-6.46
-3.03109,1.75,-6.48
-2.9811,1.82139,-6.5
-2.84808,1.93301,-6.52
-2.6849,1.9924,-6.54
-2.59808,2,-6.56
-2.42707,1.96985,-6.58
-2.27668,1.88302,-6.6
-2.16506,1.75,-6.62
-2.16506,1.75,-6.64
-2.16506,1.75,-6.66
-2.16506,1.75,-6.68
-2.16506,1.75,-6.7
-2.22445,1.91318,-6.72
-2.22445,2.08682,-6.74
-2.16506,2.25,-6.76
-2.16506,2.25,-6.78
-2.16506,2.25,-6.8
-2.16506,2.25,-6.82
-2.16506,2.25,-6.84
-2.16506,2.25,-6.86
-2.16506,2.25,-6.88
-2.16506,2.25,-6.9
-2.16506,2.25,-6.92
-2.16506,2.25,-6.94
-2.16506,2.25,-6.96
-2.16506,2.25,-6.98
-2.16506,2.25,-7
-2.16506,2.25,-7.02
-2.16506,2.25,-7.04
-2.11507,2.32139,-7.06
-1.98205,2.43301,-7.08
-1.81887,2.4924,-7.1
-1.73205,2.5,-7.12
-1.73205,2.5,-7.14
-1.73205,2.5,-7.16
-1.73205,2.5,-7.18
-1.73205,2.5,-7.2
-1.73205,2.5,-7.22
-1.73205,2.5,-7.24
-1.73205,2.5,-7.26
-1.73205,2.5,-7.28
-1.73205,2.5,-7.3
-1.73205,2.5,-7.32
-1.73205,2.5,-7.34
-1.73205,2.5,-7.36
-1.73205,2.5,-7.38
-1.73205,2.5,-7.4
-1.73205,2.5,-7.42
-1.73205,2.5,-7.44
-1.73205,2.5,-7.46
-1.73205,2.5,-7.48
-1.73205,2.5,-7.5
-1.73205,2.5,-7.52
-1.73205,2.5,-7.54
-1.90306,2.46985,-7.56
-2.05344,2.38302,-7.58
-2.16506,2.25,-7.6
-2.2019,2.17101,-7.62
-2.23205,2,-7.64
-2.2019,1.82899,-7.66
-2.16506,1.75,-7.68
-2.05344,1.61698,-7.7
-1.90306,1.53015,-7.72
-1.73205,1.5,-7.74
-1.64523,1.5076,-7.76
-1.48205,1.56699,-7.78
-1.34903,1.67861,-7.8
-1.29904,1.75,-7.82
-1.29904,1.75,-7.84
-1.29904,1.75,-7.86
-1.29904,1.75,-7.88
-1.29904,1.75,-7.9
-1.29904,1.75,-7.92
-1.29904,1.75,-7.94
-1.29904,1.75,-7.96
-1.18742,1.88302,-7.98
-1.03704,1.96985,-8
-0.866025,2,-8.02
-0.779201,1.9924,-8.04
-0.616025,1.93301,-8.06
-0.483003,1.82139,-8.08
-0.433013,1.75,-8.1
-0.373622,1.58682,-8.12
-0.373622,1.41318,-8.14
-0.433013,1.25,-8.16
-0.433013,1.25,-8.18
-0.433013,1.25,-8.2
-0.433013,1.25,-8.22
-0.433013,1.25,-8.24
-0.433013,1.25,-8.26
-0.433013,1.25,-8.28
-0.433013,1.25,-8.3
-0.433013,1.25,-8.32
-0.433013,1.25,-8.34
-0.433013,1.25,-8.36
-0.433013,1.25,-8.38
-0.433013,1.25,-8.4
-0.433013,1.25,-8.42
-0.433013,1.25,-8.44
-0.433013,1.25,-8.46
-0.433013,1.25,-8.48
-0.433013,1.25,-8.5
-0.433013,1.25,-8.52
-0.433013,1.25,-8.54
-0.433013,1.25,-8.56
-0.433013,1.25,-8.58
-0.433013,1.25,-8.6
-0.433013,1.25,-8.62
-0.433013,1.25,-8.64
-0.433013,1.25,-8.66
-0.433013,1.25,-8.68
-0.433013,1.25,-8.7
-0.433013,1.25,-8.72
-0.483003,1.17861,-8.74
-0.616025,1.06699,-8.76
-0.779201,1.0076,-8.78
-0.866025,1,-8.8
-1.03704,1.03015,-8.82
-1.18742,1.11698,-8.84
-1.29904,1.25,-8.86
-1.33587,1.32899,-8.88
-1.36603,1.5,-8.9
-1.33587,1.67101,-8.92
-1.29904,1.75,-8.94
-1.29904,1.75,-8.96
-1.29904,1.75,-8.98
-1.29904,1.75,-9
-1.29904,1.75,-9.02
-1.29904,1.75,-9.04
-1.29904,1.75,-9.06
-1.29904,1.75,-9.08
-1.23965,1.91318,-9.1
-1.23965,2.08682,-9.12
-1.29904,2.25,-9.14
-1.34903,2.32139,-9.16
-1.48205,2.43301,-9.18
-1.64523,2.4924,-9.2
-1.73205,2.5,-9.22
-1.90306,2.46985,-9.24
-2.05344,2.38302,-9.26
-2.16506,2.25,-9.28
-2.2019,2.17101,-9.3
-2.23205,2,-9.32
-2.2019,1.82899,-9.34
-2.16506,1.75,-9.36
-2.10567,1.58682,-9.38
-2.10567,1.41318,-9.4
-2.16506,1.25,-9.42
-2.2019,1.17101,-9.44
-2.23205,1,-9.46
-2.2019,0.82899,-9.48
-2.16506,0.75,-9.5
-2.16506,0.75,-9.52
-2.16506,0.75,-9.54
-2.16506,0.75,-9.56
-2.16506,0.75,-9.58
-2.16506,0.75,-9.6
-2.16506,0.75,-9.62
-2.16506,0.75,-9.64
-2.16506,0.75,-9.66
-2.16506,0.75,-9.68
-2.16506,0.75,-9.7
-2.11507,0.678606,-9.72
-1.98205,0.566987,-9.74
-1.81887,0.507596,-9.76
-1.73205,0.5,-9.78
-1.73205,0.5,-9.8
-1.73205,0.5,-9.82
-1.73205,0.5,-9.84
-1.73205,0.5,-9.86
-1.73205,0.5,-9.88
-1.73205,0.5,-9.9
-1.73205,0.5,-9.92
-1.73205,0.5,-9.94
-1.73205,0.5,-9.96
-1.73205,0.5,-9.98
-1.73205,0.5,-10
-1.73205,0.5,-10.02
-1.73205,0.5,-10.04
-1.73205,0.5,-10.06
-1.73205,0.5,-10.08
-1.73205,0.5,-10.1
-1.73205,0.5,-10.12
-1.73205,0.5,-10.14
-1.73205,0.5,-10.16
-1.73205,0.5,-10.18
-1.73205,0.5,-10.2
-1.56104,0.530154,-10.22
-1.41066,0.616978,-10.24
-1.29904,0.75,-10.26
-1.29904,0.75,-10.28
-1.29904,0.75,-10.3
-1.29904,0.75,-10.32
-1.29904,0.75,-10.34
-1.29904,0.75,-10.36
-1.29904,0.75,-10.38
-1.29904,0.75,-10.4
-1.29904,0.75,-10.42
-1.29904,0.75,-10.44
-1.29904,0.75,-10.46
-1.29904,0.75,-10.48
-1.23965,0.913176,-10.5
-1.23965,1.08682,-10.52
-1.29904,1.25,-10.54
-1.29904,1.25,-10.56
-1.29904,1.25,-10.58
-1.29904,1.25,-10.6
-1.29904,1.25,-10.62
-1.29904,1.25,-10.64
-1.29904,1.25,-10.66
-1.29904,1.25,-10.68
-1.29904,1.25,-10.7
-1.29904,1.25,-10.72
-1.29904,1.25,-10.74
-1.29904,1.25,-10.76
-1.29904,1.25,-10.78
-1.29904,1.25,-10.8
-1.29904,1.25,-10.82
-1.29904,1.25,-10.84
-1.29904,1.25,-10.86
-1.29904,1.25,-10.88
-1.29904,1.25,-10.9
-1.29904,1.25,-10.92
-1.29904,1.25,-10.94
-1.29904,1.25,-10.96
-1.34903,1.32139,-10.98
-1.48205,1.43301,-11
-1.64523,1.4924,-11.02
-1.73205,1.5,-11.04
-1.73205,1.5,-11.06
-1.73205,1.5,-11.08
-1.73205,1.5,-11.1
-1.73205,1.5,-11.12
-1.73205,1.5,-11.14
-1.73205,1.5,-11.16
-1.73205,1.5,-11.18
-1.73205,1.5,-11.2
-1.73205,1.5,-11.22
-1.73205,1.5,-11.24
-1.81887,1.4924,-11.26
-1.98205,1.43301,-11.28
-2.11507,1.32139,-11.3
-2.16506,1.25,-11.32
-2.16506,1.25,-11.34
-2.16506,1.25,-11.36
-2.16506,1.25,-11.38
-2.12823,1.32899,-11.4
-2.09808,1.5,-11.42
-2.12823,1.67101,-11.44
-2.16506,1.75,-11.46
-2.27668,1.88302,-11.48
-2.42707,1.96985,-11.5
-2.59808,2,-11.52
-2.6849,1.9924,-11.54
-2.84808,1.93301,-11.56
-2.9811,1.82139,-11.58
-3.03109,1.75,-11.6
-3.09048,1.58682,-11.62
-3.09048,1.41318,-11.64
-3.03109,1.25,-11.66
-3.03109,1.25,-11.68
-3.03109,1.25,-11.7
-3.03109,1.25,-11.72
-3.03109,1.25,-11.74
-3.03109,1.25,-11.76
-3.03109,1.25,-11.78
-3.03109,1.25,-11.8
-3.06792,1.32899,-11.82
-3.09808,1.5,-11.84
-3.06792,1.67101,-11.86
-3.03109,1.75,-11.88
-2.91947,1.88302,-11.9
-2.76909,1.96985,-11.92
-2.59808,2,-11.94
-2.51125,1.9924,-11.96
-2.34808,1.93301,-11.98
-2.21505,1.82139,-12
-2.16506,1.75,-12.02
-2.16506,1.75,-12.04
-2.16506,1.75,-12.06
-2.16506,1.75,-12.08
-2.12823,1.67101,-12.1
-2.09808,1.5,-12.12
-2.12823,1.32899,-12.14
-2.16506,1.25,-12.16
-2.16506,1.25,-12.18
-2.16506,1.25,-12.2
-2.16506,1.25,-12.22
-2.16506,1.25,-12.24
-2.16506,1.25,-12.26
-2.16506,1.25,-12.28
-2.16506,1.25,-12.3
-2.16506,1.25,-12.32
-2.16506,1.25,-12.34
-2.16506,1.25,-12.36
-2.16506,1.25,-12.38
-2.16506,1.25,-12.4
-2.16506,1.25,-12.42
-2.16506,1.25,-12.44
-2.27668,1.11698,-12.46
-2.42707,1.03015,-12.48
-2.59808,1,-12.5
-2.59808,1,-12.52
-2.59808,1,-12.54
-2.59808,1,-12.56
-2.59808,1,-12.58
-2.76909,1.03015,-12.6
-2.91947,1.11698,-12.62
-3.03109,1.25,-12.64
-3.06792,1.32899,-12.66
-3.09808,1.5,-12.68
-3.06792,1.67101,-12.7
-3.03109,1.75,-12.72
-2.91947,1.88302,-12.74
-2.76909,1.96985,-12.76
-2.59808,2,-12.78
-2.59808,2,-12.8
-2.59808,2,-12.82
-2.59808,2,-12.84
-2.59808,2,-12.86
-2.59808,2,-12.88
-2.59808,2,-12.9
-2.59808,2,-12.92
-2.6849,1.9924,-12.94
-2.84808,1.93301,-12.96
-2.9811,1.82139,-12.98
-3.03109,1.75,-13
-3.09048,1.58682,-13.02
-3.09048,1.41318,-13.04
-3.03109,1.25,-13.06
-2.9811,1.17861,-13.08
-2.84808,1.06699,-13.1
-2.6849,1.0076,-13.12
-2.59808,1,-13.14
-2.42707,1.03015,-13.16
-2.27668,1.11698,-13.18
-2.16506,1.25,-13.2
-2.16506,1.25,-13.22
-2.16506,1.25,-13.24
-2.16506,1.25,-13.26
-2.16506,1.25,-13.28
-2.22445,1.08682,-13.3
-2.22445,0.913176,-13.32
-2.16506,0.75,-13.34
-2.16506,0.75,-13.36
-2.16506,0.75,-13.38
-2.16506,0.75,-13.4
-2.16506,0.75,-13.42
-2.16506,0.75,-13.44
-2.16506,0.75,-13.46
-2.16506,0.75,-13.48
-2.16506,0.75,-13.5
-2.16506,0.75,-13.52
-2.16506,0.75,-13.54
-2.16506,0.75,-13.56
-2.05344,0.616978,-13.58
-1.90306,0.530154,-13.6
-1.73205,0.5,-13.62
-1.73205,0.5,-13.64
-1.73205,0.5,-13.66
-1.73205,0.5,-13.68
-1.73205,0.5,-13.7
-1.73205,0.5,-13.72
-1.73205,0.5,-13.74
-1.73205,0.5,-13.76
-1.73205,0.5,-13.78
-1.73205,0.5,-13.8
-1.73205,0.5,-13.82
-1.73205,0.5,-13.84
-1.73205,0.5,-13.86
-1.73205,0.5,-13.88
-1.73205,0.5,-13.9
-1.73205,0.5,-13.92
-1.73205,0.5,-13.94
-1.73205,0.5,-13.96
-1.73205,0.5,-13.98
-1.73205,0.5,-14
-1.73205,0.5,-14.02
-1.73205,0.5,-14.04
-1.64523,0.507596,-14.06
-1.48205,0.566987,-14.08
-1.34903,0.678606,-14.1
-1.29904,0.75,-14.12
-1.29904,0.75,-14.14
-1.29904,0.75,-14.16
-1.29904,0.75,-14.18
-1.29904,0.75,-14.2
-1.29904,0.75,-14.22
-1.29904,0.75,-14.24
-1.29904,0.75,-14.26
-1.29904,0.75,-14.28
-1.29904,0.75,-14.3
-1.29904,0.75,-14.32
-1.2622,0.82899,-14.34
-1.23205,1,-14.36
-1.2622,1.17101,-14.38
-1.29904,1.25,-14.4
-1.29904,1.25,-14.42
-1.29904,1.25,-14.44
-1.29904,1.25,-14.46
-1.29904,1.25,-14.48
-1.29904,1.25,-14.5
-1.29904,1.25,-14.52
-1.29904,1.25,-14.54
-1.29904,1.25,-14.56
-1.29904,1.25,-14.58
-1.29904,1.25,-14.6
-1.29904,1.25,-14.62
-1.29904,1.25,-14.64
-1.29904,1.25,-14.66
-1.29904,1.25,-14.68
-1.29904,1.25,-14.7
-1.29904,1.25,-14.72
-1.29904,1.25,-14.74
-1.29904,1.25,-14.76
-1.29904,1.25,-14.78
-1.29904,1.25,-14.8
-1.29904,1.25,-14.82
-1.41066,1.38302,-14.84
-1.56104,1.46985,-14.86
-1.73205,1.5,-14.88
-1.73205,1.5,-14.9
-1.73205,1.5,-14.92
-1.73205,1.5,-14.94
-1.73205,1.5,-14.96
-1.73205,1.5,-14.98
