-1.29904,-0.75,14.98
-1.29904,-0.75,14.96
-1.29904,-0.75,14.94
-1.34903,-0.678606,14.92
-1.48205,-0.566987,14.9
-1.64523,-0.507596,14.88
-1.73205,-0.5,14.86
-1.73205,-0.5,14.84
-1.73205,-0.5,14.82
-1.73205,-0.5,14.8
-1.73205,-0.5,14.78
-1.73205,-0.5,14.76
-1.73205,-0.5,14.74
-1.73205,-0.5,14.72
-1.73205,-0.5,14.7
-1.73205,-0.5,14.68
-1.73205,-0.5,14.66
-1.73205,-0.5,14.64
-1.73205,-0.5,14.62
-1.73205,-0.5,14.6
-1.73205,-0.5,14.58
-1.73205,-0.5,14.56
-1.73205,-0.5,14.54
-1.73205,-0.5,14.52
-1.73205,-0.5,14.5
-1.73205,-0.5,14.48
-1.73205,-0.5,14.46
-1.73205,-0.5,14.44
-1.90306,-0.530154,14.42
-2.05344,-0.616978,14.4
-2.16506,-0.75,14.38
-2.16506,-0.75,14.36
-2.16506,-0.75,14.34
-2.16506,-0.75,14.32
-2.16506,-0.75,14.3
-2.16506,-0.75,14.28
-2.16506,-0.75,14.26
-2.16506,-0.75,14.24
-2.16506,-0.75,14.22
-2.16506,-0.75,14.2
-2.16506,-0.75,14.18
-2.16506,-0.75,14.16
-2.22445,-0.913176,14.14
-2.22445,-1.08682,14.12
-2.16506,-1.25,14.1
-2.16506,-1.25,14.08
-2.16506,-1.25,14.06
-2.16506,-1.25,14.04
-2.16506,-1.25,14.02
-2.27668,-1.11698,14
-2.42707,-1.03015,13.98
-2.59808,-1,13.96
-2.6849,-1.0076,13.94
-2.84808,-1.06699,13.92
-2.9811,-1.17861,13.9
-3.03109,-1.25,13.88
-3.09048,-1.41318,13.86
-3.09048,-1.58682,13.84
-3.03109,-1.75,13.82
-2.9811,-1.82139,13.8
-2.84808,-1.93301,13.78
-2.6849,-1.9924,13.76
-2.59808,-2,13.74
-2.59808,-2,13.72
-2.59808,-2,13.7
-2.59808,-2,13.68
-2.59808,-2,13.66
-2.59808,-2,13.64
-2.59808,-2,13.62
-2.59808,-2,13.6
-2.76909,-1.96985,13.58
-2.91947,-1.88302,13.56
-3.03109,-1.75,13.54
-3.06792,-1.67101,13.52
-3.09808,-1.5,13.5
-3.06792,-1.32899,13.48
-3.03109,-1.25,13.46
-2.91947,-1.11698,13.44
-2.76909,-1.03015,13.42
-2.59808,-1,13.4
-2.59808,-1,13.38
-2.59808,-1,13.36
-2.59808,-1,13.34
-2.59808,-1,13.32
-2.42707,-1.03015,13.3
-2.27668,-1.11698,13.28
-2.16506,-1.25,13.26
-2.16506,-1.25,13.24
-2.16506,-1.25,13.22
-2.16506,-1.25,13.2
-2.16506,-1.25,13.18
-2.16506,-1.25,13.16
-2.16506,-1.25,13.14
-2.16506,-1.25,13.12
-2.16506,-1.25,13.1
-2.16506,-1.25,13.08
-2.16506,-1.25,13.06
-2.16506,-1.25,13.04
-2.16506,-1.25,13.02
-2.16506,-1.25,13
-2.16506,-1.25,12.98
-2.12823,-1.32899,12.96
-2.09808,-1.5,12.94
-2.12823,-1.67101,12.92
-2.16506,-1.75,12.9
-2.16506,-1.75,12.88
-2.16506,-1.75,12.86
-2.16506,-1.75,12.84
-2.21505,-1.82139,12.82
-2.34808,-1.93301,12.8
-2.51125,-1.9924,12.78
-2.59808,-2,12.76
-2.76909,-1.96985,12.74
-2.91947,-1.88302,12.72
-3.03109,-1.75,12.7
-3.06792,-1.67101,12.68
-3.09808,-1.5,12.66
-3.06792,-1.32899,12.64
-3.03109,-1.25,12.62
-3.03109,-1.25,12.6
-3.03109,-1.25,12.58
-3.03109,-1.25,12.56
-3.03109,-1.25,12.54
-3.03109,-1.25,12.52
-3.03109,-1.25,12.5
-3.03109,-1.25,12.48
-3.09048,-1.41318,12.46
-3.09048,-1.58682,12.44
-3.03109,-1.75,12.42
-2.9811,-1.82139,12.4
-2.84808,-1.93301,12.38
-2.6849,-1.9924,12.36
-2.59808,-2,12.34
-2.42707,-1.96985,12.32
-2.27668,-1.88302,12.3
-2.16506,-1.75,12.28
-2.12823,-1.67101,12.26
-2.09808,-1.5,12.24
-2.12823,-1.32899,12.22
-2.16506,-1.25,12.2
-2.16506,-1.25,12.18
-2.16506,-1.25,12.16
-2.16506,-1.25,12.14
-2.11507,-1.32139,12.12
-1.98205,-1.43301,12.1
-1.81887,-1.4924,12.08
-1.73205,-1.5,12.06
-1.73205,-1.5,12.04
-1.73205,-1.5,12.02
-1.73205,-1.5,12
-1.73205,-1.5,11.98
-1.73205,-1.5,11.96
-1.73205,-1.5,11.94
-1.73205,-1.5,11.92
-1.73205,-1.5,11.9
-1.73205,-1.5,11.88
-1.73205,-1.5,11.86
-1.64523,-1.4924,11.84
-1.48205,-1.43301,11.82
-1.34903,-1.32139,11.8
-1.29904,-1.25,11.78
-1.29904,-1.25,11.76
-1.29904,-1.25,11.74
-1.29904,-1.25,11.72
-1.29904,-1.25,11.7
-1.29904,-1.25,11.68
-1.29904,-1.25,11.66
-1.29904,-1.25,11.64
-1.29904,-1.25,11.62
-1.29904,-1.25,11.6
-1.29904,-1.25,11.58
-1.29904,-1.25,11.56
-1.29904,-1.25,11.54
-1.29904,-1.25,11.52
-1.29904,-1.25,11.5
-1.29904,-1.25,11.48
-1.29904,-1.25,11.46
-1.29904,-1.25,11.44
-1.29904,-1.25,11.42
-1.29904,-1.25,11.4
-1.29904,-1.25,11.38
-1.29904,-1.25,11.36
-1.23965,-1.08682,11.34
-1.23965,-0.913176,11.32
-1.29904,-0.75,11.3
-1.29904,-0.75,11.28
-1.29904,-0.75,11.26
-1.29904,-0.75,11.24
-1.29904,-0.75,11.22
-1.29904,-0.75,11.2
-1.29904,-0.75,11.18
-1.29904,-0.75,11.16
-1.29904,-0.75,11.14
-1.29904,-0.75,11.12
-1.29904,-0.75,11.1
-1.29904,-0.75,11.08
-1.41066,-0.616978,11.06
-1.56104,-0.530154,11.04
-1.73205,-0.5,11.02
-1.73205,-0.5,11
-1.73205,-0.5,10.98
-1.73205,-0.5,10.96
-1.73205,-0.5,10.94
-1.73205,-0.5,10.92
-1.73205,-0.5,10.9
-1.73205,-0.5,10.88
-1.73205,-0.5,10.86
-1.73205,-0.5,10.84
-1.73205,-0.5,10.82
-1.73205,-0.5,10.8
-1.73205,-0.5,10.78
-1.73205,-0.5,10.76
-1.73205,-0.5,10.74
-1.73205,-0.5,10.72
-1.73205,-0.5,10.7
-1.73205,-0.5,10.68
-1.73205,-0.5,10.66
-1.73205,-0.5,10.64
-1.73205,-0.5,10.62
-1.73205,-0.5,10.6
-1.81887,-0.507596,10.58
-1.98205,-0.566987,10.56
-2.11507,-0.678606,10.54
-2.16506,-0.75,10.52
-2.16506,-0.75,10.5
-2.16506,-0.75,10.48
-2.16506,-0.75,10.46
-2.16506,-0.75,10.44
-2.16506,-0.75,10.42
-2.16506,-0.75,10.4
-2.16506,-0.75,10.38
-2.16506,-0.75,10.36
-2.16506,-0.75,10.34
-2.16506,-0.75,10.32
-2.2019,-0.82899,10.3
-2.23205,-1,10.28
-2.2019,-1.17101,10.26
-2.16506,-1.25,10.24
-2.10567,-1.41318,10.22
-2.10567,-1.58682,10.2
-2.16506,-1.75,10.18
-2.2019,-1.82899,10.16
-2.23205,-2,10.14
-2.2019,-2.17101,10.12
-2.16506,-2.25,10.1
-2.05344,-2.38302,10.08
-1.90306,-2.46985,10.06
-1.73205,-2.5,10.04
-1.64523,-2.4924,10.02
-1.48205,-2.43301,10
-1.34903,-2.32139,9.98
-1.29904,-2.25,9.96
-1.23965,-2.08682,9.94
-1.23965,-1.91318,9.92
-1.29904,-1.75,9.9
-1.29904,-1.75,9.88
-1.29904,-1.75,9.86
-1.29904,-1.75,9.84
-1.29904,-1.75,9.82
-1.29904,-1.75,9.8
-1.29904,-1.75,9.78
-1.29904,-1.75,9.76
-1.33587,-1.67101,9.74
-1.36603,-1.5,9.72
-1.33587,-1.32899,9.7
-1.29904,-1.25,9.68
-1.18742,-1.11698,9.66
-1.03704,-1.03015,9.64
-0.866025,-1,9.62
-0.779201,-1.0076,9.6
-0.616025,-1.06699,9.58
-0.483003,-1.17861,9.56
-0.433013,-1.25,9.54
-0.433013,-1.25,9.52
-0.433013,-1.25,9.5
-0.433013,-1.25,9.48
-0.433013,-1.25,9.46
-0.433013,-1.25,9.44
-0.433013,-1.25,9.42
-0.433013,-1.25,9.4
-0.433013,-1.25,9.38
-0.433013,-1.25,9.36
-0.433013,-1.25,9.34
-0.433013,-1.25,9.32
-0.433013,-1.25,9.3
-0.433013,-1.25,9.28
-0.433013,-1.25,9.26
-0.433013,-1.25,9.24
-0.433013,-1.25,9.22
-0.433013,-1.25,9.2
-0.433013,-1.25,9.18
-0.433013,-1.25,9.16
-0.433013,-1.25,9.14
-0.433013,-1.25,9.12
-0.433013,-1.25,9.1
-0.433013,-1.25,9.08
-0.433013,-1.25,9.06
-0.433013,-1.25,9.04
-0.433013,-1.25,9.02
-0.433013,-1.25,9
-0.433013,-1.25,8.98
-0.373622,-1.41318,8.96
-0.373622,-1.58682,8.94
-0.433013,-1.75,8.92
-0.483003,-1.82139,8.9
-0.616025,-1.93301,8.88
-0.779201,-1.9924,8.86
-0.866025,-2,8.84
-1.03704,-1.96985,8.82
-1.18742,-1.88302,8.8
-1.29904,-1.75,8.78
-1.29904,-1.75,8.76
-1.29904,-1.75,8.74
-1.29904,-1.75,8.72
-1.29904,-1.75,8.7
-1.29904,-1.75,8.68
-1.29904,-1.75,8.66
-1.29904,-1.75,8.64
-1.34903,-1.67861,8.62
-1.48205,-1.56699,8.6
-1.64523,-1.5076,8.58
-1.73205,-1.5,8.56
-1.90306,-1.53015,8.54
-2.05344,-1.61698,8.52
-2.16506,-1.75,8.5
-2.2019,-1.82899,8.48
-2.23205,-2,8.46
-2.2019,-2.17101,8.44
-2.16506,-2.25,8.42
-2.05344,-2.38302,8.4
-1.90306,-2.46985,8.38
-1.73205,-2.5,8.36
-1.73205,-2.5,8.34
-1.73205,-2.5,8.32
-1.73205,-2.5,8.3
-1.73205,-2.5,8.28
-1.73205,-2.5,8.26
-1.73205,-2.5,8.24
-1.73205,-2.5,8.22
-1.73205,-2.5,8.2
-1.73205,-2.5,8.18
-1.73205,-2.5,8.16
-1.73205,-2.5,8.14
-1.73205,-2.5,8.12
-1.73205,-2.5,8.1
-1.73205,-2.5,8.08
-1.73205,-2.5,8.06
-1.73205,-2.5,8.04
-1.73205,-2.5,8.02
-1.73205,-2.5,8
-1.73205,-2.5,7.98
-1.73205,-2.5,7.96
-1.73205,-2.5,7.94
-1.81887,-2.4924,7.92
-1.98205,-2.43301,7.9
-2.11507,-2.32139,7.88
-2.16506,-2.25,7.86
-2.16506,-2.25,7.84
-2.16506,-2.25,7.82
-2.16506,-2.25,7.8
-2.16506,-2.25,7.78
-2.16506,-2.25,7.76
-2.16506,-2.25,7.74
-2.16506,-2.25,7.72
-2.16506,-2.25,7.7
-2.16506,-2.25,7.68
-2.16506,-2.25,7.66
-2.16506,-2.25,7.64
-2.16506,-2.25,7.62
-2.16506,-2.25,7.6
-2.16506,-2.25,7.58
-2.22445,-2.08682,7.56
-2.22445,-1.91318,7.54
-2.16506,-1.75,7.52
-2.16506,-1.75,7.5
-2.16506,-1.75,7.48
-2.16506,-1.75,7.46
-2.16506,-1.75,7.44
-2.27668,-1.88302,7.42
-2.42707,-1.96985,7.4
-2.59808,-2,7.38
-2.6849,-1.9924,7.36
-2.84808,-1.93301,7.34
-2.9811,-1.82139,7.32
-3.03109,-1.75,7.3
-3.09048,-1.58682,7.28
-3.09048,-1.41318,7.26
-3.03109,-1.25,7.24
-3.03109,-1.25,7.22
-3.03109,-1.25,7.2
-3.03109,-1.25,7.18
-3.03109,-1.25,7.16
-2.91947,-1.11698,7.14
-2.76909,-1.03015,7.12
-2.59808,-1,7.1
-2.51125,-0.992404,7.08
-2.34808,-0.933013,7.06
-2.21505,-0.821394,7.04
-2.16506,-0.75,7.02
-2.10567,-0.586824,7
-2.10567,-0.413176,6.98
-2.16506,-0.25,6.96
-2.21505,-0.178606,6.94
-2.34808,-0.0669873,6.92
-2.51125,-0.00759612,6.9
-2.59808,1.71663e-12,6.88
-2.76909,-0.0301537,6.86
-2.91947,-0.116978,6.84
-3.03109,-0.25,6.82
-3.03109,-0.25,6.8
-3.03109,-0.25,6.78
-3.03109,-0.25,6.76
-3.03109,-0.25,6.74
-3.03109,-0.25,6.72
-3.03109,-0.25,6.7
-3.03109,-0.25,6.68
-3.03109,-0.25,6.66
-3.03109,-0.25,6.64
-3.03109,-0.25,6.62
-3.03109,-0.25,6.6
-3.03109,-0.25,6.58
-3.03109,-0.25,6.56
-3.03109,-0.25,6.54
-3.03109,-0.25,6.52
-3.03109,-0.25,6.5
-3.03109,-0.25,6.48
-3.03109,-0.25,6.46
-3.03109,-0.25,6.44
-3.03109,-0.25,6.42
-3.03109,-0.25,6.4
-2.9811,-0.178606,6.38
-2.84808,-0.0669873,6.36
-2.6849,-0.00759612,6.34
-2.59808,1.71663e-12,6.32
-2.42707,0.0301537,6.3
-2.27668,0.116978,6.28
-2.16506,0.25,6.26
-2.12823,0.32899,6.24
-2.09808,0.5,6.22
-2.12823,0.67101,6.2
-2.16506,0.75,6.18
-2.27668,0.883022,6.16
-2.42707,0.969846,6.14
-2.59808,1,6.12
-2.6849,0.992404,6.1
-2.84808,0.933013,6.08
-2.9811,0.821394,6.06
-3.03109,0.75,6.04
-3.03109,0.75,6.02
-3.03109,0.75,6
-3.03109,0.75,5.98
-3.03109,0.75,5.96
-3.03109,0.75,5.94
-3.03109,0.75,5.92
-3.03109,0.75,5.9
-3.03109,0.75,5.88
-3.03109,0.75,5.86
-3.03109,0.75,5.84
-3.03109,0.75,5.82
-3.03109,0.75,5.8
-3.03109,0.75,5.78
-3.03109,0.75,5.76
-3.03109,0.75,5.74
-3.03109,0.75,5.72
-3.03109,0.75,5.7
-3.03109,0.75,5.68
-3.03109,0.75,5.66
-3.03109,0.75,5.64
-3.03109,0.75,5.62
-2.91947,0.883022,5.6
-2.76909,0.969846,5.58
-2.59808,1,5.56
-2.51125,1.0076,5.54
-2.34808,1.06699,5.52
-2.21505,1.17861,5.5
-2.16506,1.25,5.48
-2.10567,1.41318,5.46
-2.10567,1.58682,5.44
-2.16506,1.75,5.42
-2.21505,1.82139,5.4
-2.34808,1.93301,5.38
-2.51125,1.9924,5.36
-2.59808,2,5.34
-2.76909,1.96985,5.32
-2.91947,1.88302,5.3
-3.03109,1.75,5.28
-3.03109,1.75,5.26
-3.03109,1.75,5.24
-3.03109,1.75,5.22
-3.03109,1.75,5.2
-3.03109,1.75,5.18
-3.03109,1.75,5.16
-3.03109,1.75,5.14
-2.9811,1.82139,5.12
-2.84808,1.93301,5.1
-2.6849,1.9924,5.08
-2.59808,2,5.06
-2.42707,1.96985,5.04
-2.27668,1.88302,5.02
-2.16506,1.75,5
-2.12823,1.67101,4.98
-2.09808,1.5,4.96
-2.12823,1.32899,4.94
-2.16506,1.25,4.92
-2.22445,1.08682,4.9
-2.22445,0.913176,4.88
-2.16506,0.75,4.86
-2.16506,0.75,4.84
-2.16506,0.75,4.82
-2.16506,0.75,4.8
-2.16506,0.75,4.78
-2.27668,0.883022,4.76
-2.42707,0.969846,4.74
-2.59808,1,4.72
-2.6849,0.992404,4.7
-2.84808,0.933013,4.68
-2.9811,0.821394,4.66
-3.03109,0.75,4.64
-3.09048,0.586824,4.62
-3.09048,0.413176,4.6
-3.03109,0.25,4.58
-2.9811,0.178606,4.56
-2.84808,0.0669873,4.54
-2.6849,0.00759612,4.52
-2.59808,1.71663e-12,4.5
-2.42707,-0.0301537,4.48
-2.27668,-0.116978,4.46
-2.16506,-0.25,4.44
-2.16506,-0.25,4.42
-2.16506,-0.25,4.4
-2.16506,-0.25,4.38
-2.16506,-0.25,4.36
-2.22445,-0.0868241,4.34
-2.22445,0.0868241,4.32
-2.16506,0.25,4.3
-2.11507,0.321394,4.28
-1.98205,0.433013,4.26
-1.81887,0.492404,4.24
-1.73205,0.5,4.22
-1.56104,0.469846,4.2
-1.41066,0.383022,4.18
-1.29904,0.25,4.16
-1.29904,0.25,4.14
-1.29904,0.25,4.12
-1.29904,0.25,4.1
-1.29904,0.25,4.08
-1.29904,0.25,4.06
-1.29904,0.25,4.04
-1.29904,0.25,4.02
-1.29904,0.25,4
-1.29904,0.25,3.98
-1.29904,0.25,3.96
-1.29904,0.25,3.94
-1.29904,0.25,3.92
-1.29904,0.25,3.9
-1.29904,0.25,3.88
-1.29904,0.25,3.86
-1.29904,0.25,3.84
-1.29904,0.25,3.82
-1.29904,0.25,3.8
-1.29904,0.25,3.78
-1.29904,0.25,3.76
-1.29904,0.25,3.74
-1.29904,0.25,3.72
-1.29904,0.25,3.7
-1.29904,0.25,3.68
-1.29904,0.25,3.66
-1.29904,0.25,3.64
-1.29904,0.25,3.62
-1.29904,0.25,3.6
-1.2622,0.17101,3.58
-1.23205,1.14442e-12,3.56
-1.2622,-0.17101,3.54
-1.29904,-0.25,3.52
-1.41066,-0.383022,3.5
-1.56104,-0.469846,3.48
-1.73205,-0.5,3.46
-1.81887,-0.492404,3.44
-1.98205,-0.433013,3.42
-2.11507,-0.321394,3.4
-2.16506,-0.25,3.38
-2.16506,-0.25,3.36
-2.16506,-0.25,3.34
-2.16506,-0.25,3.32
-2.12823,-0.32899,3.3
-2.09808,-0.5,3.28
-2.12823,-0.67101,3.26
-2.16506,-0.75,3.24
-2.16506,-0.75,3.22
-2.16506,-0.75,3.2
-2.16506,-0.75,3.18
-2.16506,-0.75,3.16
-2.16506,-0.75,3.14
-2.16506,-0.75,3.12
-2.16506,-0.75,3.1
-2.16506,-0.75,3.08
-2.16506,-0.75,3.06
-2.16506,-0.75,3.04
-2.16506,-0.75,3.02
-2.16506,-0.75,3
-2.16506,-0.75,2.98
-2.16506,-0.75,2.96
-2.27668,-0.883022,2.94
-2.42707,-0.969846,2.92
-2.59808,-1,2.9
-2.59808,-1,2.88
-2.59808,-1,2.86
-2.59808,-1,2.84
-2.59808,-1,2.82
-2.42707,-1.03015,2.8
-2.27668,-1.11698,2.78
-2.16506,-1.25,2.76
-2.12823,-1.32899,2.74
-2.09808,-1.5,2.72
-2.12823,-1.67101,2.7
-2.16506,-1.75,2.68
-2.27668,-1.88302,2.66
-2.42707,-1.96985,2.64
-2.59808,-2,2.62
-2.59808,-2,2.6
-2.59808,-2,2.58
-2.59808,-2,2.56
-2.59808,-2,2.54
-2.76909,-1.96985,2.52
-2.91947,-1.88302,2.5
-3.03109,-1.75,2.48
-3.03109,-1.75,2.46
-3.03109,-1.75,2.44
-3.03109,-1.75,2.42
-3.03109,-1.75,2.4
-3.03109,-1.75,2.38
-3.03109,-1.75,2.36
-3.03109,-1.75,2.34
-3.03109,-1.75,2.32
-3.03109,-1.75,2.3
-3.03109,-1.75,2.28
-3.03109,-1.75,2.26
-3.03109,-1.75,2.24
-3.03109,-1.75,2.22
-3.03109,-1.75,2.2
-3.06792,-1.67101,2.18
-3.09808,-1.5,2.16
-3.06792,-1.32899,2.14
-3.03109,-1.25,2.12
-3.03109,-1.25,2.1
-3.03109,-1.25,2.08
-3.03109,-1.25,2.06
-2.9811,-1.17861,2.04
-2.84808,-1.06699,2.02
-2.6849,-1.0076,2
-2.59808,-1,1.98
-2.42707,-1.03015,1.96
-2.27668,-1.11698,1.94
-2.16506,-1.25,1.92
-2.12823,-1.32899,1.9
-2.09808,-1.5,1.88
-2.12823,-1.67101,1.86
-2.16506,-1.75,1.84
-2.16506,-1.75,1.82
-2.16506,-1.75,1.8
-2.16506,-1.75,1.78
-2.11507,-1.67861,1.76
-1.98205,-1.56699,1.74
-1.81887,-1.5076,1.72
-1.73205,-1.5,1.7
-1.73205,-1.5,1.68
-1.73205,-1.5,1.66
-1.73205,-1.5,1.64
-1.73205,-1.5,1.62
-1.73205,-1.5,1.6
-1.73205,-1.5,1.58
-1.73205,-1.5,1.56
-1.73205,-1.5,1.54
-1.73205,-1.5,1.52
-1.73205,-1.5,1.5
-1.73205,-1.5,1.48
-1.73205,-1.5,1.46
-1.73205,-1.5,1.44
-1.73205,-1.5,1.42
-1.56104,-1.53015,1.4
-1.41066,-1.61698,1.38
-1.29904,-1.75,1.36
-1.29904,-1.75,1.34
-1.29904,-1.75,1.32
-1.29904,-1.75,1.3
-1.29904,-1.75,1.28
-1.35843,-1.58682,1.26
-1.35843,-1.41318,1.24
-1.29904,-1.25,1.22
-1.24905,-1.17861,1.2
-1.11603,-1.06699,1.18
-0.952849,-1.0076,1.16
-0.866025,-1,1.14
-0.695015,-1.03015,1.12
-0.544632,-1.11698,1.1
-0.433013,-1.25,1.08
-0.433013,-1.25,1.06
-0.433013,-1.25,1.04
-0.433013,-1.25,1.02
-0.433013,-1.25,1
-0.433013,-1.25,0.98
-0.433013,-1.25,0.96
-0.433013,-1.25,0.94
-0.433013,-1.25,0.92
-0.433013,-1.25,0.9
-0.433013,-1.25,0.88
-0.433013,-1.25,0.86
-0.433013,-1.25,0.84
-0.433013,-1.25,0.82
-0.433013,-1.25,0.8
-0.433013,-1.25,0.78
-0.433013,-1.25,0.76
-0.433013,-1.25,0.74
-0.433013,-1.25,0.72
-0.433013,-1.25,0.7
-0.433013,-1.25,0.68
-0.433013,-1.25,0.66
-0.433013,-1.25,0.64
-0.433013,-1.25,0.62
-0.433013,-1.25,0.6
-0.433013,-1.25,0.58
-0.433013,-1.25,0.56
-0.433013,-1.25,0.54
-0.433013,-1.25,0.52
-0.396179,-1.32899,0.5
-0.366025,-1.5,0.48
-0.396179,-1.67101,0.46
-0.433013,-1.75,0.44
-0.544632,-1.88302,0.42
-0.695015,-1.96985,0.4
-0.866025,-2,0.38
-0.952849,-1.9924,0.36
-1.11603,-1.93301,0.34
-1.24905,-1.82139,0.32
-1.29904,-1.75,0.3
-1.29904,-1.75,0.28
-1.29904,-1.75,0.26
-1.29904,-1.75,0.24
-1.2622,-1.82899,0.22
-1.23205,-2,0.2
-1.2622,-2.17101,0.18
-1.29904,-2.25,0.16
-1.35843,-2.41318,0.14
-1.35843,-2.58682,0.12
-1.29904,-2.75,0.1
-1.24905,-2.82139,0.08
-1.11603,-2.93301,0.06
-0.952849,-2.9924,0.04
-0.866025,-3,0.02
-0.695015,-2.96985,-4.12829e-14
-0.544632,-2.88302,-0.02
-0.433013,-2.75,-0.04
-0.396179,-2.67101,-0.06
-0.366025,-2.5,-0.08
-0.396179,-2.32899,-0.1
-0.433013,-2.25,-0.12
-0.433013,-2.25,-0.14
-0.433013,-2.25,-0.16
-0.433013,-2.25,-0.18
-0.383022,-2.32139,-0.2
-0.25,-2.43301,-0.22
-0.0868241,-2.4924,-0.24
-2.97408e-12,-2.5,-0.26
0.17101,-2.53015,-0.28
0.321394,-2.61698,-0.3
0.433013,-2.75,-0.32
0.469846,-2.82899,-0.34
0.5,-3,-0.36
0.469846,-3.17101,-0.38
0.433013,-3.25,-0.4
0.321394,-3.38302,-0.42
0.17101,-3.46985,-0.44
-4.16354e-12,-3.5,-0.46
-4.16354e-12,-3.5,-0.48
-4.16354e-12,-3.5,-0.5
-4.16354e-12,-3.5,-0.52
-4.16354e-12,-3.5,-0.54
-4.16354e-12,-3.5,-0.56
-4.16354e-12,-3.5,-0.58
-4.16354e-12,-3.5,-0.6
0.0868241,-3.4924,-0.62
0.25,-3.43301,-0.64
0.383022,-3.32139,-0.66
0.433013,-3.25,-0.68
0.492404,-3.08682,-0.7
0.492404,-2.91318,-0.72
0.433013,-2.75,-0.74
0.383022,-2.67861,-0.76
0.25,-2.56699,-0.78
0.0868241,-2.5076,-0.8
-3.37005e-12,-2.5,-0.82
-0.17101,-2.53015,-0.84
-0.321394,-2.61698,-0.86
-0.433013,-2.75,-0.88
-0.483003,-2.82139,-0.9
-0.616025,-2.93301,-0.92
-0.779201,-2.9924,-0.94
-0.866025,-3,-0.96
-0.866025,-3,-0.98
-0.866025,-3,-1
-0.866025,-3,-1.02
-0.866025,-3,-1.04
-0.866025,-3,-1.06
-0.866025,-3,-1.08
-0.866025,-3,-1.1
-0.866025,-3,-1.12
-0.866025,-3,-1.14
-0.866025,-3,-1.16
-0.866025,-3,-1.18
-0.866025,-3,-1.2
-0.866025,-3,-1.22
-0.866025,-3,-1.24
-0.866025,-3,-1.26
-0.866025,-3,-1.28
-0.866025,-3,-1.3
-0.866025,-3,-1.32
-0.866025,-3,-1.34
-0.866025,-3,-1.36
-0.866025,-3,-1.38
-0.695015,-2.96985,-1.4
-0.544632,-2.88302,-1.42
-0.433013,-2.75,-1.44
-0.396179,-2.67101,-1.46
-0.366025,-2.5,-1.48
-0.396179,-2.32899,-1.5
-0.433013,-2.25,-1.52
-0.544632,-2.11698,-1.54
-0.695015,-2.03015,-1.56
-0.866025,-2,-1.58
-0.952849,-2.0076,-1.6
-1.11603,-2.06699,-1.62
-1.24905,-2.17861,-1.64
-1.29904,-2.25,-1.66
-1.41066,-2.38302,-1.68
-1.56104,-2.46985,-1.7
-1.73205,-2.5,-1.72
-1.73205,-2.5,-1.74
-1.73205,-2.5,-1.76
-1.73205,-2.5,-1.78
-1.73205,-2.5,-1.8
-1.73205,-2.5,-1.82
-1.73205,-2.5,-1.84
-1.73205,-2.5,-1.86
-1.73205,-2.5,-1.88
-1.73205,-2.5,-1.9
-1.73205,-2.5,-1.92
-1.73205,-2.5,-1.94
-1.73205,-2.5,-1.96
-1.73205,-2.5,-1.98
-1.73205,-2.5,-2
-1.73205,-2.5,-2.02
-1.73205,-2.5,-2.04
-1.73205,-2.5,-2.06
-1.73205,-2.5,-2.08
-1.73205,-2.5,-2.1
-1.73205,-2.5,-2.12
-1.73205,-2.5,-2.14
-1.64523,-2.4924,-2.16
-1.48205,-2.43301,-2.18
-1.34903,-2.32139,-2.2
-1.29904,-2.25,-2.22
-1.23965,-2.08682,-2.24
-1.23965,-1.91318,-2.26
-1.29904,-1.75,-2.28
-1.34903,-1.67861,-2.3
-1.48205,-1.56699,-2.32
-1.64523,-1.5076,-2.34
-1.73205,-1.5,-2.36
-1.90306,-1.53015,-2.38
-2.05344,-1.61698,-2.4
-2.16506,-1.75,-2.42
-2.21505,-1.82139,-2.44
-2.34808,-1.93301,-2.46
-2.51125,-1.9924,-2.48
-2.59808,-2,-2.5
-2.59808,-2,-2.52
-2.59808,-2,-2.54
-2.59808,-2,-2.56
-2.6849,-1.9924,-2.58
-2.84808,-1.93301,-2.6
-2.9811,-1.82139,-2.62
-3.03109,-1.75,-2.64
-3.09048,-1.58682,-2.66
-3.09048,-1.41318,-2.68
-3.03109,-1.25,-2.7
-2.9811,-1.17861,-2.72
-2.84808,-1.06699,-2.74
-2.6849,-1.0076,-2.76
-2.59808,-1,-2.78
-2.59808,-1,-2.8
-2.59808,-1,-2.82
-2.59808,-1,-2.84
-2.6849,-0.992404,-2.86
-2.84808,-0.933013,-2.88
-2.9811,-0.821394,-2.9
-3.03109,-0.75,-2.92
-3.03109,-0.75,-2.94
-3.03109,-0.75,-2.96
-3.03109,-0.75,-2.98
-3.03109,-0.75,-3
-3.03109,-0.75,-3.02
-3.03109,-0.75,-3.04
-3.03109,-0.75,-3.06
-3.03109,-0.75,-3.08
-3.03109,-0.75,-3.1
-3.03109,-0.75,-3.12
-3.03109,-0.75,-3.14
-3.03109,-0.75,-3.16
-3.03109,-0.75,-3.18
-3.03109,-0.75,-3.2
-3.09048,-0.586824,-3.22
-3.09048,-0.413176,-3.24
-3.03109,-0.25,-3.26
-3.03109,-0.25,-3.28
-3.03109,-0.25,-3.3
-3.03109,-0.25,-3.32
-3.03109,-0.25,-3.34
-3.03109,-0.25,-3.36
-3.03109,-0.25,-3.38
-3.03109,-0.25,-3.4
-3.03109,-0.25,-3.42
-3.03109,-0.25,-3.44
-3.03109,-0.25,-3.46
-3.03109,-0.25,-3.48
-3.03109,-0.25,-3.5
-3.03109,-0.25,-3.52
-3.03109,-0.25,-3.54
-3.03109,-0.25,-3.56
-3.03109,-0.25,-3.58
-3.03109,-0.25,-3.6
-3.03109,-0.25,-3.62
-3.03109,-0.25,-3.64
-3.03109,-0.25,-3.66
-3.03109,-0.25,-3.68
-3.06792,-0.32899,-3.7
-3.09808,-0.5,-3.72
-3.06792,-0.67101,-3.74
-3.03109,-0.75,-3.76
-2.91947,-0.883022,-3.78
-2.76909,-0.969846,-3.8
-2.59808,-1,-3.82
-2.51125,-0.992404,-3.84
-2.34808,-0.933013,-3.86
-2.21505,-0.821394,-3.88
-2.16506,-0.75,-3.9
-2.10567,-0.586824,-3.92
-2.10567,-0.413176,-3.94
-2.16506,-0.25,-3.96
-2.16506,-0.25,-3.98
-2.16506,-0.25,-4
-2.16506,-0.25,-4.02
-2.16506,-0.25,-4.04
-2.16506,-0.25,-4.06
-2.16506,-0.25,-4.08
-2.16506,-0.25,-4.1
-2.2019,-0.17101,-4.12
-2.23205,1.54105e-12,-4.14
-2.2019,0.17101,-4.16
-2.16506,0.25,-4.18
-2.05344,0.383022,-4.2
-1.90306,0.469846,-4.22
-1.73205,0.5,-4.24
-1.64523,0.492404,-4.26
-1.48205,0.433013,-4.28
-1.34903,0.321394,-4.3
-1.29904,0.25,-4.32
-1.29904,0.25,-4.34
-1.29904,0.25,-4.36
-1.29904,0.25,-4.38
-1.29904,0.25,-4.4
-1.29904,0.25,-4.42
-1.29904,0.25,-4.44
-1.29904,0.25,-4.46
-1.29904,0.25,-4.48
-1.29904,0.25,-4.5
-1.29904,0.25,-4.52
-1.29904,0.25,-4.54
-1.29904,0.25,-4.56
-1.29904,0.25,-4.58
-1.29904,0.25,-4.6
-1.29904,0.25,-4.62
-1.29904,0.25,-4.64
-1.29904,0.25,-4.66
-1.29904,0.25,-4.68
-1.29904,0.25,-4.7
-1.29904,0.25,-4.72
-1.29904,0.25,-4.74
-1.29904,0.25,-4.76
-1.29904,0.25,-4.78
-1.29904,0.25,-4.8
-1.29904,0.25,-4.82
-1.29904,0.25,-4.84
-1.29904,0.25,-4.86
-1.29904,0.25,-4.88
-1.23965,0.0868241,-4.9
-1.23965,-0.0868241,-4.92
-1.29904,-0.25,-4.94
-1.34903,-0.321394,-4.96
-1.48205,-0.433013,-4.98
-1.64523,-0.492404,-5
-1.73205,-0.5,-5.02
-1.90306,-0.469846,-5.04
-2.05344,-0.383022,-5.06
-2.16506,-0.25,-5.08
-2.16506,-0.25,-5.1
-2.16506,-0.25,-5.12
-2.16506,-0.25,-5.14
-2.16506,-0.25,-5.16
-2.16506,-0.25,-5.18
-2.16506,-0.25,-5.2
-2.16506,-0.25,-5.22
-2.21505,-0.178606,-5.24
-2.34808,-0.0669873,-5.26
-2.51125,-0.00759612,-5.28
-2.59808,1.71663e-12,-5.3
-2.76909,-0.0301537,-5.32
-2.91947,-0.116978,-5.34
-3.03109,-0.25,-5.36
-3.06792,-0.32899,-5.38
-3.09808,-0.5,-5.4
-3.06792,-0.67101,-5.42
-3.03109,-0.75,-5.44
-2.91947,-0.883022,-5.46
-2.76909,-0.969846,-5.48
-2.59808,-1,-5.5
-2.51125,-1.0076,-5.52
-2.34808,-1.06699,-5.54
-2.21505,-1.17861,-5.56
-2.16506,-1.25,-5.58
-2.05344,-1.38302,-5.6
-1.90306,-1.46985,-5.62
-1.73205,-1.5,-5.64
-1.73205,-1.5,-5.66
-1.73205,-1.5,-5.68
-1.73205,-1.5,-5.7
-1.73205,-1.5,-5.72
-1.73205,-1.5,-5.74
-1.73205,-1.5,-5.76
-1.73205,-1.5,-5.78
-1.73205,-1.5,-5.8
-1.73205,-1.5,-5.82
-1.73205,-1.5,-5.84
-1.73205,-1.5,-5.86
-1.56104,-1.46985,-5.88
-1.41066,-1.38302,-5.9
-1.29904,-1.25,-5.92
-1.29904,-1.25,-5.94
-1.29904,-1.25,-5.96
-1.29904,-1.25,-5.98
-1.29904,-1.25,-6
-1.29904,-1.25,-6.02
-1.29904,-1.25,-6.04
-1.29904,-1.25,-6.06
-1.29904,-1.25,-6.08
-1.29904,-1.25,-6.1
-1.29904,-1.25,-6.12
-1.29904,-1.25,-6.14
-1.29904,-1.25,-6.16
-1.29904,-1.25,-6.18
-1.29904,-1.25,-6.2
-1.29904,-1.25,-6.22
-1.29904,-1.25,-6.24
-1.29904,-1.25,-6.26
-1.29904,-1.25,-6.28
-1.29904,-1.25,-6.3
-1.29904,-1.25,-6.32
-1.29904,-1.25,-6.34
-1.2622,-1.17101,-6.36
-1.23205,-1,-6.38
-1.2622,-0.82899,-6.4
-1.29904,-0.75,-6.42
-1.29904,-0.75,-6.44
-1.29904,-0.75,-6.46
-1.29904,-0.75,-6.48
-1.29904,-0.75,-6.5
-1.29904,-0.75,-6.52
-1.29904,-0.75,-6.54
-1.29904,-0.75,-6.56
-1.29904,-0.75,-6.58
-1.29904,-0.75,-6.6
-1.29904,-0.75,-6.62
-1.34903,-0.678606,-6.64
-1.48205,-0.566987,-6.66
-1.64523,-0.507596,-6.68
-1.73205,-0.5,-6.7
-1.73205,-0.5,-6.72
-1.73205,-0.5,-6.74
-1.73205,-0.5,-6.76
-1.73205,-0.5,-6.78
-1.73205,-0.5,-6.8
-1.73205,-0.5,-6.82
-1.73205,-0.5,-6.84
-1.73205,-0.5,-6.86
-1.73205,-0.5,-6.88
-1.73205,-0.5,-6.9
-1.73205,-0.5,-6.92
-1.73205,-0.5,-6.94
-1.73205,-0.5,-6.96
-1.73205,-0.5,-6.98
-1.73205,-0.5,-7
-1.73205,-0.5,-7.02
-1.73205,-0.5,-7.04
-1.73205,-0.5,-7.06
-1.73205,-0.5,-7.08
-1.73205,-0.5,-7.1
-1.73205,-0.5,-7.12
-1.90306,-0.530154,-7.14
-2.05344,-0.616978,-7.16
-2.16506,-0.75,-7.18
-2.16506,-0.75,-7.2
-2.16506,-0.75,-7.22
-2.16506,-0.75,-7.24
-2.16506,-0.75,-7.26
-2.16506,-0.75,-7.28
-2.16506,-0.75,-7.3
-2.16506,-0.75,-7.32
-2.16506,-0.75,-7.34
-2.16506,-0.75,-7.36
-2.16506,-0.75,-7.38
-2.16506,-0.75,-7.4
-2.22445,-0.913176,-7.42
-2.22445,-1.08682,-7.44
-2.16506,-1.25,-7.46
-2.16506,-1.25,-7.48
-2.16506,-1.25,-7.5
-2.16506,-1.25,-7.52
-2.16506,-1.25,-7.54
-2.27668,-1.11698,-7.56
-2.42707,-1.03015,-7.58
-2.59808,-1,-7.6
-2.6849,-1.0076,-7.62
-2.84808,-1.06699,-7.64
-2.9811,-1.17861,-7.66
-3.03109,-1.25,-7.68
-3.09048,-1.41318,-7.7
-3.09048,-1.58682,-7.72
-3.03109,-1.75,-7.74
-2.9811,-1.82139,-7.76
-2.84808,-1.93301,-7.78
-2.6849,-1.9924,-7.8
-2.59808,-2,-7.82
-2.59808,-2,-7.84
-2.59808,-2,-7.86
-2.59808,-2,-7.88
-2.59808,-2,-7.9
-2.59808,-2,-7.92
-2.59808,-2,-7.94
-2.59808,-2,-7.96
-2.76909,-1.96985,-7.98
-2.91947,-1.88302,-8
-3.03109,-1.75,-8.02
-3.06792,-1.67101,-8.04
-3.09808,-1.5,-8.06
-3.06792,-1.32899,-8.08
-3.03109,-1.25,-8.1
-2.91947,-1.11698,-8.12
-2.76909,-1.03015,-8.14
-2.59808,-1,-8.16
-2.59808,-1,-8.18
-2.59808,-1,-8.2
-2.59808,-1,-8.22
-2.59808,-1,-8.24
-2.42707,-1.03015,-8.26
-2.27668,-1.11698,-8.28
-2.16506,-1.25,-8.3
-2.16506,-1.25,-8.32
-2.16506,-1.25,-8.34
-2.16506,-1.25,-8.36
-2.16506,-1.25,-8.38
-2.16506,-1.25,-8.4
-2.16506,-1.25,-8.42
-2.16506,-1.25,-8.44
-2.16506,-1.25,-8.46
-2.16506,-1.25,-8.48
-2.16506,-1.25,-8.5
-2.16506,-1.25,-8.52
-2.16506,-1.25,-8.54
-2.16506,-1.25,-8.56
-2.16506,-1.25,-8.58
-2.12823,-1.32899,-8.6
-2.09808,-1.5,-8.62
-2.12823,-1.67101,-8.64
-2.16506,-1.75,-8.66
-2.16506,-1.75,-8.68
-2.16506,-1.75,-8.7
-2.16506,-1.75,-8.72
-2.21505,-1.82139,-8.74
-2.34808,-1.93301,-8.76
-2.51125,-1.9924,-8.78
-2.59808,-2,-8.8
-2.76909,-1.96985,-8.82
-2.91947,-1.88302,-8.84
-3.03109,-1.75,-8.86
-3.06792,-1.67101,-8.88
-3.09808,-1.5,-8.9
-3.06792,-1.32899,-8.92
-3.03109,-1.25,-8.94
-3.03109,-1.25,-8.96
-3.03109,-1.25,-8.98
-3.03109,-1.25,-9
-3.03109,-1.25,-9.02
-3.03109,-1.25,-9.04
-3.03109,-1.25,-9.06
-3.03109,-1.25,-9.08
-3.09048,-1.41318,-9.1
-3.09048,-1.58682,-9.12
-3.03109,-1.75,-9.14
-2.9811,-1.82139,-9.16
-2.84808,-1.93301,-9.18
-2.6849,-1.9924,-9.2
-2.59808,-2,-9.22
-2.42707,-1.96985,-9.24
-2.27668,-1.88302,-9.26
-2.16506,-1.75,-9.28
-2.12823,-1.67101,-9.3
-2.09808,-1.5,-9.32
-2.12823,-1.32899,-9.34
-2.16506,-1.25,-9.36
-2.16506,-1.25,-9.38
-2.16506,-1.25,-9.4
-2.16506,-1.25,-9.42
-2.11507,-1.32139,-9.44
-1.98205,-1.43301,-9.46
-1.81887,-1.4924,-9.48
-1.73205,-1.5,-9.5
-1.73205,-1.5,-9.52
-1.73205,-1.5,-9.54
-1.73205,-1.5,-9.56
-1.73205,-1.5,-9.58
-1.73205,-1.5,-9.6
-1.73205,-1.5,-9.62
-1.73205,-1.5,-9.64
-1.73205,-1.5,-9.66
-1.73205,-1.5,-9.68
-1.73205,-1.5,-9.7
-1.64523,-1.4924,-9.72
-1.48205,-1.43301,-9.74
-1.34903,-1.32139,-9.76
-1.29904,-1.25,-9.78
-1.29904,-1.25,-9.8
-1.29904,-1.25,-9.82
-1.29904,-1.25,-9.84
-1.29904,-1.25,-9.86
-1.29904,-1.25,-9.88
-1.29904,-1.25,-9.9
-1.29904,-1.25,-9.92
-1.29904,-1.25,-9.94
-1.29904,-1.25,-9.96
-1.29904,-1.25,-9.98
-1.29904,-1.25,-10
-1.29904,-1.25,-10.02
-1.29904,-1.25,-10.04
-1.29904,-1.25,-10.06
-1.29904,-1.25,-10.08
-1.29904,-1.25,-10.1
-1.29904,-1.25,-10.12
-1.29904,-1.25,-10.14
-1.29904,-1.25,-10.16
-1.29904,-1.25,-10.18
-1.29904,-1.25,-10.2
-1.23965,-1.08682,-10.22
-1.23965,-0.913176,-10.24
-1.29904,-0.75,-10.26
-1.29904,-0.75,-10.28
-1.29904,-0.75,-10.3
-1.29904,-0.75,-10.32
-1.29904,-0.75,-10.34
-1.29904,-0.75,-10.36
-1.29904,-0.75,-10.38
-1.29904,-0.75,-10.4
-1.29904,-0.75,-10.42
-1.29904,-0.75,-10.44
-1.29904,-0.75,-10.46
-1.29904,-0.75,-10.48
-1.41066,-0.616978,-10.5
-1.56104,-0.530154,-10.52
-1.73205,-0.5,-10.54
-1.73205,-0.5,-10.56
-1.73205,-0.5,-10.58
-1.73205,-0.5,-10.6
-1.73205,-0.5,-10.62
-1.73205,-0.5,-10.64
-1.73205,-0.5,-10.66
-1.73205,-0.5,-10.68
-1.73205,-0.5,-10.7
-1.73205,-0.5,-10.72
-1.73205,-0.5,-10.74
-1.73205,-0.5,-10.76
-1.73205,-0.5,-10.78
-1.73205,-0.5,-10.8
-1.73205,-0.5,-10.82
-1.73205,-0.5,-10.84
-1.73205,-0.5,-10.86
-1.73205,-0.5,-10.88
-1.73205,-0.5,-10.9
-1.73205,-0.5,-10.92
-1.73205,-0.5,-10.94
-1.73205,-0.5,-10.96
-1.81887,-0.507596,-10.98
-1.98205,-0.566987,-11
-2.11507,-0.678606,-11.02
-2.16506,-0.75,-11.04
-2.16506,-0.75,-11.06
-2.16506,-0.75,-11.08
-2.16506,-0.75,-11.1
-2.16506,-0.75,-11.12
-2.16506,-0.75,-11.14
-2.16506,-0.75,-11.16
-2.16506,-0.75,-11.18
-2.16506,-0.75,-11.2
-2.16506,-0.75,-11.22
-2.16506,-0.75,-11.24
-2.2019,-0.82899,-11.26
-2.23205,-1,-11.28
-2.2019,-1.17101,-11.3
-2.16506,-1.25,-11.32
-2.10567,-1.41318,-11.34
-2.10567,-1.58682,-11.36
-2.16506,-1.75,-11.38
-2.2019,-1.82899,-11.4
-2.23205,-2,-11.42
-2.2019,-2.17101,-11.44
-2.16506,-2.25,-11.46
-2.05344,-2.38302,-11.48
-1.90306,-2.46985,-11.5
-1.73205,-2.5,-11.52
-1.64523,-2.4924,-11.54
-1.48205,-2.43301,-11.56
-1.34903,-2.32139,-11.58
-1.29904,-2.25,-11.6
-1.23965,-2.08682,-11.62
-1.23965,-1.91318,-11.64
-1.29904,-1.75,-11.66
-1.29904,-1.75,-11.68
-1.29904,-1.75,-11.7
-1.29904,-1.75,-11.72
-1.29904,-1.75,-11.74
-1.29904,-1.75,-11.76
-1.29904,-1.75,-11.78
-1.29904,-1.75,-11.8
-1.33587,-1.67101,-11.82
-1.36603,-1.5,-11.84
-1.33587,-1.32899,-11.86
-1.29904,-1.25,-11.88
-1.18742,-1.11698,-11.9
-1.03704,-1.03015,-11.92
-0.866025,-1,-11.94
-0.779201,-1.0076,-11.96
-0.616025,-1.06699,-11.98
-0.483003,-1.17861,-12
-0.433013,-1.25,-12.02
-0.433013,-1.25,-12.04
-0.433013,-1.25,-12.06
-0.433013,-1.25,-12.08
-0.433013,-1.25,-12.1
-0.433013,-1.25,-12.12
-0.433013,-1.25,-12.14
-0.433013,-1.25,-12.16
-0.433013,-1.25,-12.18
-0.433013,-1.25,-12.2
-0.433013,-1.25,-12.22
-0.433013,-1.25,-12.24
-0.433013,-1.25,-12.26
-0.433013,-1.25,-12.28
-0.433013,-1.25,-12.3
-0.433013,-1.25,-12.32
-0.433013,-1.25,-12.34
-0.433013,-1.25,-12.36
-0.433013,-1.25,-12.38
-0.433013,-1.25,-12.4
-0.433013,-1.25,-12.42
-0.433013,-1.25,-12.44
-0.433013,-1.25,-12.46
-0.433013,-1.25,-12.48
-0.433013,-1.25,-12.5
-0.433013,-1.25,-12.52
-0.433013,-1.25,-12.54
-0.433013,-1.25,-12.56
-0.433013,-1.25,-12.58
-0.373622,-1.41318,-12.6
-0.373622,-1.58682,-12.62
-0.433013,-1.75,-12.64
-0.483003,-1.82139,-12.66
-0.616025,-1.93301,-12.68
-0.779201,-1.9924,-12.7
-0.866025,-2,-12.72
-1.03704,-1.96985,-12.74
-1.18742,-1.88302,-12.76
-1.29904,-1.75,-12.78
-1.29904,-1.75,-12.8
-1.29904,-1.75,-12.82
-1.29904,-1.75,-12.84
-1.29904,-1.75,-12.86
-1.29904,-1.75,-12.88
-1.29904,-1.75,-12.9
-1.29904,-1.75,-12.92
-1.34903,-1.67861,-12.94
-1.48205,-1.56699,-12.96
-1.64523,-1.5076,-12.98
-1.73205,-1.5,-13
-1.90306,-1.53015,-13.02
-2.05344,-1.61698,-13.04
-2.16506,-1.75,-13.06
-2.2019,-1.82899,-13.08
-2.23205,-2,-13.1
-2.2019,-2.17101,-13.12
-2.16506,-2.25,-13.14
-2.05344,-2.38302,-13.16
-1.90306,-2.46985,-13.18
-1.73205,-2.5,-13.2
-1.73205,-2.5,-13.22
-1.73205,-2.5,-13.24
-1.73205,-2.5,-13.26
-1.73205,-2.5,-13.28
-1.73205,-2.5,-13.3
-1.73205,-2.5,-13.32
-1.73205,-2.5,-13.34
-1.73205,-2.5,-13.36
-1.73205,-2.5,-13.38
-1.73205,-2.5,-13.4
-1.73205,-2.5,-13.42
-1.73205,-2.5,-13.44
-1.73205,-2.5,-13.46
-1.73205,-2.5,-13.48
-1.73205,-2.5,-13.5
-1.73205,-2.5,-13.52
-1.73205,-2.5,-13.54
-1.73205,-2.5,-13.56
-1.73205,-2.5,-13.58
-1.73205,-2.5,-13.6
-1.73205,-2.5,-13.62
-1.81887,-2.4924,-13.64
-1.98205,-2.43301,-13.66
-2.11507,-2.32139,-13.68
-2.16506,-2.25,-13.7
-2.16506,-2.25,-13.72
-2.16506,-2.25,-13.74
-2.16506,-2.25,-13.76
-2.16506,-2.25,-13.78
-2.16506,-2.25,-13.8
-2.16506,-2.25,-13.82
-2.16506,-2.25,-13.84
-2.16506,-2.25,-13.86
-2.16506,-2.25,-13.88
-2.16506,-2.25,-13.9
-2.16506,-2.25,-13.92
-2.16506,-2.25,-13.94
-2.16506,-2.25,-13.96
-2.16506,-2.25,-13.98
-2.22445,-2.08682,-14
-2.22445,-1.91318,-14.02
-2.16506,-1.75,-14.04
-2.16506,-1.75,-14.06
-2.16506,-1.75,-14.08
-2.16506,-1.75,-14.1
-2.16506,-1.75,-14.12
-2.27668,-1.88302,-14.14
-2.42707,-1.96985,-14.16
-2.59808,-2,-14.18
-2.6849,-1.9924,-14.2
-2.84808,-1.93301,-14.22
-2.9811,-1.82139,-14.24
-3.03109,-1.75,-14.26
-3.09048,-1.58682,-14.28
-3.09048,-1.41318,-14.3
-3.03109,-1.25,-14.32
-3.03109,-1.25,-14.34
-3.03109,-1.25,-14.36
-3.03109,-1.25,-14.38
-3.03109,-1.25,-14.4
-2.91947,-1.11698,-14.42
-2.76909,-1.03015,-14.44
-2.59808,-1,-14.46
-2.51125,-0.992404,-14.48
-2.34808,-0.933013,-14.5
-2.21505,-0.821394,-14.52
-2.16506,-0.75,-14.54
-2.10567,-0.586824,-14.56
-2.10567,-0.413176,-14.58
-2.16506,-0.25,-14.6
-2.21505,-0.178606,-14.62
-2.34808,-0.0669873,-14.64
-2.51125,-0.00759612,-14.66
-2.59808,1.71663e-12,-14.68
-2.76909,-0.0301537,-14.7
-2.91947,-0.116978,-14.72
-3.03109,-0.25,-14.74
-3.03109,-0.25,-14.76
-3.03109,-0.25,-14.78
-3.03109,-0.25,-14.8
-3.03109,-0.25,-14.82
-3.03109,-0.25,-14.84
-3.03109,-0.25,-14.86
-3.03109,-0.25,-14.88
-3.03109,-0.25,-14.9
-3.03109,-0.25,-14.92
-3.03109,-0.25,-14.94
-3.03109,-0.25,-14.96
-3.03109,-0.25,-14.98
