-0.309017,0.951057,14.98
-0.309017,0.951057,14.96
-0.309017,0.951057,14.94
-0.309017,0.951057,14.92
-0.309017,0.951057,14.9
-0.309017,0.951057,14.88
-0.309017,0.951057,14.86
-0.309017,0.951057,14.84
-0.309017,0.951057,14.82
-0.309017,0.951057,14.8
-0.309017,0.951057,14.78
-0.309017,0.951057,14.76
-0.309017,0.951057,14.74
-0.309017,0.951057,14.72
-0.309017,0.951057,14.7
-0.309017,0.951057,14.68
-0.309017,0.951057,14.66
-0.309017,0.951057,14.64
-0.309017,0.951057,14.64
-0.309017,0.951057,14.62
-0.309017,0.951057,14.6
-0.309017,0.951057,14.58
-0.309017,0.951057,14.56
-0.309017,0.951057,14.54
-0.309017,0.951057,14.52
-0.309017,0.951057,14.5
-0.309017,0.951057,14.48
-0.309017,0.951057,14.46
-0.309017,0.951057,14.44
-0.309017,0.951057,14.42
-0.309017,0.951057,14.4
-0.309017,0.951057,14.38
-0.309017,0.951057,14.36
-0.309017,0.951057,14.34
-0.309017,0.951057,14.32
-0.309017,0.951057,14.3
-0.309017,0.951057,14.28
-0.309017,0.951057,14.26
-0.309017,0.951057,14.24
-0.309017,0.951057,14.22
-0.309017,0.951057,14.2
-0.309017,0.951057,14.18
-0.309017,0.951057,14.16
-0.309017,0.951057,14.14
-0.309017,0.951057,14.12
-0.309017,0.951057,14.1
-0.309017,0.951057,14.08
-0.309017,0.951057,14.06
-0.309017,0.951057,14.04
-0.309017,0.951057,14.02
-0.309017,0.951057,14
-0.309017,0.951057,13.98
-0.309017,0.951057,13.96
-0.309017,0.951057,13.94
-0.309017,0.951057,13.92
-0.309017,0.951057,13.9
-0.309017,0.951057,13.88
-0.309017,0.951057,13.86
-0.309017,0.951057,13.84
-0.309017,0.951057,13.82
-0.309017,0.951057,13.8
-0.309017,0.951057,13.78
-0.309017,0.951057,13.76
-0.309017,0.951057,13.74
-0.309017,0.951057,13.72
-0.309017,0.951057,13.7
-0.309017,0.951057,13.68
-0.309017,0.951057,13.66
-0.309017,0.951057,13.64
-0.309017,0.951057,13.62
-0.309017,0.951057,13.6
-0.309017,0.951057,13.58
-0.309017,0.951057,13.56
-0.309017,0.951057,13.54
-0.309017,0.951057,13.52
-0.309017,0.951057,13.5
-0.309017,0.951057,13.48
-0.309017,0.951057,13.46
-0.309017,0.951057,13.44
-0.309017,0.951057,13.42
-0.309017,0.951057,13.4
-0.309017,0.951057,13.38
-0.309017,0.951057,13.36
-0.309017,0.951057,13.34
-0.309017,0.951057,13.32
-0.309017,0.951057,13.3
-0.309017,0.951057,13.28
-0.309017,0.951057,13.26
-0.309017,0.951057,13.24
-0.309017,0.951057,13.22
-0.309017,0.951057,13.2
-0.309017,0.951057,13.18
-0.309017,0.951057,13.16
-0.309017,0.951057,13.14
-0.309017,0.951057,13.12
-0.309017,0.951057,13.1
-0.309017,0.951057,13.08
-0.309017,0.951057,13.06
-0.309017,0.951057,13.04
-0.309017,0.951057,13.02
-0.309017,0.951057,13
-0.309017,0.951057,12.98
-0.309017,0.951057,12.96
-0.309017,0.951057,12.94
-0.309017,0.951057,12.92
-0.309017,0.951057,12.9
-0.309017,0.951057,12.88
-0.309017,0.951057,12.86
-0.309017,0.951057,12.84
-0.309017,0.951057,12.82
-0.309017,0.951057,12.8
-0.309017,0.951057,12.78
-0.309017,0.951057,12.76
-0.309017,0.951057,12.74
-0.309017,0.951057,12.72
-0.309017,0.951057,12.7
-0.309017,0.951057,12.68
-0.309017,0.951057,12.66
-0.309017,0.951057,12.64
-0.309017,0.951057,12.62
-0.309017,0.951057,12.6
-0.309017,0.951057,12.58
-0.309017,0.951057,12.56
-0.309017,0.951057,12.54
-0.309017,0.951057,12.52
-0.309017,0.951057,12.5
-0.309017,0.951057,12.48
-0.309017,0.951057,12.46
-0.309017,0.951057,12.44
-0.309017,0.951057,12.42
-0.309017,0.951057,12.4
-0.309017,0.951057,12.38
-0.309017,0.951057,12.36
-0.309017,0.951057,12.34
-0.309017,0.951057,12.32
-0.309017,0.951057,12.3
-0.309017,0.951057,12.28
-0.309017,0.951057,12.26
-0.309017,0.951057,12.24
-0.309017,0.951057,12.22
-0.309017,0.951057,12.2
-0.309017,0.951057,12.18
-0.309017,0.951057,12.16
-0.309017,0.951057,12.14
-0.309017,0.951057,12.12
-0.309017,0.951057,12.1
-0.309017,0.951057,12.08
-0.309017,0.951057,12.06
-0.309017,0.951057,12.04
-0.309017,0.951057,12.02
-0.309017,0.951057,12
-0.309017,0.951057,11.98
-0.309017,0.951057,11.96
-0.309017,0.951057,11.94
-0.309017,0.951057,11.92
-0.309017,0.951057,11.9
-0.309017,0.951057,11.88
-0.309017,0.951057,11.86
-0.309017,0.951057,11.84
-0.309017,0.951057,11.82
-0.309017,0.951057,11.8
-0.309017,0.951057,11.78
-0.309017,0.951057,11.76
-0.309017,0.951057,11.74
-0.309017,0.951057,11.72
-0.309017,0.951057,11.7
-0.309017,0.951057,11.68
-0.309017,0.951057,11.66
-0.309017,0.951057,11.64
-0.309017,0.951057,11.62
-0.309017,0.951057,11.6
-0.309017,0.951057,11.58
-0.309017,0.951057,11.56
-0.309017,0.951057,11.54
-0.309017,0.951057,11.52
-0.309017,0.951057,11.5
-0.309017,0.951057,11.48
-0.309017,0.951057,11.46
-0.309017,0.951057,11.44
-0.309017,0.951057,11.42
-0.309017,0.951057,11.4
-0.309017,0.951057,11.38
-0.309017,0.951057,11.36
-0.309017,0.951057,11.34
-0.309017,0.951057,11.32
-0.309017,0.951057,11.3
-0.309017,0.951057,11.28
-0.309017,0.951057,11.26
-0.309017,0.951057,11.24
-0.309017,0.951057,11.22
-0.309017,0.951057,11.2
-0.309017,0.951057,11.18
-0.309017,0.951057,11.16
-0.309017,0.951057,11.14
-0.309017,0.951057,11.12
-0.309017,0.951057,11.1
-0.309017,0.951057,11.08
-0.309017,0.951057,11.06
-0.309017,0.951057,11.04
-0.309017,0.951057,11.02
-0.309017,0.951057,11
-0.309017,0.951057,10.98
-0.309017,0.951057,10.96
-0.309017,0.951057,10.94
-0.309017,0.951057,10.92
-0.309017,0.951057,10.9
-0.309017,0.951057,10.88
-0.309017,0.951057,10.86
-0.309017,0.951057,10.84
-0.309017,0.951057,10.82
-0.309017,0.951057,10.8
-0.309017,0.951057,10.78
-0.309017,0.951057,10.76
-0.309017,0.951057,10.74
-0.309017,0.951057,10.72
-0.309017,0.951057,10.7
-0.309017,0.951057,10.68
-0.309017,0.951057,10.66
-0.309017,0.951057,10.64
-0.309017,0.951057,10.62
-0.309017,0.951057,10.6
-0.309017,0.951057,10.58
-0.309017,0.951057,10.56
-0.309017,0.951057,10.54
-0.309017,0.951057,10.52
-0.309017,0.951057,10.5
-0.309017,0.951057,10.48
-0.309017,0.951057,10.46
-0.309017,0.951057,10.44
-0.309017,0.951057,10.42
-0.309017,0.951057,10.4
-0.309017,0.951057,10.38
-0.309017,0.951057,10.36
-0.309017,0.951057,10.34
-0.309017,0.951057,10.32
-0.309017,0.951057,10.3
-0.309017,0.951057,10.28
-0.309017,0.951057,10.26
-0.309017,0.951057,10.24
-0.309017,0.951057,10.22
-0.309017,0.951057,10.2
-0.309017,0.951057,10.18
-0.309017,0.951057,10.16
-0.309017,0.951057,10.14
-0.309017,0.951057,10.12
-0.309017,0.951057,10.1
-0.309017,0.951057,10.08
-0.309017,0.951057,10.06
-0.309017,0.951057,10.04
-0.309017,0.951057,10.02
-0.309017,0.951057,10
-0.309017,0.951057,9.98
-0.309017,0.951057,9.96
-0.309017,0.951057,9.94
-0.309017,0.951057,9.92
-0.309017,0.951057,9.9
-0.309017,0.951057,9.88
-0.309017,0.951057,9.86
-0.309017,0.951057,9.84
-0.309017,0.951057,9.82
-0.309017,0.951057,9.8
-0.309017,0.951057,9.78
-0.309017,0.951057,9.76
-0.309017,0.951057,9.74
-0.309017,0.951057,9.72
-0.309017,0.951057,9.7
-0.309017,0.951057,9.68
-0.309017,0.951057,9.66
-0.309017,0.951057,9.64
-0.309017,0.951057,9.62
-0.309017,0.951057,9.6
-0.309017,0.951057,9.58
-0.309017,0.951057,9.56
-0.309017,0.951057,9.54
-0.309017,0.951057,9.52
-0.309017,0.951057,9.5
-0.309017,0.951057,9.48
-0.309017,0.951057,9.46
-0.309017,0.951057,9.44
-0.309017,0.951057,9.42
-0.309017,0.951057,9.4
-0.309017,0.951057,9.38
-0.309017,0.951057,9.36
-0.309017,0.951057,9.34
-0.309017,0.951057,9.32
-0.309017,0.951057,9.3
-0.309017,0.951057,9.28
-0.309017,0.951057,9.26
-0.309017,0.951057,9.24
-0.309017,0.951057,9.22
-0.309017,0.951057,9.2
-0.309017,0.951057,9.18
-0.309017,0.951057,9.16
-0.309017,0.951057,9.14
-0.309017,0.951057,9.12
-0.309017,0.951057,9.1
-0.309017,0.951057,9.08
-0.309017,0.951057,9.06
-0.309017,0.951057,9.04
-0.309017,0.951057,9.02
-0.309017,0.951057,9
-0.309017,0.951057,8.98
-0.309017,0.951057,8.96
-0.309017,0.951057,8.94
-0.309017,0.951057,8.92
-0.309017,0.951057,8.9
-0.309017,0.951057,8.88
-0.309017,0.951057,8.86
-0.309017,0.951057,8.84
-0.309017,0.951057,8.82
-0.309017,0.951057,8.8
-0.309017,0.951057,8.78
-0.309017,0.951057,8.76
-0.309017,0.951057,8.74
-0.309017,0.951057,8.72
-0.309017,0.951057,8.7
-0.309017,0.951057,8.68
-0.309017,0.951057,8.66
-0.309017,0.951057,8.64
-0.309017,0.951057,8.62
-0.309017,0.951057,8.6
-0.309017,0.951057,8.58
-0.309017,0.951057,8.56
-0.309017,0.951057,8.54
-0.309017,0.951057,8.52
-0.309017,0.951057,8.5
-0.309017,0.951057,8.48
-0.309017,0.951057,8.46
-0.309017,0.951057,8.44
-0.309017,0.951057,8.42
-0.309017,0.951057,8.4
-0.309017,0.951057,8.38
-0.309017,0.951057,8.36
-0.309017,0.951057,8.34
-0.309017,0.951057,8.32
-0.309017,0.951057,8.3
-0.309017,0.951057,8.28
-0.309017,0.951057,8.26
-0.309017,0.951057,8.24
-0.309017,0.951057,8.22
-0.309017,0.951057,8.2
-0.309017,0.951057,8.18
-0.309017,0.951057,8.16
-0.309017,0.951057,8.14
-0.309017,0.951057,8.12
-0.309017,0.951057,8.1
-0.309017,0.951057,8.08
-0.309017,0.951057,8.06
-0.309017,0.951057,8.04
-0.309017,0.951057,8.02
-0.309017,0.951057,8
-0.309017,0.951057,7.98
-0.309017,0.951057,7.96
-0.309017,0.951057,7.94
-0.309017,0.951057,7.92
-0.309017,0.951057,7.9
-0.309017,0.951057,7.88
-0.309017,0.951057,7.86
-0.309017,0.951057,7.84
-0.309017,0.951057,7.82
-0.309017,0.951057,7.8
-0.309017,0.951057,7.78
-0.309017,0.951057,7.76
-0.309017,0.951057,7.74
-0.309017,0.951057,7.72
-0.309017,0.951057,7.7
-0.309017,0.951057,7.68
-0.309017,0.951057,7.66
-0.309017,0.951057,7.64
-0.309017,0.951057,7.62
-0.309017,0.951057,7.6
-0.309017,0.951057,7.58
-0.309017,0.951057,7.56
-0.309017,0.951057,7.54
-0.309017,0.951057,7.52
-0.309017,0.951057,7.5
-0.309017,0.951057,7.48
-0.309017,0.951057,7.46
-0.309017,0.951057,7.44
-0.309017,0.951057,7.42
-0.309017,0.951057,7.4
-0.309017,0.951057,7.38
-0.309017,0.951057,7.36
-0.309017,0.951057,7.34
-0.309017,0.951057,7.32
-0.309017,0.951057,7.3
-0.309017,0.951057,7.28
-0.309017,0.951057,7.26
-0.309017,0.951057,7.24
-0.309017,0.951057,7.22
-0.309017,0.951057,7.2
-0.309017,0.951057,7.18
-0.309017,0.951057,7.16
-0.309017,0.951057,7.14
-0.309017,0.951057,7.12
-0.309017,0.951057,7.1
-0.309017,0.951057,7.08
-0.309017,0.951057,7.06
-0.309017,0.951057,7.04
-0.309017,0.951057,7.02
-0.309017,0.951057,7
-0.309017,0.951057,6.98
-0.309017,0.951057,6.96
-0.309017,0.951057,6.94
-0.309017,0.951057,6.92
-0.309017,0.951057,6.9
-0.309017,0.951057,6.88
-0.309017,0.951057,6.86
-0.309017,0.951057,6.84
-0.309017,0.951057,6.82
-0.309017,0.951057,6.8
-0.309017,0.951057,6.78
-0.309017,0.951057,6.76
-0.309017,0.951057,6.74
-0.309017,0.951057,6.72
-0.309017,0.951057,6.7
-0.309017,0.951057,6.68
-0.309017,0.951057,6.66
-0.309017,0.951057,6.64
-0.309017,0.951057,6.62
-0.309017,0.951057,6.6
-0.309017,0.951057,6.58
-0.309017,0.951057,6.56
-0.309017,0.951057,6.54
-0.309017,0.951057,6.52
-0.309017,0.951057,6.5
-0.309017,0.951057,6.48
-0.309017,0.951057,6.46
-0.309017,0.951057,6.44
-0.309017,0.951057,6.42
-0.309017,0.951057,6.4
-0.309017,0.951057,6.38
-0.309017,0.951057,6.36
-0.309017,0.951057,6.34
-0.309017,0.951057,6.32
-0.309017,0.951057,6.3
-0.309017,0.951057,6.28
-0.309017,0.951057,6.26
-0.309017,0.951057,6.24
-0.309017,0.951057,6.22
-0.309017,0.951057,6.2
-0.309017,0.951057,6.18
-0.309017,0.951057,6.16
-0.309017,0.951057,6.14
-0.309017,0.951057,6.12
-0.309017,0.951057,6.1
-0.309017,0.951057,6.08
-0.309017,0.951057,6.06
-0.309017,0.951057,6.04
-0.309017,0.951057,6.02
-0.309017,0.951057,6
-0.309017,0.951057,5.98
-0.309017,0.951057,5.96
-0.309017,0.951057,5.94
-0.309017,0.951057,5.92
-0.309017,0.951057,5.9
-0.309017,0.951057,5.88
-0.309017,0.951057,5.86
-0.309017,0.951057,5.84
-0.309017,0.951057,5.82
-0.309017,0.951057,5.8
-0.309017,0.951057,5.78
-0.309017,0.951057,5.76
-0.309017,0.951057,5.74
-0.309017,0.951057,5.72
-0.309017,0.951057,5.7
-0.309017,0.951057,5.68
-0.309017,0.951057,5.66
-0.309017,0.951057,5.64
-0.309017,0.951057,5.62
-0.309017,0.951057,5.6
-0.309017,0.951057,5.58
-0.309017,0.951057,5.56
-0.309017,0.951057,5.54
-0.309017,0.951057,5.52
-0.309017,0.951057,5.5
-0.309017,0.951057,5.48
-0.309017,0.951057,5.46
-0.309017,0.951057,5.44
-0.309017,0.951057,5.42
-0.309017,0.951057,5.4
-0.309017,0.951057,5.38
-0.309017,0.951057,5.36
-0.309017,0.951057,5.34
-0.309017,0.951057,5.32
-0.309017,0.951057,5.3
-0.309017,0.951057,5.28
-0.309017,0.951057,5.26
-0.309017,0.951057,5.24
-0.309017,0.951057,5.22
-0.309017,0.951057,5.2
-0.309017,0.951057,5.18
-0.309017,0.951057,5.16
-0.309017,0.951057,5.14
-0.309017,0.951057,5.12
-0.309017,0.951057,5.1
-0.309017,0.951057,5.08
-0.309017,0.951057,5.06
-0.309017,0.951057,5.04
-0.309017,0.951057,5.02
-0.309017,0.951057,5
-0.309017,0.951057,4.98
-0.309017,0.951057,4.96
-0.309017,0.951057,4.94
-0.309017,0.951057,4.92
-0.309017,0.951057,4.9
-0.309017,0.951057,4.88
-0.309017,0.951057,4.86
-0.309017,0.951057,4.84
-0.309017,0.951057,4.82
-0.309017,0.951057,4.8
-0.309017,0.951057,4.78
-0.309017,0.951057,4.76
-0.309017,0.951057,4.74
-0.309017,0.951057,4.72
-0.309017,0.951057,4.7
-0.309017,0.951057,4.68
-0.309017,0.951057,4.66
-0.309017,0.951057,4.64
-0.309017,0.951057,4.62
-0.309017,0.951057,4.6
-0.309017,0.951057,4.58
-0.309017,0.951057,4.56
-0.309017,0.951057,4.54
-0.309017,0.951057,4.52
-0.309017,0.951057,4.5
-0.309017,0.951057,4.48
-0.309017,0.951057,4.46
-0.309017,0.951057,4.44
-0.309017,0.951057,4.42
-0.309017,0.951057,4.4
-0.309017,0.951057,4.38
-0.309017,0.951057,4.36
-0.309017,0.951057,4.34
-0.309017,0.951057,4.32
-0.309017,0.951057,4.3
-0.309017,0.951057,4.28
-0.309017,0.951057,4.26
-0.309017,0.951057,4.24
-0.309017,0.951057,4.22
-0.309017,0.951057,4.2
-0.309017,0.951057,4.18
-0.309017,0.951057,4.16
-0.309017,0.951057,4.14
-0.309017,0.951057,4.12
-0.309017,0.951057,4.1
-0.309017,0.951057,4.08
-0.309017,0.951057,4.06
-0.309017,0.951057,4.04
-0.309017,0.951057,4.02
-0.309017,0.951057,4
-0.309017,0.951057,3.98
-0.309017,0.951057,3.96
-0.309017,0.951057,3.94
-0.309017,0.951057,3.92
-0.309017,0.951057,3.9
-0.309017,0.951057,3.88
-0.309017,0.951057,3.86
-0.309017,0.951057,3.84
-0.309017,0.951057,3.82
-0.309017,0.951057,3.8
-0.309017,0.951057,3.78
-0.309017,0.951057,3.76
-0.309017,0.951057,3.74
-0.309017,0.951057,3.72
-0.309017,0.951057,3.7
-0.309017,0.951057,3.68
-0.309017,0.951057,3.66
-0.309017,0.951057,3.64
-0.309017,0.951057,3.62
-0.309017,0.951057,3.6
-0.309017,0.951057,3.58
-0.309017,0.951057,3.56
-0.309017,0.951057,3.54
-0.309017,0.951057,3.52
-0.309017,0.951057,3.5
-0.309017,0.951057,3.48
-0.309017,0.951057,3.46
-0.309017,0.951057,3.44
-0.309017,0.951057,3.42
-0.309017,0.951057,3.4
-0.309017,0.951057,3.38
-0.309017,0.951057,3.36
-0.309017,0.951057,3.34
-0.309017,0.951057,3.32
-0.309017,0.951057,3.3
-0.309017,0.951057,3.28
-0.309017,0.951057,3.26
-0.309017,0.951057,3.24
-0.309017,0.951057,3.22
-0.309017,0.951057,3.2
-0.309017,0.951057,3.18
-0.309017,0.951057,3.16
-0.309017,0.951057,3.14
-0.309017,0.951057,3.12
-0.309017,0.951057,3.1
-0.309017,0.951057,3.08
-0.309017,0.951057,3.06
-0.309017,0.951057,3.04
-0.309017,0.951057,3.02
-0.309017,0.951057,3
-0.309017,0.951057,2.98
-0.309017,0.951057,2.96
-0.309017,0.951057,2.94
-0.309017,0.951057,2.92
-0.309017,0.951057,2.9
-0.309017,0.951057,2.88
-0.309017,0.951057,2.86
-0.309017,0.951057,2.84
-0.309017,0.951057,2.82
-0.309017,0.951057,2.8
-0.309017,0.951057,2.78
-0.309017,0.951057,2.76
-0.309017,0.951057,2.74
-0.309017,0.951057,2.72
-0.309017,0.951057,2.7
-0.309017,0.951057,2.68
-0.309017,0.951057,2.66
-0.309017,0.951057,2.64
-0.309017,0.951057,2.62
-0.309017,0.951057,2.6
-0.309017,0.951057,2.58
-0.309017,0.951057,2.56
-0.309017,0.951057,2.54
-0.309017,0.951057,2.52
-0.309017,0.951057,2.5
-0.309017,0.951057,2.48
-0.309017,0.951057,2.46
-0.309017,0.951057,2.44
-0.309017,0.951057,2.42
-0.309017,0.951057,2.4
-0.309017,0.951057,2.38
-0.309017,0.951057,2.36
-0.309017,0.951057,2.34
-0.309017,0.951057,2.32
-0.309017,0.951057,2.3
-0.309017,0.951057,2.28
-0.309017,0.951057,2.26
-0.309017,0.951057,2.24
-0.309017,0.951057,2.22
-0.309017,0.951057,2.2
-0.309017,0.951057,2.18
-0.309017,0.951057,2.16
-0.309017,0.951057,2.14
-0.309017,0.951057,2.12
-0.309017,0.951057,2.1
-0.309017,0.951057,2.08
-0.309017,0.951057,2.06
-0.309017,0.951057,2.04
-0.309017,0.951057,2.02
-0.309017,0.951057,2
-0.309017,0.951057,1.98
-0.309017,0.951057,1.96
-0.309017,0.951057,1.94
-0.309017,0.951057,1.92
-0.309017,0.951057,1.9
-0.309017,0.951057,1.88
-0.309017,0.951057,1.86
-0.309017,0.951057,1.84
-0.309017,0.951057,1.82
-0.309017,0.951057,1.8
-0.309017,0.951057,1.78
-0.309017,0.951057,1.76
-0.309017,0.951057,1.74
-0.309017,0.951057,1.72
-0.309017,0.951057,1.7
-0.309017,0.951057,1.68
-0.309017,0.951057,1.66
-0.309017,0.951057,1.64
-0.309017,0.951057,1.62
-0.309017,0.951057,1.6
-0.309017,0.951057,1.58
-0.309017,0.951057,1.56
-0.309017,0.951057,1.54
-0.309017,0.951057,1.52
-0.309017,0.951057,1.5
-0.309017,0.951057,1.48
-0.309017,0.951057,1.46
-0.309017,0.951057,1.44
-0.309017,0.951057,1.42
-0.309017,0.951057,1.4
-0.309017,0.951057,1.38
-0.309017,0.951057,1.36
-0.309017,0.951057,1.34
-0.309017,0.951057,1.32
-0.309017,0.951057,1.3
-0.309017,0.951057,1.28
-0.309017,0.951057,1.26
-0.309017,0.951057,1.24
-0.309017,0.951057,1.22
-0.309017,0.951057,1.2
-0.309017,0.951057,1.18
-0.309017,0.951057,1.16
-0.309017,0.951057,1.14
-0.309017,0.951057,1.12
-0.309017,0.951057,1.1
-0.309017,0.951057,1.08
-0.309017,0.951057,1.06
-0.309017,0.951057,1.04
-0.309017,0.951057,1.02
-0.309017,0.951057,1
-0.309017,0.951057,0.98
-0.309017,0.951057,0.96
-0.309017,0.951057,0.94
-0.309017,0.951057,0.92
-0.309017,0.951057,0.9
-0.309017,0.951057,0.88
-0.309017,0.951057,0.86
-0.309017,0.951057,0.84
-0.309017,0.951057,0.82
-0.309017,0.951057,0.8
-0.309017,0.951057,0.78
-0.309017,0.951057,0.76
-0.309017,0.951057,0.74
-0.309017,0.951057,0.72
-0.309017,0.951057,0.7
-0.309017,0.951057,0.68
-0.309017,0.951057,0.66
-0.309017,0.951057,0.64
-0.309017,0.951057,0.62
-0.309017,0.951057,0.6
-0.309017,0.951057,0.58
-0.309017,0.951057,0.56
-0.309017,0.951057,0.54
-0.309017,0.951057,0.52
-0.309017,0.951057,0.5
-0.309017,0.951057,0.48
-0.309017,0.951057,0.46
-0.309017,0.951057,0.44
-0.309017,0.951057,0.42
-0.309017,0.951057,0.4
-0.309017,0.951057,0.38
-0.309017,0.951057,0.36
-0.309017,0.951057,0.34
-0.309017,0.951057,0.32
-0.309017,0.951057,0.3
-0.309017,0.951057,0.28
-0.309017,0.951057,0.26
-0.309017,0.951057,0.24
-0.309017,0.951057,0.22
-0.309017,0.951057,0.2
-0.309017,0.951057,0.18
-0.309017,0.951057,0.16
-0.309017,0.951057,0.14
-0.309017,0.951057,0.12
-0.309017,0.951057,0.1
-0.309017,0.951057,0.08
-0.309017,0.951057,0.07
-0.309017,0.951057,0.06
-0.309017,0.951057,0.06
-0.309017,0.951057,0.05
-0.309017,0.951057,0.03
-0.309017,0.951057,0.01
-0.309017,0.951057,-0.01
-0.309017,0.951057,-0.03
-0.309017,0.951057,-0.04
-0.309017,0.951057,-0.04
-0.309017,0.951057,-0.06
-0.309017,0.951057,-0.08
-0.309017,0.951057,-0.1
-0.309017,0.951057,-0.12
-0.309017,0.951057,-0.13
-0.309017,0.951057,-0.13
-0.309017,0.951057,-0.15
-0.309017,0.951057,-0.17
-0.309017,0.951057,-0.19
-0.309017,0.951057,-0.21
-0.309017,0.951057,-0.23
-0.309017,0.951057,-0.25
-0.309017,0.951057,-0.26
-0.309017,0.951057,-0.26
-0.309017,0.951057,-0.26
-0.309017,0.951057,-0.26
-0.309017,0.951057,-0.26
-0.309017,0.951057,-0.26
-0.309017,0.951057,-0.26
-0.309017,0.951057,-0.26
-0.309017,0.951057,-0.26
-0.309017,0.951057,-0.26
-0.309017,0.951057,-0.26
-0.309017,0.951057,-0.26
-0.309017,0.951057,-0.26
-0.309017,0.951057,-0.26
-0.309017,0.951057,-0.26
-0.309017,0.951057,-0.26
-0.309017,0.951057,-0.26
-0.309017,0.951057,-0.26
-0.309017,0.951057,-0.26
-0.309017,0.951057,-0.26
-0.309017,0.951057,-0.26
-0.309017,0.951057,-0.26
-0.309017,0.951057,-0.26
-0.309017,0.951057,-0.26
-0.309017,0.951057,-0.26
-0.309017,0.951057,-0.26
-0.309017,0.951057,-0.26
-0.309017,0.951057,-0.26
-0.309017,0.951057,-0.26
-0.309017,0.951057,-0.26
-0.309017,0.951057,-0.26
-0.309017,0.951057,-0.26
-0.309017,0.951057,-0.26
-0.309017,0.951057,-0.26
-0.309017,0.951057,-0.26
-0.309017,0.951057,-0.26
-0.309017,0.951057,-0.26
-0.309017,0.951057,-0.26
-0.309017,0.951057,-0.26
-0.309017,0.951057,-0.26
-0.309017,0.951057,-0.26
-0.309017,0.951057,-0.26
-0.309017,0.951057,-0.26
-0.309017,0.951057,-0.26
-0.309017,0.951057,-0.26
-0.309017,0.951057,-0.26
-0.309017,0.951057,-0.26
-0.309017,0.951057,-0.26
-0.309017,0.951057,-0.26
-0.309017,0.951057,-0.26
-0.309017,0.951057,-0.26
-0.309017,0.951057,-0.26
-0.309017,0.951057,-0.26
-0.309017,0.951057,-0.26
-0.309017,0.951057,-0.26
-0.309017,0.951057,-0.26
-0.309017,0.951057,-0.26
-0.309017,0.951057,-0.26
-0.309017,0.951057,-0.26
-0.309017,0.951057,-0.26
-0.309017,0.951057,-0.26
-0.309017,0.951057,-0.26
-0.309017,0.951057,-0.26
-0.309017,0.951057,-0.26
-0.309017,0.951057,-0.26
-0.309017,0.951057,-0.26
-0.309017,0.951057,-0.26
-0.309017,0.951057,-0.26
-0.309017,0.951057,-0.26
