-1.64523,-1.4924,14.99
-1.48205,-1.43301,14.97
-1.34903,-1.32139,14.95
-1.29904,-1.25,14.93
-1.18742,-1.11698,14.91
-1.03704,-1.03015,14.89
-0.866025,-1,14.87
-0.866025,-1,14.85
-0.866025,-1,14.83
-0.866025,-1,14.81
-0.866025,-1,14.79
-0.866025,-1,14.77
-0.866025,-1,14.75
-0.866025,-1,14.73
-0.866025,-1,14.71
-0.866025,-1,14.69
-0.866025,-1,14.67
-0.866025,-1,14.65
-0.695015,-1.03015,14.63
-0.544632,-1.11698,14.61
-0.433013,-1.25,14.59
-0.433013,-1.25,14.57
-0.433013,-1.25,14.55
-0.433013,-1.25,14.53
-0.433013,-1.25,14.51
-0.433013,-1.25,14.49
-0.433013,-1.25,14.47
-0.433013,-1.25,14.45
-0.433013,-1.25,14.43
-0.433013,-1.25,14.41
-0.433013,-1.25,14.39
-0.433013,-1.25,14.37
-0.373622,-1.41318,14.35
-0.373622,-1.58682,14.33
-0.433013,-1.75,14.31
-0.433013,-1.75,14.29
-0.433013,-1.75,14.27
-0.433013,-1.75,14.25
-0.433013,-1.75,14.23
-0.433013,-1.75,14.21
-0.433013,-1.75,14.19
-0.433013,-1.75,14.17
-0.469846,-1.82899,14.15
-0.5,-2,14.13
-0.469846,-2.17101,14.11
-0.433013,-2.25,14.09
-0.433013,-2.25,14.07
-0.433013,-2.25,14.05
-0.433013,-2.25,14.03
-0.433013,-2.25,14.01
-0.433013,-2.25,13.99
-0.433013,-2.25,13.97
-0.433013,-2.25,13.95
-0.373622,-2.41318,13.93
-0.373622,-2.58682,13.91
-0.433013,-2.75,13.89
-0.433013,-2.75,13.87
-0.433013,-2.75,13.85
-0.433013,-2.75,13.83
-0.433013,-2.75,13.81
-0.433013,-2.75,13.79
-0.433013,-2.75,13.77
-0.433013,-2.75,13.75
-0.469846,-2.82899,13.73
-0.5,-3,13.71
-0.469846,-3.17101,13.69
-0.433013,-3.25,13.67
-0.433013,-3.25,13.65
-0.433013,-3.25,13.63
-0.433013,-3.25,13.61
-0.433013,-3.25,13.59
-0.433013,-3.25,13.57
-0.433013,-3.25,13.55
-0.433013,-3.25,13.53
-0.433013,-3.25,13.51
-0.433013,-3.25,13.49
-0.433013,-3.25,13.47
-0.383022,-3.32139,13.45
-0.25,-3.43301,13.43
-0.0868241,-3.4924,13.41
-4.16354e-12,-3.5,13.39
-4.16354e-12,-3.5,13.37
-4.16354e-12,-3.5,13.35
-4.16354e-12,-3.5,13.33
-4.16354e-12,-3.5,13.31
-4.16354e-12,-3.5,13.29
-4.16354e-12,-3.5,13.27
-4.16354e-12,-3.5,13.25
-4.16354e-12,-3.5,13.23
-4.16354e-12,-3.5,13.21
-4.16354e-12,-3.5,13.19
0.0868241,-3.4924,13.17
0.25,-3.43301,13.15
0.383022,-3.32139,13.13
0.433013,-3.25,13.11
0.433013,-3.25,13.09
0.433013,-3.25,13.07
0.433013,-3.25,13.05
0.433013,-3.25,13.03
0.433013,-3.25,13.01
0.433013,-3.25,12.99
0.433013,-3.25,12.97
0.433013,-3.25,12.95
0.433013,-3.25,12.93
0.433013,-3.25,12.91
0.469846,-3.17101,12.89
0.5,-3,12.87
0.469846,-2.82899,12.85
0.433013,-2.75,12.83
0.373622,-2.58682,12.81
0.373622,-2.41318,12.79
0.433013,-2.25,12.77
0.469846,-2.17101,12.75
0.5,-2,12.73
0.469846,-1.82899,12.71
0.433013,-1.75,12.69
0.373622,-1.58682,12.67
0.373622,-1.41318,12.65
0.433013,-1.25,12.63
0.433013,-1.25,12.61
0.433013,-1.25,12.59
0.433013,-1.25,12.57
0.433013,-1.25,12.55
0.433013,-1.25,12.53
0.433013,-1.25,12.51
0.433013,-1.25,12.49
0.433013,-1.25,12.47
0.433013,-1.25,12.45
0.433013,-1.25,12.43
0.433013,-1.25,12.41
0.544632,-1.11698,12.39
0.695015,-1.03015,12.37
0.866025,-1,12.35
0.866025,-1,12.33
0.866025,-1,12.31
0.866025,-1,12.29
0.866025,-1,12.27
0.866025,-1,12.25
0.866025,-1,12.23
0.866025,-1,12.21
0.866025,-1,12.19
0.866025,-1,12.17
0.866025,-1,12.15
0.866025,-1,12.13
1.03704,-1.03015,12.11
1.18742,-1.11698,12.09
1.29904,-1.25,12.07
1.29904,-1.25,12.05
1.29904,-1.25,12.03
1.29904,-1.25,12.01
1.29904,-1.25,11.99
1.29904,-1.25,11.97
1.29904,-1.25,11.95
1.29904,-1.25,11.93
1.34903,-1.32139,11.91
1.48205,-1.43301,11.89
1.64523,-1.4924,11.87
1.73205,-1.5,11.85
1.73205,-1.5,11.83
1.73205,-1.5,11.81
1.73205,-1.5,11.79
1.64523,-1.5076,11.77
1.48205,-1.56699,11.75
1.34903,-1.67861,11.73
1.29904,-1.75,11.71
1.29904,-1.75,11.69
1.29904,-1.75,11.67
1.29904,-1.75,11.65
1.29904,-1.75,11.63
1.29904,-1.75,11.61
1.29904,-1.75,11.59
1.29904,-1.75,11.57
1.18742,-1.88302,11.55
1.03704,-1.96985,11.53
0.866025,-2,11.51
0.866025,-2,11.49
0.866025,-2,11.47
0.866025,-2,11.45
0.866025,-2,11.43
1.03704,-2.03015,11.41
1.18742,-2.11698,11.39
1.29904,-2.25,11.37
1.29904,-2.25,11.35
1.29904,-2.25,11.33
1.29904,-2.25,11.31
1.29904,-2.25,11.29
1.29904,-2.25,11.27
1.29904,-2.25,11.25
1.29904,-2.25,11.23
1.34903,-2.32139,11.21
1.48205,-2.43301,11.19
1.64523,-2.4924,11.17
1.73205,-2.5,11.15
1.73205,-2.5,11.13
1.73205,-2.5,11.11
1.73205,-2.5,11.09
1.73205,-2.5,11.07
1.73205,-2.5,11.05
1.73205,-2.5,11.03
1.73205,-2.5,11.01
1.73205,-2.5,10.99
1.73205,-2.5,10.97
1.73205,-2.5,10.95
1.81887,-2.4924,10.93
1.98205,-2.43301,10.91
2.11507,-2.32139,10.89
2.16506,-2.25,10.87
2.16506,-2.25,10.85
2.16506,-2.25,10.83
2.16506,-2.25,10.81
2.16506,-2.25,10.8
2.16506,-2.25,10.8
2.16506,-2.25,10.79
2.16506,-2.25,10.78
2.16506,-2.25,10.76
2.16506,-2.25,10.74
2.16506,-2.25,10.72
2.16506,-2.25,10.7
2.16506,-2.25,10.68
2.16506,-2.25,10.66
2.22445,-2.08682,10.64
2.22445,-1.91318,10.62
2.16506,-1.75,10.6
2.12823,-1.67101,10.58
2.09808,-1.5,10.56
2.12823,-1.32899,10.54
2.16506,-1.25,10.52
2.22445,-1.08682,10.5
2.22445,-0.913176,10.48
2.16506,-0.75,10.46
2.16506,-0.75,10.44
2.16506,-0.75,10.42
2.16506,-0.75,10.4
2.16506,-0.75,10.38
2.27668,-0.883022,10.36
2.42707,-0.969846,10.34
2.59808,-1,10.32
2.6849,-1.0076,10.3
2.84808,-1.06699,10.28
2.9811,-1.17861,10.26
3.03109,-1.25,10.24
3.03109,-1.25,10.22
3.03109,-1.25,10.2
3.03109,-1.25,10.18
3.03109,-1.25,10.16
3.03109,-1.25,10.14
3.03109,-1.25,10.12
3.03109,-1.25,10.1
3.03109,-1.25,10.08
3.03109,-1.25,10.06
3.03109,-1.25,10.04
3.06792,-1.32899,10.02
3.09808,-1.5,10
3.06792,-1.67101,9.98
3.03109,-1.75,9.96
3.03109,-1.75,9.94
3.03109,-1.75,9.92
3.03109,-1.75,9.9
3.03109,-1.75,9.88
3.03109,-1.75,9.86
3.03109,-1.75,9.84
3.03109,-1.75,9.82
3.03109,-1.75,9.8
3.03109,-1.75,9.78
3.03109,-1.75,9.76
2.9811,-1.82139,9.74
2.84808,-1.93301,9.72
2.6849,-1.9924,9.7
2.59808,-2,9.68
2.59808,-2,9.66
2.59808,-2,9.64
2.59808,-2,9.62
2.59808,-2,9.6
2.59808,-2,9.58
2.59808,-2,9.56
2.59808,-2,9.54
2.59808,-2,9.52
2.59808,-2,9.5
2.59808,-2,9.48
2.51125,-1.9924,9.46
2.34808,-1.93301,9.44
2.21505,-1.82139,9.42
2.16506,-1.75,9.4
2.16506,-1.75,9.38
2.16506,-1.75,9.36
2.16506,-1.75,9.34
2.16506,-1.75,9.32
2.16506,-1.75,9.3
2.16506,-1.75,9.28
2.16506,-1.75,9.26
2.05344,-1.61698,9.24
1.90306,-1.53015,9.22
1.73205,-1.5,9.2
1.73205,-1.5,9.18
1.73205,-1.5,9.16
1.73205,-1.5,9.14
1.73205,-1.5,9.12
1.90306,-1.46985,9.1
2.05344,-1.38302,9.08
2.16506,-1.25,9.06
2.16506,-1.25,9.04
2.16506,-1.25,9.02
2.16506,-1.25,9
2.16506,-1.25,8.98
2.16506,-1.25,8.96
2.16506,-1.25,8.94
2.16506,-1.25,8.92
2.21505,-1.17861,8.9
2.34808,-1.06699,8.88
2.51125,-1.0076,8.86
2.59808,-1,8.84
2.59808,-1,8.82
2.59808,-1,8.8
2.59808,-1,8.78
2.59808,-1,8.76
2.59808,-1,8.74
2.59808,-1,8.72
2.59808,-1,8.7
2.76909,-0.969846,8.68
2.91947,-0.883022,8.66
3.03109,-0.75,8.64
3.03109,-0.75,8.62
3.03109,-0.75,8.6
3.03109,-0.75,8.58
3.03109,-0.75,8.56
3.03109,-0.75,8.54
3.03109,-0.75,8.52
3.03109,-0.75,8.5
3.03109,-0.75,8.48
3.03109,-0.75,8.46
3.03109,-0.75,8.44
3.03109,-0.75,8.42
3.09048,-0.586824,8.4
3.09048,-0.413176,8.38
3.03109,-0.25,8.36
3.03109,-0.25,8.34
3.03109,-0.25,8.32
3.03109,-0.25,8.3
3.03109,-0.25,8.28
3.03109,-0.25,8.26
3.03109,-0.25,8.24
3.03109,-0.25,8.22
3.03109,-0.25,8.2
3.03109,-0.25,8.18
3.03109,-0.25,8.16
3.03109,-0.25,8.14
2.91947,-0.116978,8.12
2.76909,-0.0301537,8.1
2.59808,-3.77653e-12,8.08
2.51125,0.00759612,8.06
2.34808,0.0669873,8.04
2.21505,0.178606,8.02
2.16506,0.25,8
2.16506,0.25,7.98
2.16506,0.25,7.96
2.16506,0.25,7.94
2.2019,0.17101,7.92
2.23205,-3.31103e-12,7.9
2.2019,-0.17101,7.88
2.16506,-0.25,7.86
2.10567,-0.413176,7.84
2.10567,-0.586824,7.82
2.16506,-0.75,7.8
2.16506,-0.75,7.78
2.16506,-0.75,7.76
2.16506,-0.75,7.74
2.16506,-0.75,7.72
2.05344,-0.616978,7.7
1.90306,-0.530154,7.68
1.73205,-0.5,7.66
1.64523,-0.492404,7.64
1.48205,-0.433013,7.62
1.34903,-0.321394,7.6
1.29904,-0.25,7.58
1.29904,-0.25,7.56
1.29904,-0.25,7.54
1.29904,-0.25,7.52
1.29904,-0.25,7.5
1.29904,-0.25,7.48
1.29904,-0.25,7.46
1.29904,-0.25,7.44
1.29904,-0.25,7.42
1.29904,-0.25,7.4
1.29904,-0.25,7.38
1.2622,-0.17101,7.36
1.23205,-2.12113e-12,7.34
1.2622,0.17101,7.32
1.29904,0.25,7.3
1.29904,0.25,7.28
1.29904,0.25,7.26
1.29904,0.25,7.24
1.29904,0.25,7.22
1.29904,0.25,7.2
1.29904,0.25,7.18
1.29904,0.25,7.16
1.29904,0.25,7.14
1.29904,0.25,7.12
1.29904,0.25,7.1
1.34903,0.321394,7.08
1.48205,0.433013,7.06
1.64523,0.492404,7.04
1.73205,0.5,7.02
1.73205,0.5,7
1.73205,0.5,6.98
1.73205,0.5,6.96
1.73205,0.5,6.94
1.73205,0.5,6.92
1.73205,0.5,6.9
1.73205,0.5,6.88
1.90306,0.530154,6.86
2.05344,0.616978,6.84
2.16506,0.75,6.82
2.16506,0.75,6.8
2.16506,0.75,6.78
2.16506,0.75,6.76
2.16506,0.75,6.74
2.16506,0.75,6.72
2.16506,0.75,6.7
2.16506,0.75,6.68
2.21505,0.821394,6.66
2.34808,0.933013,6.64
2.51125,0.992404,6.62
2.59808,1,6.6
2.59808,1,6.58
2.59808,1,6.56
2.59808,1,6.54
2.59808,1,6.52
2.59808,1,6.5
2.59808,1,6.48
2.59808,1,6.46
2.76909,1.03015,6.44
2.91947,1.11698,6.42
3.03109,1.25,6.4
3.03109,1.25,6.38
3.03109,1.25,6.36
3.03109,1.25,6.34
3.03109,1.25,6.32
3.03109,1.25,6.3
3.03109,1.25,6.28
3.03109,1.25,6.26
3.03109,1.25,6.24
3.03109,1.25,6.22
3.03109,1.25,6.2
3.03109,1.25,6.18
3.09048,1.41318,6.16
3.09048,1.58682,6.14
3.03109,1.75,6.12
3.03109,1.75,6.1
3.03109,1.75,6.08
3.03109,1.75,6.06
3.03109,1.75,6.04
3.03109,1.75,6.02
3.03109,1.75,6
3.03109,1.75,5.98
3.03109,1.75,5.96
3.03109,1.75,5.94
3.03109,1.75,5.92
3.03109,1.75,5.9
2.91947,1.88302,5.88
2.76909,1.96985,5.86
2.59808,2,5.84
2.59808,2,5.82
2.59808,2,5.8
2.59808,2,5.78
2.59808,2,5.76
2.59808,2,5.74
2.59808,2,5.72
2.59808,2,5.7
2.59808,2,5.68
2.59808,2,5.66
2.59808,2,5.64
2.59808,2,5.62
2.42707,1.96985,5.6
2.27668,1.88302,5.58
2.16506,1.75,5.56
2.11507,1.67861,5.54
1.98205,1.56699,5.52
1.81887,1.5076,5.5
1.73205,1.5,5.48
1.56104,1.46985,5.46
1.41066,1.38302,5.44
1.29904,1.25,5.42
1.24905,1.17861,5.4
1.11603,1.06699,5.38
0.952849,1.0076,5.36
0.866025,1,5.34
0.866025,1,5.32
0.866025,1,5.3
0.866025,1,5.28
0.866025,1,5.26
0.866025,1,5.24
0.866025,1,5.22
0.866025,1,5.2
0.866025,1,5.18
0.866025,1,5.16
0.866025,1,5.14
0.779201,1.0076,5.12
0.616025,1.06699,5.1
0.483003,1.17861,5.08
0.433013,1.25,5.06
0.433013,1.25,5.04
0.433013,1.25,5.02
0.433013,1.25,5
0.433013,1.25,4.98
0.433013,1.25,4.96
0.433013,1.25,4.94
0.433013,1.25,4.92
0.433013,1.25,4.9
0.433013,1.25,4.88
0.433013,1.25,4.86
0.396179,1.32899,4.84
0.366025,1.5,4.82
0.396179,1.67101,4.8
0.433013,1.75,4.78
0.433013,1.75,4.76
0.433013,1.75,4.74
0.433013,1.75,4.72
0.433013,1.75,4.7
0.433013,1.75,4.68
0.433013,1.75,4.66
0.433013,1.75,4.64
0.492404,1.91318,4.62
0.492404,2.08682,4.6
0.433013,2.25,4.58
0.433013,2.25,4.56
0.433013,2.25,4.54
0.433013,2.25,4.52
0.433013,2.25,4.5
0.544632,2.11698,4.48
0.695015,2.03015,4.46
0.866025,2,4.44
0.866025,2,4.42
0.866025,2,4.4
0.866025,2,4.38
0.866025,2,4.36
0.866025,2,4.34
0.866025,2,4.32
0.866025,2,4.3
0.952849,1.9924,4.28
1.11603,1.93301,4.26
1.24905,1.82139,4.24
1.29904,1.75,4.22
1.29904,1.75,4.2
1.29904,1.75,4.18
1.29904,1.75,4.16
1.2622,1.82899,4.14
1.23205,2,4.12
1.2622,2.17101,4.1
1.29904,2.25,4.08
1.29904,2.25,4.06
1.29904,2.25,4.04
1.29904,2.25,4.02
1.29904,2.25,4
1.29904,2.25,3.98
1.29904,2.25,3.96
1.29904,2.25,3.94
1.35843,2.41318,3.92
1.35843,2.58682,3.9
1.29904,2.75,3.88
1.29904,2.75,3.86
1.29904,2.75,3.84
1.29904,2.75,3.82
1.29904,2.75,3.8
1.29904,2.75,3.78
1.29904,2.75,3.76
1.29904,2.75,3.74
1.29904,2.75,3.72
1.29904,2.75,3.7
1.29904,2.75,3.68
1.29904,2.75,3.66
1.18742,2.88302,3.64
1.03704,2.96985,3.62
0.866025,3,3.6
0.866025,3,3.58
0.866025,3,3.56
0.866025,3,3.54
0.866025,3,3.52
0.866025,3,3.5
0.866025,3,3.48
0.866025,3,3.46
0.866025,3,3.44
0.866025,3,3.42
0.866025,3,3.4
0.866025,3,3.38
0.695015,2.96985,3.36
0.544632,2.88302,3.34
0.433013,2.75,3.32
0.383022,2.67861,3.3
0.25,2.56699,3.28
0.0868241,2.5076,3.26
5.94727e-13,2.5,3.24
-0.17101,2.46985,3.22
-0.321394,2.38302,3.2
-0.433013,2.25,3.18
-0.433013,2.25,3.16
-0.433013,2.25,3.14
-0.433013,2.25,3.12
-0.433013,2.25,3.1
-0.373622,2.41318,3.08
-0.373622,2.58682,3.06
-0.433013,2.75,3.04
-0.469846,2.82899,3.02
-0.5,3,3
-0.469846,3.17101,2.98
-0.433013,3.25,2.96
-0.433013,3.25,2.94
-0.433013,3.25,2.92
-0.433013,3.25,2.9
-0.433013,3.25,2.88
-0.433013,3.25,2.86
-0.433013,3.25,2.84
-0.433013,3.25,2.82
-0.433013,3.25,2.8
-0.433013,3.25,2.78
-0.433013,3.25,2.76
-0.383022,3.32139,2.74
-0.25,3.43301,2.72
-0.0868241,3.4924,2.7
1.38822e-12,3.5,2.68
1.38822e-12,3.5,2.66
1.38822e-12,3.5,2.64
1.38822e-12,3.5,2.62
1.38822e-12,3.5,2.6
1.38822e-12,3.5,2.58
1.38822e-12,3.5,2.56
1.38822e-12,3.5,2.54
1.38822e-12,3.5,2.52
1.38822e-12,3.5,2.51
1.38822e-12,3.5,2.5
1.38822e-12,3.5,2.5
1.38822e-12,3.5,2.49
1.38822e-12,3.5,2.47
0.17101,3.46985,2.45
0.321394,3.38302,2.43
0.433013,3.25,2.41
0.433013,3.25,2.39
0.433013,3.25,2.37
0.433013,3.25,2.35
0.433013,3.25,2.33
0.433013,3.25,2.32
0.433013,3.25,2.32
0.433013,3.25,2.32
0.433013,3.25,2.31
0.433013,3.25,2.29
0.433013,3.25,2.27
0.433013,3.25,2.25
0.433013,3.25,2.23
0.433013,3.25,2.21
0.433013,3.25,2.19
0.492404,3.08682,2.17
0.492404,2.91318,2.15
0.433013,2.75,2.13
0.433013,2.75,2.11
0.433013,2.75,2.09
0.433013,2.75,2.07
0.433013,2.75,2.05
0.433013,2.75,2.03
0.433013,2.75,2.01
0.433013,2.75,1.99
0.396179,2.67101,1.97
0.366025,2.5,1.95
0.396179,2.32899,1.93
0.433013,2.25,1.91
0.433013,2.25,1.89
0.433013,2.25,1.87
0.433013,2.25,1.85
0.383022,2.32139,1.83
0.25,2.43301,1.81
0.0868241,2.4924,1.79
9.91582e-13,2.5,1.77
9.91582e-13,2.5,1.75
9.91582e-13,2.5,1.73
9.91582e-13,2.5,1.71
9.91582e-13,2.5,1.69
9.91582e-13,2.5,1.67
9.91582e-13,2.5,1.65
9.91582e-13,2.5,1.63
-0.17101,2.53015,1.61
-0.321394,2.61698,1.59
-0.433013,2.75,1.57
-0.433013,2.75,1.55
-0.433013,2.75,1.53
-0.433013,2.75,1.51
-0.433013,2.75,1.49
-0.433013,2.75,1.47
-0.433013,2.75,1.45
-0.433013,2.75,1.43
-0.483003,2.82139,1.41
-0.616025,2.93301,1.39
-0.779201,2.9924,1.37
-0.866025,3,1.35
-0.866025,3,1.33
-0.866025,3,1.31
-0.866025,3,1.29
-0.866025,3,1.27
-0.866025,3,1.25
-0.866025,3,1.23
-0.866025,3,1.21
-0.866025,3,1.19
-0.866025,3,1.17
-0.866025,3,1.15
-0.952849,2.9924,1.13
-1.11603,2.93301,1.11
-1.24905,2.82139,1.09
-1.29904,2.75,1.07
-1.29904,2.75,1.05
-1.29904,2.75,1.03
-1.29904,2.75,1.01
-1.29904,2.75,0.99
-1.29904,2.75,0.97
-1.29904,2.75,0.95
-1.29904,2.75,0.93
-1.29904,2.75,0.91
-1.29904,2.75,0.89
-1.29904,2.75,0.87
-1.33587,2.67101,0.85
-1.36603,2.5,0.83
-1.33587,2.32899,0.81
-1.29904,2.25,0.79
-1.23965,2.08682,0.77
-1.23965,1.91318,0.75
-1.29904,1.75,0.73
-1.29904,1.75,0.71
-1.29904,1.75,0.69
-1.29904,1.75,0.67
-1.29904,1.75,0.65
-1.18742,1.88302,0.63
-1.03704,1.96985,0.61
-0.866025,2,0.59
-0.779201,2.0076,0.57
-0.616025,2.06699,0.55
-0.483003,2.17861,0.53
-0.433013,2.25,0.51
-0.433013,2.25,0.49
-0.433013,2.25,0.47
-0.433013,2.25,0.45
-0.469846,2.17101,0.43
-0.5,2,0.41
-0.469846,1.82899,0.39
-0.433013,1.75,0.37
-0.373622,1.58682,0.35
-0.373622,1.41318,0.33
-0.433013,1.25,0.31
-0.433013,1.25,0.29
-0.433013,1.25,0.27
-0.433013,1.25,0.25
-0.433013,1.25,0.23
-0.433013,1.25,0.21
-0.433013,1.25,0.19
-0.433013,1.25,0.17
-0.433013,1.25,0.15
-0.433013,1.25,0.13
-0.433013,1.25,0.11
-0.433013,1.25,0.09
-0.544632,1.11698,0.07
-0.695015,1.03015,0.05
-0.866025,1,0.03
-0.866025,1,0.01
-0.866025,1,-0.01
-0.866025,1,-0.03
-0.866025,1,-0.05
-0.866025,1,-0.07
-0.866025,1,-0.09
-0.866025,1,-0.11
-0.866025,1,-0.13
-0.866025,1,-0.15
-0.866025,1,-0.17
-0.866025,1,-0.19
-1.03704,1.03015,-0.21
-1.18742,1.11698,-0.23
-1.29904,1.25,-0.25
-1.29904,1.25,-0.27
-1.29904,1.25,-0.29
-1.29904,1.25,-0.31
-1.29904,1.25,-0.33
-1.29904,1.25,-0.35
-1.29904,1.25,-0.37
-1.29904,1.25,-0.39
-1.29904,1.25,-0.41
-1.29904,1.25,-0.43
-1.29904,1.25,-0.45
-1.29904,1.25,-0.47
-1.35843,1.41318,-0.49
-1.35843,1.58682,-0.51
-1.29904,1.75,-0.53
-1.29904,1.75,-0.55
-1.29904,1.75,-0.57
-1.29904,1.75,-0.59
-1.29904,1.75,-0.61
-1.41066,1.61698,-0.63
-1.56104,1.53015,-0.65
-1.73205,1.5,-0.67
-1.73205,1.5,-0.69
-1.73205,1.5,-0.71
-1.73205,1.5,-0.73
-1.73205,1.5,-0.75
-1.73205,1.5,-0.77
-1.73205,1.5,-0.79
-1.73205,1.5,-0.81
-1.73205,1.5,-0.83
-1.73205,1.5,-0.85
-1.73205,1.5,-0.87
-1.73205,1.5,-0.89
-1.90306,1.53015,-0.91
-2.05344,1.61698,-0.93
-2.16506,1.75,-0.95
-2.16506,1.75,-0.97
-2.16506,1.75,-0.99
-2.16506,1.75,-1.01
-2.16506,1.75,-1.03
-2.16506,1.75,-1.05
-2.16506,1.75,-1.07
-2.16506,1.75,-1.09
-2.16506,1.75,-1.11
-2.16506,1.75,-1.13
-2.16506,1.75,-1.15
-2.16506,1.75,-1.17
-2.22445,1.91318,-1.19
-2.22445,2.08682,-1.21
-2.16506,2.25,-1.23
-2.16506,2.25,-1.25
-2.16506,2.25,-1.27
-2.16506,2.25,-1.29
-2.16506,2.25,-1.31
-2.16506,2.25,-1.33
-2.16506,2.25,-1.35
-2.16506,2.25,-1.37
-2.16506,2.25,-1.39
-2.16506,2.25,-1.41
-2.16506,2.25,-1.43
-2.16506,2.25,-1.45
-2.05344,2.38302,-1.47
-1.90306,2.46985,-1.49
-1.73205,2.5,-1.51
-1.73205,2.5,-1.53
-1.73205,2.5,-1.55
-1.73205,2.5,-1.57
-1.73205,2.5,-1.59
-1.73205,2.5,-1.61
-1.73205,2.5,-1.63
-1.73205,2.5,-1.65
-1.73205,2.5,-1.67
-1.73205,2.5,-1.69
-1.73205,2.5,-1.71
-1.73205,2.5,-1.73
-1.56104,2.46985,-1.75
-1.41066,2.38302,-1.77
-1.29904,2.25,-1.79
-1.29904,2.25,-1.81
-1.29904,2.25,-1.83
-1.29904,2.25,-1.85
-1.29904,2.25,-1.87
-1.29904,2.25,-1.89
-1.29904,2.25,-1.91
-1.29904,2.25,-1.93
-1.24905,2.17861,-1.95
-1.11603,2.06699,-1.97
-0.952849,2.0076,-1.99
-0.866025,2,-2.01
-0.866025,2,-2.03
-0.866025,2,-2.05
-0.866025,2,-2.07
-0.866025,2,-2.09
-0.866025,2,-2.11
-0.866025,2,-2.13
-0.866025,2,-2.15
-0.695015,1.96985,-2.17
-0.544632,1.88302,-2.19
-0.433013,1.75,-2.21
-0.433013,1.75,-2.23
-0.433013,1.75,-2.25
-0.433013,1.75,-2.27
-0.433013,1.75,-2.29
-0.433013,1.75,-2.31
-0.433013,1.75,-2.33
-0.433013,1.75,-2.35
-0.383022,1.67861,-2.37
-0.25,1.56699,-2.39
-0.0868241,1.5076,-2.41
1.98094e-13,1.5,-2.43
1.98094e-13,1.5,-2.45
1.98094e-13,1.5,-2.47
1.98094e-13,1.5,-2.49
1.98094e-13,1.5,-2.51
1.98094e-13,1.5,-2.53
1.98094e-13,1.5,-2.55
1.98094e-13,1.5,-2.57
1.98094e-13,1.5,-2.59
1.98094e-13,1.5,-2.61
1.98094e-13,1.5,-2.63
0.0868241,1.5076,-2.65
0.25,1.56699,-2.67
0.383022,1.67861,-2.69
0.433013,1.75,-2.71
0.544632,1.88302,-2.73
0.695015,1.96985,-2.75
0.866025,2,-2.77
0.952849,2.0076,-2.79
1.11603,2.06699,-2.81
1.24905,2.17861,-2.83
1.29904,2.25,-2.85
1.41066,2.38302,-2.87
1.56104,2.46985,-2.89
1.73205,2.5,-2.91
1.73205,2.5,-2.93
1.73205,2.5,-2.95
1.73205,2.5,-2.97
1.73205,2.5,-2.99
1.73205,2.5,-3.01
1.73205,2.5,-3.03
1.73205,2.5,-3.05
1.73205,2.5,-3.07
1.73205,2.5,-3.09
1.73205,2.5,-3.11
1.73205,2.5,-3.13
1.90306,2.46985,-3.15
2.05344,2.38302,-3.17
2.16506,2.25,-3.19
2.16506,2.25,-3.21
2.16506,2.25,-3.23
2.16506,2.25,-3.25
2.16506,2.25,-3.27
2.16506,2.25,-3.29
2.16506,2.25,-3.31
2.16506,2.25,-3.33
2.16506,2.25,-3.35
2.16506,2.25,-3.37
2.16506,2.25,-3.39
2.16506,2.25,-3.41
2.22445,2.08682,-3.43
2.22445,1.91318,-3.45
2.16506,1.75,-3.47
2.16506,1.75,-3.49
2.16506,1.75,-3.51
2.16506,1.75,-3.53
2.16506,1.75,-3.55
2.16506,1.75,-3.57
2.16506,1.75,-3.59
2.16506,1.75,-3.61
2.12823,1.67101,-3.63
2.09808,1.5,-3.65
2.12823,1.32899,-3.67
2.16506,1.25,-3.69
2.16506,1.25,-3.71
2.16506,1.25,-3.73
2.16506,1.25,-3.75
2.11507,1.32139,-3.77
1.98205,1.43301,-3.79
1.81887,1.4924,-3.81
1.73205,1.5,-3.83
1.73205,1.5,-3.85
1.73205,1.5,-3.87
1.73205,1.5,-3.89
1.73205,1.5,-3.91
1.73205,1.5,-3.93
1.73205,1.5,-3.95
1.73205,1.5,-3.97
1.56104,1.53015,-3.99
1.41066,1.61698,-4.01
1.29904,1.75,-4.03
1.29904,1.75,-4.05
1.29904,1.75,-4.07
1.29904,1.75,-4.09
1.29904,1.75,-4.11
1.35843,1.58682,-4.13
1.35843,1.41318,-4.15
1.29904,1.25,-4.17
1.29904,1.25,-4.19
1.29904,1.25,-4.21
1.29904,1.25,-4.23
1.29904,1.25,-4.25
1.29904,1.25,-4.27
1.29904,1.25,-4.29
1.29904,1.25,-4.31
1.2622,1.17101,-4.33
1.23205,1,-4.35
1.2622,0.82899,-4.37
1.29904,0.75,-4.39
1.29904,0.75,-4.41
1.29904,0.75,-4.43
1.29904,0.75,-4.45
1.29904,0.75,-4.47
1.29904,0.75,-4.49
1.29904,0.75,-4.51
1.29904,0.75,-4.53
1.29904,0.75,-4.55
1.29904,0.75,-4.57
1.29904,0.75,-4.59
1.34903,0.678606,-4.61
1.48205,0.566987,-4.63
1.64523,0.507596,-4.65
1.73205,0.5,-4.67
1.90306,0.469846,-4.69
2.05344,0.383022,-4.71
2.16506,0.25,-4.73
2.16506,0.25,-4.75
2.16506,0.25,-4.77
2.16506,0.25,-4.79
2.16506,0.25,-4.81
2.10567,0.413176,-4.83
2.10567,0.586824,-4.85
2.16506,0.75,-4.87
2.2019,0.82899,-4.89
2.23205,1,-4.91
2.2019,1.17101,-4.93
2.16506,1.25,-4.95
2.16506,1.25,-4.97
2.16506,1.25,-4.99
