-1.29904,2.25,14.98
-1.29904,2.25,14.96
-1.29904,2.25,14.94
-1.29904,2.25,14.92
-1.29904,2.25,14.9
-1.29904,2.25,14.88
-1.29904,2.25,14.86
-1.23965,2.08682,14.84
-1.23965,1.91318,14.82
-1.29904,1.75,14.8
-1.29904,1.75,14.78
-1.29904,1.75,14.76
-1.29904,1.75,14.74
-1.29904,1.75,14.72
-1.29904,1.75,14.7
-1.29904,1.75,14.68
-1.29904,1.75,14.66
-1.29904,1.75,14.64
-1.29904,1.75,14.62
-1.29904,1.75,14.6
-1.29904,1.75,14.58
-1.29904,1.75,14.56
-1.29904,1.75,14.54
-1.29904,1.75,14.52
-1.29904,1.75,14.5
-1.29904,1.75,14.48
-1.29904,1.75,14.46
-1.29904,1.75,14.44
-1.29904,1.75,14.42
-1.29904,1.75,14.4
-1.29904,1.75,14.38
-1.24905,1.82139,14.36
-1.11603,1.93301,14.34
-0.952849,1.9924,14.32
-0.866025,2,14.3
-0.695015,1.96985,14.28
-0.544632,1.88302,14.26
-0.433013,1.75,14.24
-0.396179,1.67101,14.22
-0.366025,1.5,14.2
-0.396179,1.32899,14.18
-0.433013,1.25,14.16
-0.433013,1.25,14.14
-0.433013,1.25,14.12
-0.433013,1.25,14.1
-0.433013,1.25,14.08
-0.433013,1.25,14.06
-0.433013,1.25,14.04
-0.433013,1.25,14.02
-0.433013,1.25,14
-0.433013,1.25,13.98
-0.433013,1.25,13.96
-0.433013,1.25,13.94
-0.433013,1.25,13.92
-0.433013,1.25,13.9
-0.433013,1.25,13.88
-0.433013,1.25,13.86
-0.433013,1.25,13.84
-0.433013,1.25,13.82
-0.433013,1.25,13.8
-0.433013,1.25,13.78
-0.433013,1.25,13.76
-0.433013,1.25,13.74
-0.433013,1.25,13.72
-0.433013,1.25,13.7
-0.433013,1.25,13.68
-0.433013,1.25,13.66
-0.433013,1.25,13.64
-0.433013,1.25,13.62
-0.433013,1.25,13.6
-0.544632,1.11698,13.58
-0.695015,1.03015,13.56
-0.866025,1,13.54
-0.952849,1.0076,13.52
-1.11603,1.06699,13.5
-1.24905,1.17861,13.48
-1.29904,1.25,13.46
-1.35843,1.41318,13.44
-1.35843,1.58682,13.42
-1.29904,1.75,13.4
-1.29904,1.75,13.38
-1.29904,1.75,13.36
-1.29904,1.75,13.34
-1.29904,1.75,13.32
-1.41066,1.61698,13.3
-1.56104,1.53015,13.28
-1.73205,1.5,13.26
-1.73205,1.5,13.24
-1.73205,1.5,13.22
-1.73205,1.5,13.2
-1.73205,1.5,13.18
-1.73205,1.5,13.16
-1.73205,1.5,13.14
-1.73205,1.5,13.12
-1.73205,1.5,13.1
-1.73205,1.5,13.08
-1.73205,1.5,13.06
-1.73205,1.5,13.04
-1.73205,1.5,13.02
-1.73205,1.5,13
-1.73205,1.5,12.98
-1.73205,1.5,12.96
-1.73205,1.5,12.94
-1.73205,1.5,12.92
-1.73205,1.5,12.9
-1.90306,1.46985,12.88
-2.05344,1.38302,12.86
-2.16506,1.25,12.84
-2.16506,1.25,12.82
-2.16506,1.25,12.8
-2.16506,1.25,12.78
-2.16506,1.25,12.76
-2.16506,1.25,12.74
-2.16506,1.25,12.72
-2.16506,1.25,12.7
-2.16506,1.25,12.68
-2.16506,1.25,12.66
-2.16506,1.25,12.64
-2.16506,1.25,12.62
-2.22445,1.08682,12.6
-2.22445,0.913176,12.58
-2.16506,0.75,12.56
-2.16506,0.75,12.54
-2.16506,0.75,12.52
-2.16506,0.75,12.5
-2.16506,0.75,12.48
-2.16506,0.75,12.46
-2.16506,0.75,12.44
-2.16506,0.75,12.42
-2.16506,0.75,12.4
-2.16506,0.75,12.38
-2.16506,0.75,12.36
-2.16506,0.75,12.34
-2.16506,0.75,12.32
-2.16506,0.75,12.3
-2.16506,0.75,12.28
-2.16506,0.75,12.26
-2.16506,0.75,12.24
-2.16506,0.75,12.22
-2.16506,0.75,12.2
-2.10567,0.586824,12.18
-2.10567,0.413176,12.16
-2.16506,0.25,12.14
-2.16506,0.25,12.12
-2.16506,0.25,12.1
-2.16506,0.25,12.08
-2.16506,0.25,12.06
-2.05344,0.383022,12.04
-1.90306,0.469846,12.02
-1.73205,0.5,12
-1.64523,0.492404,11.98
-1.48205,0.433013,11.96
-1.34903,0.321394,11.94
-1.29904,0.25,11.92
-1.23965,0.0868241,11.9
-1.23965,-0.0868241,11.88
-1.29904,-0.25,11.86
-1.29904,-0.25,11.84
-1.29904,-0.25,11.82
-1.29904,-0.25,11.8
-1.29904,-0.25,11.78
-1.29904,-0.25,11.76
-1.29904,-0.25,11.74
-1.29904,-0.25,11.72
-1.29904,-0.25,11.7
-1.29904,-0.25,11.68
-1.29904,-0.25,11.66
-1.29904,-0.25,11.64
-1.29904,-0.25,11.62
-1.29904,-0.25,11.6
-1.29904,-0.25,11.58
-1.29904,-0.25,11.56
-1.29904,-0.25,11.54
-1.29904,-0.25,11.52
-1.29904,-0.25,11.5
-1.29904,-0.25,11.48
-1.29904,-0.25,11.46
-1.29904,-0.25,11.44
-1.29904,-0.25,11.42
-1.29904,-0.25,11.4
-1.29904,-0.25,11.38
-1.29904,-0.25,11.36
-1.29904,-0.25,11.34
-1.29904,-0.25,11.32
-1.29904,-0.25,11.3
-1.34903,-0.321394,11.28
-1.48205,-0.433013,11.26
-1.64523,-0.492404,11.24
-1.73205,-0.5,11.22
-1.90306,-0.469846,11.2
-2.05344,-0.383022,11.18
-2.16506,-0.25,11.16
-2.2019,-0.17101,11.14
-2.23205,1.54105e-12,11.12
-2.2019,0.17101,11.1
-2.16506,0.25,11.08
-2.16506,0.25,11.06
-2.16506,0.25,11.04
-2.16506,0.25,11.02
-2.16506,0.25,11
-2.16506,0.25,10.98
-2.16506,0.25,10.96
-2.16506,0.25,10.94
-2.16506,0.25,10.92
-2.16506,0.25,10.9
-2.16506,0.25,10.88
-2.16506,0.25,10.86
-2.16506,0.25,10.84
-2.16506,0.25,10.82
-2.16506,0.25,10.8
-2.16506,0.25,10.78
-2.16506,0.25,10.76
-2.16506,0.25,10.74
-2.16506,0.25,10.72
-2.16506,0.25,10.7
-2.16506,0.25,10.68
-2.16506,0.25,10.66
-2.27668,0.116978,10.64
-2.42707,0.0301537,10.62
-2.59808,1.71663e-12,10.6
-2.59808,1.71663e-12,10.58
-2.59808,1.71663e-12,10.56
-2.59808,1.71663e-12,10.54
-2.59808,1.71663e-12,10.52
-2.59808,1.71663e-12,10.5
-2.59808,1.71663e-12,10.48
-2.59808,1.71663e-12,10.46
-2.59808,1.71663e-12,10.44
-2.59808,1.71663e-12,10.42
-2.59808,1.71663e-12,10.4
-2.59808,1.71663e-12,10.38
-2.59808,1.71663e-12,10.36
-2.59808,1.71663e-12,10.34
-2.59808,1.71663e-12,10.32
-2.59808,1.71663e-12,10.3
-2.59808,1.71663e-12,10.28
-2.59808,1.71663e-12,10.26
-2.59808,1.71663e-12,10.24
-2.42707,-0.0301537,10.22
-2.27668,-0.116978,10.2
-2.16506,-0.25,10.18
-2.16506,-0.25,10.16
-2.16506,-0.25,10.14
-2.16506,-0.25,10.12
-2.16506,-0.25,10.1
-2.16506,-0.25,10.08
-2.16506,-0.25,10.06
-2.16506,-0.25,10.04
-2.16506,-0.25,10.02
-2.16506,-0.25,10
-2.16506,-0.25,9.98
-2.16506,-0.25,9.96
-2.16506,-0.25,9.94
-2.16506,-0.25,9.92
-2.16506,-0.25,9.9
-2.16506,-0.25,9.88
-2.16506,-0.25,9.86
-2.16506,-0.25,9.84
-2.16506,-0.25,9.82
-2.16506,-0.25,9.8
-2.16506,-0.25,9.78
-2.16506,-0.25,9.76
-2.2019,-0.17101,9.74
-2.23205,1.54105e-12,9.72
-2.2019,0.17101,9.7
-2.16506,0.25,9.68
-2.05344,0.383022,9.66
-1.90306,0.469846,9.64
-1.73205,0.5,9.62
-1.64523,0.492404,9.6
-1.48205,0.433013,9.58
-1.34903,0.321394,9.56
-1.29904,0.25,9.54
-1.29904,0.25,9.52
-1.29904,0.25,9.5
-1.29904,0.25,9.48
-1.29904,0.25,9.46
-1.29904,0.25,9.44
-1.29904,0.25,9.42
-1.29904,0.25,9.4
-1.29904,0.25,9.38
-1.29904,0.25,9.36
-1.29904,0.25,9.34
-1.29904,0.25,9.32
-1.29904,0.25,9.3
-1.29904,0.25,9.28
-1.29904,0.25,9.26
-1.29904,0.25,9.24
-1.29904,0.25,9.22
-1.29904,0.25,9.2
-1.29904,0.25,9.18
-1.29904,0.25,9.16
-1.29904,0.25,9.14
-1.29904,0.25,9.12
-1.29904,0.25,9.1
-1.29904,0.25,9.08
-1.29904,0.25,9.06
-1.29904,0.25,9.04
-1.29904,0.25,9.02
-1.29904,0.25,9
-1.29904,0.25,8.98
-1.23965,0.0868241,8.96
-1.23965,-0.0868241,8.94
-1.29904,-0.25,8.92
-1.34903,-0.321394,8.9
-1.48205,-0.433013,8.88
-1.64523,-0.492404,8.86
-1.73205,-0.5,8.84
-1.90306,-0.469846,8.82
-2.05344,-0.383022,8.8
-2.16506,-0.25,8.78
-2.16506,-0.25,8.76
-2.16506,-0.25,8.74
-2.16506,-0.25,8.72
-2.16506,-0.25,8.7
-2.10567,-0.413176,8.68
-2.10567,-0.586824,8.66
-2.16506,-0.75,8.64
-2.16506,-0.75,8.62
-2.16506,-0.75,8.6
-2.16506,-0.75,8.58
-2.16506,-0.75,8.56
-2.16506,-0.75,8.54
-2.16506,-0.75,8.52
-2.16506,-0.75,8.5
-2.16506,-0.75,8.48
-2.16506,-0.75,8.46
-2.16506,-0.75,8.44
-2.16506,-0.75,8.42
-2.16506,-0.75,8.4
-2.16506,-0.75,8.38
-2.16506,-0.75,8.36
-2.16506,-0.75,8.34
-2.16506,-0.75,8.32
-2.16506,-0.75,8.3
-2.16506,-0.75,8.28
-2.22445,-0.913176,8.26
-2.22445,-1.08682,8.24
-2.16506,-1.25,8.22
-2.16506,-1.25,8.2
-2.16506,-1.25,8.18
-2.16506,-1.25,8.16
-2.16506,-1.25,8.14
-2.16506,-1.25,8.12
-2.16506,-1.25,8.1
-2.16506,-1.25,8.08
-2.16506,-1.25,8.06
-2.16506,-1.25,8.04
-2.16506,-1.25,8.02
-2.16506,-1.25,8
-2.05344,-1.38302,7.98
-1.90306,-1.46985,7.96
-1.73205,-1.5,7.94
-1.73205,-1.5,7.92
-1.73205,-1.5,7.9
-1.73205,-1.5,7.88
-1.73205,-1.5,7.86
-1.73205,-1.5,7.84
-1.73205,-1.5,7.82
-1.73205,-1.5,7.8
-1.73205,-1.5,7.78
-1.73205,-1.5,7.76
-1.73205,-1.5,7.74
-1.73205,-1.5,7.72
-1.73205,-1.5,7.7
-1.73205,-1.5,7.68
-1.73205,-1.5,7.66
-1.73205,-1.5,7.64
-1.73205,-1.5,7.62
-1.73205,-1.5,7.6
-1.73205,-1.5,7.58
-1.56104,-1.53015,7.56
-1.41066,-1.61698,7.54
-1.29904,-1.75,7.52
-1.29904,-1.75,7.5
-1.29904,-1.75,7.48
-1.29904,-1.75,7.46
-1.29904,-1.75,7.44
-1.35843,-1.58682,7.42
-1.35843,-1.41318,7.4
-1.29904,-1.25,7.38
-1.24905,-1.17861,7.36
-1.11603,-1.06699,7.34
-0.952849,-1.0076,7.32
-0.866025,-1,7.3
-0.695015,-1.03015,7.28
-0.544632,-1.11698,7.26
-0.433013,-1.25,7.24
-0.433013,-1.25,7.22
-0.433013,-1.25,7.2
-0.433013,-1.25,7.18
-0.433013,-1.25,7.16
-0.433013,-1.25,7.14
-0.433013,-1.25,7.12
-0.433013,-1.25,7.1
-0.433013,-1.25,7.08
-0.433013,-1.25,7.06
-0.433013,-1.25,7.04
-0.433013,-1.25,7.02
-0.433013,-1.25,7
-0.433013,-1.25,6.98
-0.433013,-1.25,6.96
-0.433013,-1.25,6.94
-0.433013,-1.25,6.92
-0.433013,-1.25,6.9
-0.433013,-1.25,6.88
-0.433013,-1.25,6.86
-0.433013,-1.25,6.84
-0.433013,-1.25,6.82
-0.433013,-1.25,6.8
-0.433013,-1.25,6.78
-0.433013,-1.25,6.76
-0.433013,-1.25,6.74
-0.433013,-1.25,6.72
-0.433013,-1.25,6.7
-0.433013,-1.25,6.68
-0.396179,-1.32899,6.66
-0.366025,-1.5,6.64
-0.396179,-1.67101,6.62
-0.433013,-1.75,6.6
-0.544632,-1.88302,6.58
-0.695015,-1.96985,6.56
-0.866025,-2,6.54
-0.952849,-1.9924,6.52
-1.11603,-1.93301,6.5
-1.24905,-1.82139,6.48
-1.29904,-1.75,6.46
-1.29904,-1.75,6.44
-1.29904,-1.75,6.42
-1.29904,-1.75,6.4
-1.29904,-1.75,6.38
-1.29904,-1.75,6.36
-1.29904,-1.75,6.34
-1.29904,-1.75,6.32
-1.29904,-1.75,6.3
-1.29904,-1.75,6.28
-1.29904,-1.75,6.26
-1.29904,-1.75,6.24
-1.29904,-1.75,6.22
-1.29904,-1.75,6.2
-1.29904,-1.75,6.18
-1.29904,-1.75,6.16
-1.29904,-1.75,6.14
-1.29904,-1.75,6.12
-1.29904,-1.75,6.1
-1.29904,-1.75,6.08
-1.29904,-1.75,6.06
-1.29904,-1.75,6.04
-1.23965,-1.91318,6.02
-1.23965,-2.08682,6
-1.29904,-2.25,5.98
-1.29904,-2.25,5.96
-1.29904,-2.25,5.94
-1.29904,-2.25,5.92
-1.29904,-2.25,5.9
-1.29904,-2.25,5.88
-1.29904,-2.25,5.86
-1.29904,-2.25,5.84
-1.29904,-2.25,5.82
-1.29904,-2.25,5.8
-1.29904,-2.25,5.78
-1.29904,-2.25,5.76
-1.29904,-2.25,5.74
-1.29904,-2.25,5.72
-1.29904,-2.25,5.7
-1.29904,-2.25,5.68
-1.29904,-2.25,5.66
-1.29904,-2.25,5.64
-1.29904,-2.25,5.62
-1.18742,-2.11698,5.6
-1.03704,-2.03015,5.58
-0.866025,-2,5.56
-0.866025,-2,5.54
-0.866025,-2,5.52
-0.866025,-2,5.5
-0.866025,-2,5.48
-0.866025,-2,5.46
-0.866025,-2,5.44
-0.866025,-2,5.42
-0.866025,-2,5.4
-0.866025,-2,5.38
-0.866025,-2,5.36
-0.866025,-2,5.34
-0.866025,-2,5.32
-0.866025,-2,5.3
-0.866025,-2,5.28
-0.866025,-2,5.26
-0.866025,-2,5.24
-0.866025,-2,5.22
-0.866025,-2,5.2
-0.866025,-2,5.18
-0.866025,-2,5.16
-0.866025,-2,5.14
-0.952849,-1.9924,5.12
-1.11603,-1.93301,5.1
-1.24905,-1.82139,5.08
-1.29904,-1.75,5.06
-1.35843,-1.58682,5.04
-1.35843,-1.41318,5.02
-1.29904,-1.25,5
-1.24905,-1.17861,4.98
-1.11603,-1.06699,4.96
-0.952849,-1.0076,4.94
-0.866025,-1,4.92
-0.866025,-1,4.9
-0.866025,-1,4.88
-0.866025,-1,4.86
-0.866025,-1,4.84
-0.866025,-1,4.82
-0.866025,-1,4.8
-0.866025,-1,4.78
-0.866025,-1,4.76
-0.866025,-1,4.74
-0.866025,-1,4.72
-0.866025,-1,4.7
-0.866025,-1,4.68
-0.866025,-1,4.66
-0.866025,-1,4.64
-0.866025,-1,4.62
-0.866025,-1,4.6
-0.866025,-1,4.58
-0.866025,-1,4.56
-0.866025,-1,4.54
-0.866025,-1,4.52
-0.866025,-1,4.5
-0.866025,-1,4.48
-0.866025,-1,4.46
-0.866025,-1,4.44
-0.866025,-1,4.42
-0.866025,-1,4.4
-0.866025,-1,4.38
-0.866025,-1,4.36
-0.695015,-1.03015,4.34
-0.544632,-1.11698,4.32
-0.433013,-1.25,4.3
-0.396179,-1.32899,4.28
-0.366025,-1.5,4.26
-0.396179,-1.67101,4.24
-0.433013,-1.75,4.22
-0.544632,-1.88302,4.2
-0.695015,-1.96985,4.18
-0.866025,-2,4.16
-0.866025,-2,4.14
-0.866025,-2,4.12
-0.866025,-2,4.1
-0.866025,-2,4.08
-0.695015,-2.03015,4.06
-0.544632,-2.11698,4.04
-0.433013,-2.25,4.02
-0.433013,-2.25,4
-0.433013,-2.25,3.98
-0.433013,-2.25,3.96
-0.433013,-2.25,3.94
-0.433013,-2.25,3.92
-0.433013,-2.25,3.9
-0.433013,-2.25,3.88
-0.433013,-2.25,3.86
-0.433013,-2.25,3.84
-0.433013,-2.25,3.82
-0.433013,-2.25,3.8
-0.433013,-2.25,3.78
-0.433013,-2.25,3.76
-0.433013,-2.25,3.74
-0.433013,-2.25,3.72
-0.433013,-2.25,3.7
-0.433013,-2.25,3.68
-0.433013,-2.25,3.66
-0.321394,-2.38302,3.64
-0.17101,-2.46985,3.62
-2.97408e-12,-2.5,3.6
-2.97408e-12,-2.5,3.58
-2.97408e-12,-2.5,3.56
-2.97408e-12,-2.5,3.54
-2.97408e-12,-2.5,3.52
-2.97408e-12,-2.5,3.5
-2.97408e-12,-2.5,3.48
-2.97408e-12,-2.5,3.46
-2.97408e-12,-2.5,3.44
-2.97408e-12,-2.5,3.42
-2.97408e-12,-2.5,3.4
-2.97408e-12,-2.5,3.38
0.17101,-2.46985,3.36
0.321394,-2.38302,3.34
0.433013,-2.25,3.32
0.433013,-2.25,3.3
0.433013,-2.25,3.28
0.433013,-2.25,3.26
0.433013,-2.25,3.24
0.433013,-2.25,3.22
0.433013,-2.25,3.2
0.433013,-2.25,3.18
0.433013,-2.25,3.16
0.433013,-2.25,3.14
0.433013,-2.25,3.12
0.433013,-2.25,3.1
0.433013,-2.25,3.08
0.433013,-2.25,3.06
0.433013,-2.25,3.04
0.433013,-2.25,3.02
0.433013,-2.25,3
0.433013,-2.25,2.98
0.433013,-2.25,2.96
0.544632,-2.11698,2.94
0.695015,-2.03015,2.92
0.866025,-2,2.9
0.866025,-2,2.88
0.866025,-2,2.86
0.866025,-2,2.84
0.866025,-2,2.82
0.695015,-1.96985,2.8
0.544632,-1.88302,2.78
0.433013,-1.75,2.76
0.396179,-1.67101,2.74
0.366025,-1.5,2.72
0.396179,-1.32899,2.7
0.433013,-1.25,2.68
0.544632,-1.11698,2.66
0.695015,-1.03015,2.64
0.866025,-1,2.62
0.866025,-1,2.6
0.866025,-1,2.58
0.866025,-1,2.56
0.866025,-1,2.54
0.866025,-1,2.52
0.866025,-1,2.5
0.866025,-1,2.48
0.866025,-1,2.46
0.866025,-1,2.44
0.866025,-1,2.42
0.866025,-1,2.4
0.866025,-1,2.38
0.866025,-1,2.36
0.866025,-1,2.34
0.866025,-1,2.32
0.866025,-1,2.3
0.866025,-1,2.28
0.866025,-1,2.26
0.866025,-1,2.24
0.866025,-1,2.22
0.866025,-1,2.2
0.866025,-1,2.18
0.866025,-1,2.16
0.866025,-1,2.14
0.866025,-1,2.12
0.866025,-1,2.1
0.866025,-1,2.08
0.866025,-1,2.06
0.952849,-1.0076,2.04
1.11603,-1.06699,2.02
1.24905,-1.17861,2
1.29904,-1.25,1.98
1.35843,-1.41318,1.96
1.35843,-1.58682,1.94
1.29904,-1.75,1.92
1.24905,-1.82139,1.9
1.11603,-1.93301,1.88
0.952849,-1.9924,1.86
0.866025,-2,1.84
0.866025,-2,1.82
0.866025,-2,1.8
0.866025,-2,1.78
0.866025,-2,1.76
0.866025,-2,1.74
0.866025,-2,1.72
0.866025,-2,1.7
0.866025,-2,1.68
0.866025,-2,1.66
0.866025,-2,1.64
0.866025,-2,1.62
0.866025,-2,1.6
0.866025,-2,1.58
0.866025,-2,1.56
0.866025,-2,1.54
0.866025,-2,1.52
0.866025,-2,1.5
0.866025,-2,1.48
0.866025,-2,1.46
0.866025,-2,1.44
0.866025,-2,1.42
1.03704,-2.03015,1.4
1.18742,-2.11698,1.38
1.29904,-2.25,1.36
1.29904,-2.25,1.34
1.29904,-2.25,1.32
1.29904,-2.25,1.3
1.29904,-2.25,1.28
1.29904,-2.25,1.26
1.29904,-2.25,1.24
1.29904,-2.25,1.22
1.29904,-2.25,1.2
1.29904,-2.25,1.18
1.29904,-2.25,1.16
1.29904,-2.25,1.14
1.29904,-2.25,1.12
1.29904,-2.25,1.1
1.29904,-2.25,1.08
1.29904,-2.25,1.06
1.29904,-2.25,1.04
1.29904,-2.25,1.02
1.29904,-2.25,1
1.23965,-2.08682,0.98
1.23965,-1.91318,0.96
1.29904,-1.75,0.94
1.29904,-1.75,0.92
1.29904,-1.75,0.9
1.29904,-1.75,0.88
1.29904,-1.75,0.86
1.29904,-1.75,0.84
1.29904,-1.75,0.82
1.29904,-1.75,0.8
1.29904,-1.75,0.78
1.29904,-1.75,0.76
1.29904,-1.75,0.74
1.29904,-1.75,0.72
1.29904,-1.75,0.7
1.29904,-1.75,0.68
1.29904,-1.75,0.66
1.29904,-1.75,0.64
1.29904,-1.75,0.62
1.29904,-1.75,0.6
1.29904,-1.75,0.58
1.29904,-1.75,0.56
1.29904,-1.75,0.54
1.29904,-1.75,0.52
1.24905,-1.82139,0.5
1.11603,-1.93301,0.48
0.952849,-1.9924,0.46
0.866025,-2,0.44
0.695015,-1.96985,0.42
0.544632,-1.88302,0.4
0.433013,-1.75,0.38
0.396179,-1.67101,0.36
0.366025,-1.5,0.34
0.396179,-1.32899,0.32
0.433013,-1.25,0.3
0.433013,-1.25,0.28
0.433013,-1.25,0.26
0.433013,-1.25,0.24
0.433013,-1.25,0.22
0.433013,-1.25,0.2
0.433013,-1.25,0.18
0.433013,-1.25,0.16
0.433013,-1.25,0.14
0.433013,-1.25,0.12
0.433013,-1.25,0.1
0.433013,-1.25,0.08
0.433013,-1.25,0.06
0.433013,-1.25,0.04
0.433013,-1.25,0.02
0.433013,-1.25,-4.12829e-14
0.433013,-1.25,-0.02
0.433013,-1.25,-0.04
0.433013,-1.25,-0.06
0.433013,-1.25,-0.08
0.433013,-1.25,-0.1
0.433013,-1.25,-0.12
0.433013,-1.25,-0.14
0.433013,-1.25,-0.16
0.433013,-1.25,-0.18
0.433013,-1.25,-0.2
0.433013,-1.25,-0.22
0.433013,-1.25,-0.24
0.433013,-1.25,-0.26
0.544632,-1.11698,-0.28
0.695015,-1.03015,-0.3
0.866025,-1,-0.32
0.952849,-1.0076,-0.34
1.11603,-1.06699,-0.36
1.24905,-1.17861,-0.38
1.29904,-1.25,-0.4
1.35843,-1.41318,-0.42
1.35843,-1.58682,-0.44
1.29904,-1.75,-0.46
1.29904,-1.75,-0.48
1.29904,-1.75,-0.5
1.29904,-1.75,-0.52
1.29904,-1.75,-0.54
1.41066,-1.61698,-0.56
1.56104,-1.53015,-0.58
1.73205,-1.5,-0.6
1.73205,-1.5,-0.62
1.73205,-1.5,-0.64
1.73205,-1.5,-0.66
1.73205,-1.5,-0.68
1.73205,-1.5,-0.7
1.73205,-1.5,-0.72
1.73205,-1.5,-0.74
1.73205,-1.5,-0.76
1.73205,-1.5,-0.78
1.73205,-1.5,-0.8
1.73205,-1.5,-0.82
1.73205,-1.5,-0.84
1.73205,-1.5,-0.86
1.73205,-1.5,-0.88
1.73205,-1.5,-0.9
1.73205,-1.5,-0.92
1.73205,-1.5,-0.94
1.73205,-1.5,-0.96
1.90306,-1.46985,-0.98
2.05344,-1.38302,-1
2.16506,-1.25,-1.02
2.16506,-1.25,-1.04
2.16506,-1.25,-1.06
2.16506,-1.25,-1.08
2.16506,-1.25,-1.1
2.16506,-1.25,-1.12
2.16506,-1.25,-1.14
2.16506,-1.25,-1.16
2.16506,-1.25,-1.18
2.16506,-1.25,-1.2
2.16506,-1.25,-1.22
2.16506,-1.25,-1.24
2.22445,-1.08682,-1.26
2.22445,-0.913176,-1.28
2.16506,-0.75,-1.3
2.16506,-0.75,-1.32
2.16506,-0.75,-1.34
2.16506,-0.75,-1.36
2.16506,-0.75,-1.38
2.16506,-0.75,-1.4
2.16506,-0.75,-1.42
2.16506,-0.75,-1.44
2.16506,-0.75,-1.46
2.16506,-0.75,-1.48
2.16506,-0.75,-1.5
2.16506,-0.75,-1.52
2.16506,-0.75,-1.54
2.16506,-0.75,-1.56
2.16506,-0.75,-1.58
2.16506,-0.75,-1.6
2.16506,-0.75,-1.62
2.16506,-0.75,-1.64
2.16506,-0.75,-1.66
2.10567,-0.586824,-1.68
2.10567,-0.413176,-1.7
2.16506,-0.25,-1.72
2.16506,-0.25,-1.74
2.16506,-0.25,-1.76
2.16506,-0.25,-1.78
2.16506,-0.25,-1.8
2.05344,-0.383022,-1.82
1.90306,-0.469846,-1.84
1.73205,-0.5,-1.86
1.64523,-0.492404,-1.88
1.48205,-0.433013,-1.9
1.34903,-0.321394,-1.92
1.29904,-0.25,-1.94
1.23965,-0.0868241,-1.96
1.23965,0.0868241,-1.98
1.29904,0.25,-2
1.29904,0.25,-2.02
1.29904,0.25,-2.04
1.29904,0.25,-2.06
1.29904,0.25,-2.08
1.29904,0.25,-2.1
1.29904,0.25,-2.12
1.29904,0.25,-2.14
1.29904,0.25,-2.16
1.29904,0.25,-2.18
1.29904,0.25,-2.2
1.29904,0.25,-2.22
1.29904,0.25,-2.24
1.29904,0.25,-2.26
1.29904,0.25,-2.28
1.29904,0.25,-2.3
1.29904,0.25,-2.32
1.29904,0.25,-2.34
1.29904,0.25,-2.36
1.29904,0.25,-2.38
1.29904,0.25,-2.4
1.29904,0.25,-2.42
1.29904,0.25,-2.44
1.29904,0.25,-2.46
1.29904,0.25,-2.48
1.29904,0.25,-2.5
1.29904,0.25,-2.52
1.29904,0.25,-2.54
1.29904,0.25,-2.56
1.34903,0.321394,-2.58
1.48205,0.433013,-2.6
1.64523,0.492404,-2.62
1.73205,0.5,-2.64
1.90306,0.469846,-2.66
2.05344,0.383022,-2.68
2.16506,0.25,-2.7
2.2019,0.17101,-2.72
2.23205,-2.51776e-12,-2.74
2.2019,-0.17101,-2.76
2.16506,-0.25,-2.78
2.16506,-0.25,-2.8
2.16506,-0.25,-2.82
2.16506,-0.25,-2.84
2.16506,-0.25,-2.86
2.16506,-0.25,-2.88
2.16506,-0.25,-2.9
2.16506,-0.25,-2.92
2.16506,-0.25,-2.94
2.16506,-0.25,-2.96
2.16506,-0.25,-2.98
2.16506,-0.25,-3
2.16506,-0.25,-3.02
2.16506,-0.25,-3.04
2.16506,-0.25,-3.06
2.16506,-0.25,-3.08
2.16506,-0.25,-3.1
2.16506,-0.25,-3.12
2.16506,-0.25,-3.14
2.16506,-0.25,-3.16
2.16506,-0.25,-3.18
2.16506,-0.25,-3.2
2.27668,-0.116978,-3.22
2.42707,-0.0301537,-3.24
2.59808,-3.77653e-12,-3.26
2.59808,-3.77653e-12,-3.28
2.59808,-3.77653e-12,-3.3
2.59808,-3.77653e-12,-3.32
2.59808,-3.77653e-12,-3.34
2.59808,-3.77653e-12,-3.36
2.59808,-3.77653e-12,-3.38
2.59808,-3.77653e-12,-3.4
2.59808,-3.77653e-12,-3.42
2.59808,-3.77653e-12,-3.44
2.59808,-3.77653e-12,-3.46
2.59808,-3.77653e-12,-3.48
2.59808,-3.77653e-12,-3.5
2.59808,-3.77653e-12,-3.52
2.59808,-3.77653e-12,-3.54
2.59808,-3.77653e-12,-3.56
2.59808,-3.77653e-12,-3.58
2.59808,-3.77653e-12,-3.6
2.59808,-3.77653e-12,-3.62
2.42707,0.0301537,-3.64
2.27668,0.116978,-3.66
2.16506,0.25,-3.68
2.16506,0.25,-3.7
2.16506,0.25,-3.72
2.16506,0.25,-3.74
2.16506,0.25,-3.76
2.16506,0.25,-3.78
2.16506,0.25,-3.8
2.16506,0.25,-3.82
2.16506,0.25,-3.84
2.16506,0.25,-3.86
2.16506,0.25,-3.88
2.16506,0.25,-3.9
2.16506,0.25,-3.92
2.16506,0.25,-3.94
2.16506,0.25,-3.96
2.16506,0.25,-3.98
2.16506,0.25,-4
2.16506,0.25,-4.02
2.16506,0.25,-4.04
2.16506,0.25,-4.06
2.16506,0.25,-4.08
2.16506,0.25,-4.1
2.2019,0.17101,-4.12
2.23205,-3.31103e-12,-4.14
2.2019,-0.17101,-4.16
2.16506,-0.25,-4.18
2.05344,-0.383022,-4.2
1.90306,-0.469846,-4.22
1.73205,-0.5,-4.24
1.64523,-0.492404,-4.26
1.48205,-0.433013,-4.28
1.34903,-0.321394,-4.3
1.29904,-0.25,-4.32
1.29904,-0.25,-4.34
1.29904,-0.25,-4.36
1.29904,-0.25,-4.38
1.29904,-0.25,-4.4
1.29904,-0.25,-4.42
1.29904,-0.25,-4.44
1.29904,-0.25,-4.46
1.29904,-0.25,-4.48
1.29904,-0.25,-4.5
1.29904,-0.25,-4.52
1.29904,-0.25,-4.54
1.29904,-0.25,-4.56
1.29904,-0.25,-4.58
1.29904,-0.25,-4.6
1.29904,-0.25,-4.62
1.29904,-0.25,-4.64
1.29904,-0.25,-4.66
1.29904,-0.25,-4.68
1.29904,-0.25,-4.7
1.29904,-0.25,-4.72
1.29904,-0.25,-4.74
1.29904,-0.25,-4.76
1.29904,-0.25,-4.78
1.29904,-0.25,-4.8
1.29904,-0.25,-4.82
1.29904,-0.25,-4.84
1.29904,-0.25,-4.86
1.29904,-0.25,-4.88
1.23965,-0.0868241,-4.9
1.23965,0.0868241,-4.92
1.29904,0.25,-4.94
1.34903,0.321394,-4.96
1.48205,0.433013,-4.98
1.64523,0.492404,-5
1.73205,0.5,-5.02
1.90306,0.469846,-5.04
2.05344,0.383022,-5.06
2.16506,0.25,-5.08
2.16506,0.25,-5.1
2.16506,0.25,-5.12
2.16506,0.25,-5.14
2.16506,0.25,-5.16
2.10567,0.413176,-5.18
2.10567,0.586824,-5.2
2.16506,0.75,-5.22
2.16506,0.75,-5.24
2.16506,0.75,-5.26
2.16506,0.75,-5.28
2.16506,0.75,-5.3
2.16506,0.75,-5.32
2.16506,0.75,-5.34
2.16506,0.75,-5.36
2.16506,0.75,-5.38
2.16506,0.75,-5.4
2.16506,0.75,-5.42
2.16506,0.75,-5.44
2.16506,0.75,-5.46
2.16506,0.75,-5.48
2.16506,0.75,-5.5
2.16506,0.75,-5.52
2.16506,0.75,-5.54
2.16506,0.75,-5.56
2.16506,0.75,-5.58
2.22445,0.913176,-5.6
2.22445,1.08682,-5.62
2.16506,1.25,-5.64
2.16506,1.25,-5.66
2.16506,1.25,-5.68
2.16506,1.25,-5.7
2.16506,1.25,-5.72
2.16506,1.25,-5.74
2.16506,1.25,-5.76
2.16506,1.25,-5.78
2.16506,1.25,-5.8
2.16506,1.25,-5.82
2.16506,1.25,-5.84
2.16506,1.25,-5.86
2.05344,1.38302,-5.88
1.90306,1.46985,-5.9
1.73205,1.5,-5.92
1.73205,1.5,-5.94
1.73205,1.5,-5.96
1.73205,1.5,-5.98
1.73205,1.5,-6
1.73205,1.5,-6.02
1.73205,1.5,-6.04
1.73205,1.5,-6.06
1.73205,1.5,-6.08
1.73205,1.5,-6.1
1.73205,1.5,-6.12
1.73205,1.5,-6.14
1.73205,1.5,-6.16
1.73205,1.5,-6.18
1.73205,1.5,-6.2
1.73205,1.5,-6.22
1.73205,1.5,-6.24
1.73205,1.5,-6.26
1.73205,1.5,-6.28
1.56104,1.53015,-6.3
1.41066,1.61698,-6.32
1.29904,1.75,-6.34
1.29904,1.75,-6.36
1.29904,1.75,-6.38
1.29904,1.75,-6.4
1.29904,1.75,-6.42
1.35843,1.58682,-6.44
1.35843,1.41318,-6.46
1.29904,1.25,-6.48
1.24905,1.17861,-6.5
1.11603,1.06699,-6.52
0.952849,1.0076,-6.54
0.866025,1,-6.56
0.695015,1.03015,-6.58
0.544632,1.11698,-6.6
0.433013,1.25,-6.62
0.433013,1.25,-6.64
0.433013,1.25,-6.66
0.433013,1.25,-6.68
0.433013,1.25,-6.7
0.433013,1.25,-6.72
0.433013,1.25,-6.74
0.433013,1.25,-6.76
0.433013,1.25,-6.78
0.433013,1.25,-6.8
0.433013,1.25,-6.82
0.433013,1.25,-6.84
0.433013,1.25,-6.86
0.433013,1.25,-6.88
0.433013,1.25,-6.9
0.433013,1.25,-6.92
0.433013,1.25,-6.94
0.433013,1.25,-6.96
0.433013,1.25,-6.98
0.433013,1.25,-7
0.433013,1.25,-7.02
0.433013,1.25,-7.04
0.433013,1.25,-7.06
0.433013,1.25,-7.08
0.433013,1.25,-7.1
0.433013,1.25,-7.12
0.433013,1.25,-7.14
0.433013,1.25,-7.16
0.433013,1.25,-7.18
0.396179,1.32899,-7.2
0.366025,1.5,-7.22
0.396179,1.67101,-7.24
0.433013,1.75,-7.26
0.544632,1.88302,-7.28
0.695015,1.96985,-7.3
0.866025,2,-7.32
0.952849,1.9924,-7.34
1.11603,1.93301,-7.36
1.24905,1.82139,-7.38
1.29904,1.75,-7.4
1.29904,1.75,-7.42
1.29904,1.75,-7.44
1.29904,1.75,-7.46
1.29904,1.75,-7.48
1.29904,1.75,-7.5
1.29904,1.75,-7.52
1.29904,1.75,-7.54
1.29904,1.75,-7.56
1.29904,1.75,-7.58
1.29904,1.75,-7.6
1.29904,1.75,-7.62
1.29904,1.75,-7.64
1.29904,1.75,-7.66
1.29904,1.75,-7.68
1.29904,1.75,-7.7
1.29904,1.75,-7.72
1.29904,1.75,-7.74
1.29904,1.75,-7.76
1.29904,1.75,-7.78
1.29904,1.75,-7.8
1.29904,1.75,-7.82
1.23965,1.91318,-7.84
1.23965,2.08682,-7.86
1.29904,2.25,-7.88
1.29904,2.25,-7.9
1.29904,2.25,-7.92
1.29904,2.25,-7.94
1.29904,2.25,-7.96
1.29904,2.25,-7.98
1.29904,2.25,-8
1.29904,2.25,-8.02
1.29904,2.25,-8.04
1.29904,2.25,-8.06
1.29904,2.25,-8.08
1.29904,2.25,-8.1
1.29904,2.25,-8.12
1.29904,2.25,-8.14
1.29904,2.25,-8.16
1.29904,2.25,-8.18
1.29904,2.25,-8.2
1.29904,2.25,-8.22
1.29904,2.25,-8.24
1.18742,2.11698,-8.26
1.03704,2.03015,-8.28
0.866025,2,-8.3
0.866025,2,-8.32
0.866025,2,-8.34
0.866025,2,-8.36
0.866025,2,-8.38
0.866025,2,-8.4
0.866025,2,-8.42
0.866025,2,-8.44
0.866025,2,-8.46
0.866025,2,-8.48
0.866025,2,-8.5
0.866025,2,-8.52
0.866025,2,-8.54
0.866025,2,-8.56
0.866025,2,-8.58
0.866025,2,-8.6
0.866025,2,-8.62
0.866025,2,-8.64
0.866025,2,-8.66
0.866025,2,-8.68
0.866025,2,-8.7
0.866025,2,-8.72
0.952849,1.9924,-8.74
1.11603,1.93301,-8.76
1.24905,1.82139,-8.78
1.29904,1.75,-8.8
1.35843,1.58682,-8.82
1.35843,1.41318,-8.84
1.29904,1.25,-8.86
1.24905,1.17861,-8.88
1.11603,1.06699,-8.9
0.952849,1.0076,-8.92
0.866025,1,-8.94
0.866025,1,-8.96
0.866025,1,-8.98
0.866025,1,-9
0.866025,1,-9.02
0.866025,1,-9.04
0.866025,1,-9.06
0.866025,1,-9.08
0.866025,1,-9.1
0.866025,1,-9.12
0.866025,1,-9.14
0.866025,1,-9.16
0.866025,1,-9.18
0.866025,1,-9.2
0.866025,1,-9.22
0.866025,1,-9.24
0.866025,1,-9.26
0.866025,1,-9.28
0.866025,1,-9.3
0.866025,1,-9.32
0.866025,1,-9.34
0.866025,1,-9.36
0.866025,1,-9.38
0.866025,1,-9.4
0.866025,1,-9.42
0.866025,1,-9.44
0.866025,1,-9.46
0.866025,1,-9.48
0.866025,1,-9.5
0.695015,1.03015,-9.52
0.544632,1.11698,-9.54
0.433013,1.25,-9.56
0.396179,1.32899,-9.58
0.366025,1.5,-9.6
0.396179,1.67101,-9.62
0.433013,1.75,-9.64
0.544632,1.88302,-9.66
0.695015,1.96985,-9.68
0.866025,2,-9.7
0.866025,2,-9.72
0.866025,2,-9.74
0.866025,2,-9.76
0.866025,2,-9.78
0.695015,2.03015,-9.8
0.544632,2.11698,-9.82
0.433013,2.25,-9.84
0.433013,2.25,-9.86
0.433013,2.25,-9.88
0.433013,2.25,-9.9
0.433013,2.25,-9.92
0.433013,2.25,-9.94
0.433013,2.25,-9.96
0.433013,2.25,-9.98
0.433013,2.25,-10
0.433013,2.25,-10.02
0.433013,2.25,-10.04
0.433013,2.25,-10.06
0.433013,2.25,-10.08
0.433013,2.25,-10.1
0.433013,2.25,-10.12
0.433013,2.25,-10.14
0.433013,2.25,-10.16
0.433013,2.25,-10.18
0.433013,2.25,-10.2
0.321394,2.38302,-10.22
0.17101,2.46985,-10.24
1.78463e-12,2.5,-10.26
9.91582e-13,2.5,-10.28
9.91582e-13,2.5,-10.3
9.91582e-13,2.5,-10.32
9.91582e-13,2.5,-10.34
9.91582e-13,2.5,-10.36
9.91582e-13,2.5,-10.38
9.91582e-13,2.5,-10.4
9.91582e-13,2.5,-10.42
9.91582e-13,2.5,-10.44
9.91582e-13,2.5,-10.46
9.91582e-13,2.5,-10.48
-0.17101,2.46985,-10.5
-0.321394,2.38302,-10.52
-0.433013,2.25,-10.54
-0.433013,2.25,-10.56
-0.433013,2.25,-10.58
-0.433013,2.25,-10.6
-0.433013,2.25,-10.62
-0.433013,2.25,-10.64
-0.433013,2.25,-10.66
-0.433013,2.25,-10.68
-0.433013,2.25,-10.7
-0.433013,2.25,-10.72
-0.433013,2.25,-10.74
-0.433013,2.25,-10.76
-0.433013,2.25,-10.78
-0.433013,2.25,-10.8
-0.433013,2.25,-10.82
-0.433013,2.25,-10.84
-0.433013,2.25,-10.86
-0.433013,2.25,-10.88
-0.433013,2.25,-10.9
-0.544632,2.11698,-10.92
-0.695015,2.03015,-10.94
-0.866025,2,-10.96
-0.866025,2,-10.98
-0.866025,2,-11
-0.866025,2,-11.02
-0.866025,2,-11.04
-0.695015,1.96985,-11.06
-0.544632,1.88302,-11.08
-0.433013,1.75,-11.1
-0.396179,1.67101,-11.12
-0.366025,1.5,-11.14
-0.396179,1.32899,-11.16
-0.433013,1.25,-11.18
-0.544632,1.11698,-11.2
-0.695015,1.03015,-11.22
-0.866025,1,-11.24
-0.866025,1,-11.26
-0.866025,1,-11.28
-0.866025,1,-11.3
-0.866025,1,-11.32
-0.866025,1,-11.34
-0.866025,1,-11.36
-0.866025,1,-11.38
-0.866025,1,-11.4
-0.866025,1,-11.42
-0.866025,1,-11.44
-0.866025,1,-11.46
-0.866025,1,-11.48
-0.866025,1,-11.5
-0.866025,1,-11.52
-0.866025,1,-11.54
-0.866025,1,-11.56
-0.866025,1,-11.58
-0.866025,1,-11.6
-0.866025,1,-11.62
-0.866025,1,-11.64
-0.866025,1,-11.66
-0.866025,1,-11.68
-0.866025,1,-11.7
-0.866025,1,-11.72
-0.866025,1,-11.74
-0.866025,1,-11.76
-0.866025,1,-11.78
-0.866025,1,-11.8
-0.952849,1.0076,-11.82
-1.11603,1.06699,-11.84
-1.24905,1.17861,-11.86
-1.29904,1.25,-11.88
-1.35843,1.41318,-11.9
-1.35843,1.58682,-11.92
-1.29904,1.75,-11.94
-1.24905,1.82139,-11.96
-1.11603,1.93301,-11.98
-0.952849,1.9924,-12
-0.866025,2,-12.02
-0.866025,2,-12.04
-0.866025,2,-12.06
-0.866025,2,-12.08
-0.866025,2,-12.1
-0.866025,2,-12.12
-0.866025,2,-12.14
-0.866025,2,-12.16
-0.866025,2,-12.18
-0.866025,2,-12.2
-0.866025,2,-12.22
-0.866025,2,-12.24
-0.866025,2,-12.26
-0.866025,2,-12.28
-0.866025,2,-12.3
-0.866025,2,-12.32
-0.866025,2,-12.34
-0.866025,2,-12.36
-0.866025,2,-12.38
-0.866025,2,-12.4
-0.866025,2,-12.42
-0.866025,2,-12.44
-1.03704,2.03015,-12.46
-1.18742,2.11698,-12.48
-1.29904,2.25,-12.5
-1.29904,2.25,-12.52
-1.29904,2.25,-12.54
-1.29904,2.25,-12.56
-1.29904,2.25,-12.58
-1.29904,2.25,-12.6
-1.29904,2.25,-12.62
-1.29904,2.25,-12.64
-1.29904,2.25,-12.66
-1.29904,2.25,-12.68
-1.29904,2.25,-12.7
-1.29904,2.25,-12.72
-1.29904,2.25,-12.74
-1.29904,2.25,-12.76
-1.29904,2.25,-12.78
-1.29904,2.25,-12.8
-1.29904,2.25,-12.82
-1.29904,2.25,-12.84
-1.29904,2.25,-12.86
-1.23965,2.08682,-12.88
-1.23965,1.91318,-12.9
-1.29904,1.75,-12.92
-1.29904,1.75,-12.94
-1.29904,1.75,-12.96
-1.29904,1.75,-12.98
-1.29904,1.75,-13
-1.29904,1.75,-13.02
-1.29904,1.75,-13.04
-1.29904,1.75,-13.06
-1.29904,1.75,-13.08
-1.29904,1.75,-13.1
-1.29904,1.75,-13.12
-1.29904,1.75,-13.14
-1.29904,1.75,-13.16
-1.29904,1.75,-13.18
-1.29904,1.75,-13.2
-1.29904,1.75,-13.22
-1.29904,1.75,-13.24
-1.29904,1.75,-13.26
-1.29904,1.75,-13.28
-1.29904,1.75,-13.3
-1.29904,1.75,-13.32
-1.29904,1.75,-13.34
-1.24905,1.82139,-13.36
-1.11603,1.93301,-13.38
-0.952849,1.9924,-13.4
-0.866025,2,-13.42
-0.695015,1.96985,-13.44
-0.544632,1.88302,-13.46
-0.433013,1.75,-13.48
-0.396179,1.67101,-13.5
-0.366025,1.5,-13.52
-0.396179,1.32899,-13.54
-0.433013,1.25,-13.56
-0.433013,1.25,-13.58
-0.433013,1.25,-13.6
-0.433013,1.25,-13.62
-0.433013,1.25,-13.64
-0.433013,1.25,-13.66
-0.433013,1.25,-13.68
-0.433013,1.25,-13.7
-0.433013,1.25,-13.72
-0.433013,1.25,-13.74
-0.433013,1.25,-13.76
-0.433013,1.25,-13.78
-0.433013,1.25,-13.8
-0.433013,1.25,-13.82
-0.433013,1.25,-13.84
-0.433013,1.25,-13.86
-0.433013,1.25,-13.88
-0.433013,1.25,-13.9
-0.433013,1.25,-13.92
-0.433013,1.25,-13.94
-0.433013,1.25,-13.96
-0.433013,1.25,-13.98
-0.433013,1.25,-14
-0.433013,1.25,-14.02
-0.433013,1.25,-14.04
-0.433013,1.25,-14.06
-0.433013,1.25,-14.08
-0.433013,1.25,-14.1
-0.433013,1.25,-14.12
-0.544632,1.11698,-14.14
-0.695015,1.03015,-14.16
-0.866025,1,-14.18
-0.952849,1.0076,-14.2
-1.11603,1.06699,-14.22
-1.24905,1.17861,-14.24
-1.29904,1.25,-14.26
-1.35843,1.41318,-14.28
-1.35843,1.58682,-14.3
-1.29904,1.75,-14.32
-1.29904,1.75,-14.34
-1.29904,1.75,-14.36
-1.29904,1.75,-14.38
-1.29904,1.75,-14.4
-1.41066,1.61698,-14.42
-1.56104,1.53015,-14.44
-1.73205,1.5,-14.46
-1.73205,1.5,-14.48
-1.73205,1.5,-14.5
-1.73205,1.5,-14.52
-1.73205,1.5,-14.54
-1.73205,1.5,-14.56
-1.73205,1.5,-14.58
-1.73205,1.5,-14.6
-1.73205,1.5,-14.62
-1.73205,1.5,-14.64
-1.73205,1.5,-14.66
-1.73205,1.5,-14.68
-1.73205,1.5,-14.7
-1.73205,1.5,-14.72
-1.73205,1.5,-14.74
-1.73205,1.5,-14.76
-1.73205,1.5,-14.78
-1.73205,1.5,-14.8
-1.73205,1.5,-14.82
-1.90306,1.46985,-14.84
-2.05344,1.38302,-14.86
-2.16506,1.25,-14.88
-2.16506,1.25,-14.9
-2.16506,1.25,-14.92
-2.16506,1.25,-14.94
-2.16506,1.25,-14.96
-2.16506,1.25,-14.98
-2.16506,1.25,-15
-2.16506,1.25,-15.02
-2.16506,1.25,-15.04
-2.16506,1.25,-15.06
-2.16506,1.25,-15.08
-2.16506,1.25,-15.1
-2.22445,1.08682,-15.12
-2.22445,0.913176,-15.14
-2.16506,0.75,-15.16
-2.16506,0.75,-15.18
-2.16506,0.75,-15.2
-2.16506,0.75,-15.22
-2.16506,0.75,-15.24
-2.16506,0.75,-15.26
-2.16506,0.75,-15.28
-2.16506,0.75,-15.3
-2.16506,0.75,-15.32
-2.16506,0.75,-15.34
-2.16506,0.75,-15.36
-2.16506,0.75,-15.38
-2.16506,0.75,-15.4
-2.16506,0.75,-15.42
-2.16506,0.75,-15.44
-2.16506,0.75,-15.46
-2.16506,0.75,-15.48
-2.16506,0.75,-15.5
-2.16506,0.75,-15.52
-2.10567,0.586824,-15.54
-2.10567,0.413176,-15.56
-2.16506,0.25,-15.58
-2.16506,0.25,-15.6
-2.16506,0.25,-15.62
-2.16506,0.25,-15.64
-2.16506,0.25,-15.66
-2.05344,0.383022,-15.68
-1.90306,0.469846,-15.7
-1.73205,0.5,-15.72
-1.64523,0.492404,-15.74
-1.48205,0.433013,-15.76
-1.34903,0.321394,-15.78
-1.29904,0.25,-15.8
-1.23965,0.0868241,-15.82
-1.23965,-0.0868241,-15.84
-1.29904,-0.25,-15.86
-1.29904,-0.25,-15.88
-1.29904,-0.25,-15.9
-1.29904,-0.25,-15.92
-1.29904,-0.25,-15.94
-1.29904,-0.25,-15.96
-1.29904,-0.25,-15.98
-1.29904,-0.25,-16
-1.29904,-0.25,-16.02
-1.29904,-0.25,-16.04
-1.29904,-0.25,-16.06
-1.29904,-0.25,-16.08
-1.29904,-0.25,-16.1
-1.29904,-0.25,-16.12
-1.29904,-0.25,-16.14
-1.29904,-0.25,-16.16
-1.29904,-0.25,-16.18
-1.29904,-0.25,-16.2
-1.29904,-0.25,-16.22
-1.29904,-0.25,-16.24
-1.29904,-0.25,-16.26
-1.29904,-0.25,-16.28
-1.29904,-0.25,-16.3
-1.29904,-0.25,-16.32
-1.29904,-0.25,-16.34
-1.29904,-0.25,-16.36
-1.29904,-0.25,-16.38
-1.29904,-0.25,-16.4
-1.29904,-0.25,-16.42
-1.34903,-0.321394,-16.44
-1.48205,-0.433013,-16.46
-1.64523,-0.492404,-16.48
-1.73205,-0.5,-16.5
-1.90306,-0.469846,-16.52
-2.05344,-0.383022,-16.54
-2.16506,-0.25,-16.56
-2.2019,-0.17101,-16.58
-2.23205,1.54105e-12,-16.6
-2.2019,0.17101,-16.62
-2.16506,0.25,-16.64
-2.16506,0.25,-16.66
-2.16506,0.25,-16.68
-2.16506,0.25,-16.7
-2.16506,0.25,-16.72
-2.16506,0.25,-16.74
-2.16506,0.25,-16.76
-2.16506,0.25,-16.78
-2.16506,0.25,-16.8
-2.16506,0.25,-16.82
-2.16506,0.25,-16.84
-2.16506,0.25,-16.86
-2.16506,0.25,-16.88
-2.16506,0.25,-16.9
-2.16506,0.25,-16.92
-2.16506,0.25,-16.94
-2.16506,0.25,-16.96
-2.16506,0.25,-16.98
-2.16506,0.25,-17
-2.16506,0.25,-17.02
-2.16506,0.25,-17.04
-2.16506,0.25,-17.06
-2.27668,0.116978,-17.08
-2.42707,0.0301537,-17.1
-2.59808,1.71663e-12,-17.12
-2.59808,1.71663e-12,-17.14
-2.59808,1.71663e-12,-17.16
-2.59808,1.71663e-12,-17.18
-2.59808,1.71663e-12,-17.2
-2.59808,1.71663e-12,-17.22
-2.59808,1.71663e-12,-17.24
-2.59808,1.71663e-12,-17.26
-2.59808,1.71663e-12,-17.28
-2.59808,1.71663e-12,-17.3
-2.59808,1.71663e-12,-17.32
-2.59808,1.71663e-12,-17.34
-2.59808,1.71663e-12,-17.36
-2.59808,1.71663e-12,-17.38
-2.59808,1.71663e-12,-17.4
-2.59808,1.71663e-12,-17.42
-2.59808,1.71663e-12,-17.44
-2.59808,1.71663e-12,-17.46
-2.59808,1.71663e-12,-17.48
-2.42707,-0.0301537,-17.5
-2.27668,-0.116978,-17.52
-2.16506,-0.25,-17.54
-2.16506,-0.25,-17.56
-2.16506,-0.25,-17.58
-2.16506,-0.25,-17.6
-2.16506,-0.25,-17.62
-2.16506,-0.25,-17.64
-2.16506,-0.25,-17.66
-2.16506,-0.25,-17.68
-2.16506,-0.25,-17.7
-2.16506,-0.25,-17.72
-2.16506,-0.25,-17.74
-2.16506,-0.25,-17.76
-2.16506,-0.25,-17.78
-2.16506,-0.25,-17.8
-2.16506,-0.25,-17.82
-2.16506,-0.25,-17.84
-2.16506,-0.25,-17.86
-2.16506,-0.25,-17.88
-2.16506,-0.25,-17.9
-2.16506,-0.25,-17.92
-2.16506,-0.25,-17.94
-2.16506,-0.25,-17.96
-2.2019,-0.17101,-17.98
-2.23205,1.54105e-12,-18
-2.2019,0.17101,-18.02
-2.16506,0.25,-18.04
-2.05344,0.383022,-18.06
-1.90306,0.469846,-18.08
-1.73205,0.5,-18.1
-1.64523,0.492404,-18.12
-1.48205,0.433013,-18.14
-1.34903,0.321394,-18.16
-1.29904,0.25,-18.18
-1.29904,0.25,-18.2
-1.29904,0.25,-18.22
-1.29904,0.25,-18.24
-1.29904,0.25,-18.26
-1.29904,0.25,-18.28
-1.29904,0.25,-18.3
-1.29904,0.25,-18.32
-1.29904,0.25,-18.34
-1.29904,0.25,-18.36
-1.29904,0.25,-18.38
-1.29904,0.25,-18.4
-1.29904,0.25,-18.42
-1.29904,0.25,-18.44
-1.29904,0.25,-18.46
-1.29904,0.25,-18.48
-1.29904,0.25,-18.5
-1.29904,0.25,-18.52
-1.29904,0.25,-18.54
-1.29904,0.25,-18.56
-1.29904,0.25,-18.58
-1.29904,0.25,-18.6
-1.29904,0.25,-18.62
-1.29904,0.25,-18.64
-1.29904,0.25,-18.66
-1.29904,0.25,-18.68
-1.29904,0.25,-18.7
-1.29904,0.25,-18.72
-1.29904,0.25,-18.74
-1.23965,0.0868241,-18.76
-1.23965,-0.0868241,-18.78
-1.29904,-0.25,-18.8
-1.34903,-0.321394,-18.82
-1.48205,-0.433013,-18.84
-1.64523,-0.492404,-18.86
-1.73205,-0.5,-18.88
-1.90306,-0.469846,-18.9
-2.05344,-0.383022,-18.92
-2.16506,-0.25,-18.94
-2.16506,-0.25,-18.96
-2.16506,-0.25,-18.98
-2.16506,-0.25,-19
-2.16506,-0.25,-19.02
-2.10567,-0.413176,-19.04
-2.10567,-0.586824,-19.06
-2.16506,-0.75,-19.08
-2.16506,-0.75,-19.1
-2.16506,-0.75,-19.12
-2.16506,-0.75,-19.14
-2.16506,-0.75,-19.16
-2.16506,-0.75,-19.18
-2.16506,-0.75,-19.2
-2.16506,-0.75,-19.22
-2.16506,-0.75,-19.24
-2.16506,-0.75,-19.26
-2.16506,-0.75,-19.28
-2.16506,-0.75,-19.3
-2.16506,-0.75,-19.32
-2.16506,-0.75,-19.34
-2.16506,-0.75,-19.36
-2.16506,-0.75,-19.38
-2.16506,-0.75,-19.4
-2.16506,-0.75,-19.42
-2.16506,-0.75,-19.44
-2.22445,-0.913176,-19.46
-2.22445,-1.08682,-19.48
-2.16506,-1.25,-19.5
-2.16506,-1.25,-19.52
-2.16506,-1.25,-19.54
-2.16506,-1.25,-19.56
-2.16506,-1.25,-19.58
-2.16506,-1.25,-19.6
-2.16506,-1.25,-19.62
-2.16506,-1.25,-19.64
-2.16506,-1.25,-19.66
-2.16506,-1.25,-19.68
-2.16506,-1.25,-19.7
-2.16506,-1.25,-19.72
-2.05344,-1.38302,-19.74
-1.90306,-1.46985,-19.76
-1.73205,-1.5,-19.78
-1.73205,-1.5,-19.8
-1.73205,-1.5,-19.82
-1.73205,-1.5,-19.84
-1.73205,-1.5,-19.86
-1.73205,-1.5,-19.88
-1.73205,-1.5,-19.9
-1.73205,-1.5,-19.92
-1.73205,-1.5,-19.94
-1.73205,-1.5,-19.96
-1.73205,-1.5,-19.98
-1.73205,-1.5,-20
-1.73205,-1.5,-20.02
-1.73205,-1.5,-20.04
-1.73205,-1.5,-20.06
-1.73205,-1.5,-20.08
-1.73205,-1.5,-20.1
-1.73205,-1.5,-20.12
-1.73205,-1.5,-20.14
-1.56104,-1.53015,-20.16
-1.41066,-1.61698,-20.18
-1.29904,-1.75,-20.2
-1.29904,-1.75,-20.22
-1.29904,-1.75,-20.24
-1.29904,-1.75,-20.26
-1.29904,-1.75,-20.28
-1.35843,-1.58682,-20.3
-1.35843,-1.41318,-20.32
-1.29904,-1.25,-20.34
-1.24905,-1.17861,-20.36
-1.11603,-1.06699,-20.38
-0.952849,-1.0076,-20.4
-0.866025,-1,-20.42
-0.695015,-1.03015,-20.44
-0.544632,-1.11698,-20.46
-0.433013,-1.25,-20.48
-0.433013,-1.25,-20.5
-0.433013,-1.25,-20.52
-0.433013,-1.25,-20.54
-0.433013,-1.25,-20.56
-0.433013,-1.25,-20.58
-0.433013,-1.25,-20.6
-0.433013,-1.25,-20.62
-0.433013,-1.25,-20.64
-0.433013,-1.25,-20.66
-0.433013,-1.25,-20.68
-0.433013,-1.25,-20.7
-0.433013,-1.25,-20.72
-0.433013,-1.25,-20.74
-0.433013,-1.25,-20.76
-0.433013,-1.25,-20.78
-0.433013,-1.25,-20.8
-0.433013,-1.25,-20.82
-0.433013,-1.25,-20.84
-0.433013,-1.25,-20.86
-0.433013,-1.25,-20.88
-0.433013,-1.25,-20.9
-0.433013,-1.25,-20.92
-0.433013,-1.25,-20.94
-0.433013,-1.25,-20.96
-0.433013,-1.25,-20.98
-0.433013,-1.25,-21
-0.433013,-1.25,-21.02
-0.433013,-1.25,-21.04
-0.396179,-1.32899,-21.06
-0.366025,-1.5,-21.08
-0.396179,-1.67101,-21.1
-0.433013,-1.75,-21.12
-0.544632,-1.88302,-21.14
-0.695015,-1.96985,-21.16
-0.866025,-2,-21.18
-0.952849,-1.9924,-21.2
-1.11603,-1.93301,-21.22
-1.24905,-1.82139,-21.24
-1.29904,-1.75,-21.26
-1.29904,-1.75,-21.28
-1.29904,-1.75,-21.3
-1.29904,-1.75,-21.32
-1.29904,-1.75,-21.34
-1.29904,-1.75,-21.36
-1.29904,-1.75,-21.38
-1.29904,-1.75,-21.4
-1.29904,-1.75,-21.42
-1.29904,-1.75,-21.44
-1.29904,-1.75,-21.46
-1.29904,-1.75,-21.48
-1.29904,-1.75,-21.5
-1.29904,-1.75,-21.52
-1.29904,-1.75,-21.54
-1.29904,-1.75,-21.56
-1.29904,-1.75,-21.58
-1.29904,-1.75,-21.6
-1.29904,-1.75,-21.62
-1.29904,-1.75,-21.64
-1.29904,-1.75,-21.66
-1.29904,-1.75,-21.68
-1.23965,-1.91318,-21.7
-1.23965,-2.08682,-21.72
-1.29904,-2.25,-21.74
-1.29904,-2.25,-21.76
-1.29904,-2.25,-21.78
-1.29904,-2.25,-21.8
-1.29904,-2.25,-21.82
-1.29904,-2.25,-21.84
-1.29904,-2.25,-21.86
-1.29904,-2.25,-21.88
-1.29904,-2.25,-21.9
-1.29904,-2.25,-21.92
-1.29904,-2.25,-21.94
-1.29904,-2.25,-21.96
-1.29904,-2.25,-21.98
-1.29904,-2.25,-22
-1.29904,-2.25,-22.02
-1.29904,-2.25,-22.04
-1.29904,-2.25,-22.06
-1.29904,-2.25,-22.08
-1.29904,-2.25,-22.1
-1.18742,-2.11698,-22.12
-1.03704,-2.03015,-22.14
-0.866025,-2,-22.16
-0.866025,-2,-22.18
-0.866025,-2,-22.2
-0.866025,-2,-22.22
-0.866025,-2,-22.24
-0.866025,-2,-22.26
-0.866025,-2,-22.28
-0.866025,-2,-22.3
-0.866025,-2,-22.32
-0.866025,-2,-22.34
-0.866025,-2,-22.36
-0.866025,-2,-22.38
-0.866025,-2,-22.4
-0.866025,-2,-22.42
-0.866025,-2,-22.44
-0.866025,-2,-22.46
-0.866025,-2,-22.48
-0.866025,-2,-22.5
-0.866025,-2,-22.52
-0.866025,-2,-22.54
-0.866025,-2,-22.56
-0.866025,-2,-22.58
-0.952849,-1.9924,-22.6
-1.11603,-1.93301,-22.62
-1.24905,-1.82139,-22.64
-1.29904,-1.75,-22.66
-1.35843,-1.58682,-22.68
-1.35843,-1.41318,-22.7
-1.29904,-1.25,-22.72
-1.24905,-1.17861,-22.74
-1.11603,-1.06699,-22.76
-0.952849,-1.0076,-22.78
-0.866025,-1,-22.8
-0.866025,-1,-22.82
-0.866025,-1,-22.84
-0.866025,-1,-22.86
-0.866025,-1,-22.88
-0.866025,-1,-22.9
-0.866025,-1,-22.92
-0.866025,-1,-22.94
-0.866025,-1,-22.96
-0.866025,-1,-22.98
-0.866025,-1,-23
-0.866025,-1,-23.02
-0.866025,-1,-23.04
-0.866025,-1,-23.06
-0.866025,-1,-23.08
-0.866025,-1,-23.1
-0.866025,-1,-23.12
-0.866025,-1,-23.14
-0.866025,-1,-23.16
-0.866025,-1,-23.18
-0.866025,-1,-23.2
-0.866025,-1,-23.22
-0.866025,-1,-23.24
-0.866025,-1,-23.26
-0.866025,-1,-23.28
-0.866025,-1,-23.3
-0.866025,-1,-23.32
-0.866025,-1,-23.34
-0.866025,-1,-23.36
-0.695015,-1.03015,-23.38
-0.544632,-1.11698,-23.4
-0.433013,-1.25,-23.42
-0.396179,-1.32899,-23.44
-0.366025,-1.5,-23.46
-0.396179,-1.67101,-23.48
-0.433013,-1.75,-23.5
-0.544632,-1.88302,-23.52
-0.695015,-1.96985,-23.54
-0.866025,-2,-23.56
-0.866025,-2,-23.58
-0.866025,-2,-23.6
-0.866025,-2,-23.62
-0.866025,-2,-23.64
-0.695015,-2.03015,-23.66
-0.544632,-2.11698,-23.68
-0.433013,-2.25,-23.7
-0.433013,-2.25,-23.72
-0.433013,-2.25,-23.74
-0.433013,-2.25,-23.76
-0.433013,-2.25,-23.78
-0.433013,-2.25,-23.8
-0.433013,-2.25,-23.82
-0.433013,-2.25,-23.84
-0.433013,-2.25,-23.86
-0.433013,-2.25,-23.88
-0.433013,-2.25,-23.9
-0.433013,-2.25,-23.92
-0.433013,-2.25,-23.94
-0.433013,-2.25,-23.96
-0.433013,-2.25,-23.98
-0.433013,-2.25,-24
-0.433013,-2.25,-24.02
-0.433013,-2.25,-24.04
-0.433013,-2.25,-24.06
-0.321394,-2.38302,-24.08
-0.17101,-2.46985,-24.1
-2.97408e-12,-2.5,-24.12
-2.97408e-12,-2.5,-24.14
-2.97408e-12,-2.5,-24.16
-2.97408e-12,-2.5,-24.18
-2.97408e-12,-2.5,-24.2
-2.97408e-12,-2.5,-24.22
-2.97408e-12,-2.5,-24.24
-2.97408e-12,-2.5,-24.26
-2.97408e-12,-2.5,-24.28
-2.97408e-12,-2.5,-24.3
-2.97408e-12,-2.5,-24.32
-2.97408e-12,-2.5,-24.34
0.17101,-2.46985,-24.36
0.321394,-2.38302,-24.38
0.433013,-2.25,-24.4
0.433013,-2.25,-24.42
0.433013,-2.25,-24.44
0.433013,-2.25,-24.46
0.433013,-2.25,-24.48
0.433013,-2.25,-24.5
0.433013,-2.25,-24.52
0.433013,-2.25,-24.54
0.433013,-2.25,-24.56
0.433013,-2.25,-24.58
0.433013,-2.25,-24.6
0.433013,-2.25,-24.62
0.433013,-2.25,-24.64
0.433013,-2.25,-24.66
0.433013,-2.25,-24.68
0.433013,-2.25,-24.7
0.433013,-2.25,-24.72
0.433013,-2.25,-24.74
0.433013,-2.25,-24.76
0.544632,-2.11698,-24.78
0.695015,-2.03015,-24.8
0.866025,-2,-24.82
0.866025,-2,-24.84
0.866025,-2,-24.86
0.866025,-2,-24.88
0.866025,-2,-24.9
0.695015,-1.96985,-24.92
0.544632,-1.88302,-24.94
0.433013,-1.75,-24.96
0.396179,-1.67101,-24.98
