-2.16506,-2.25,14.98
-2.16506,-2.25,14.96
-2.16506,-2.25,14.94
-2.16506,-2.25,14.92
-2.16506,-2.25,14.9
-2.16506,-2.25,14.88
-2.16506,-2.25,14.86
-2.16506,-2.25,14.84
-2.16506,-2.25,14.82
-2.16506,-2.25,14.8
-2.16506,-2.25,14.78
-2.16506,-2.25,14.76
-2.16506,-2.25,14.74
-2.16506,-2.25,14.72
-2.16506,-2.25,14.7
-2.16506,-2.25,14.68
-2.16506,-2.25,14.66
-2.16506,-2.25,14.64
-2.16506,-2.25,14.62
-2.16506,-2.25,14.6
-2.16506,-2.25,14.58
-2.16506,-2.25,14.56
-2.16506,-2.25,14.54
-2.16506,-2.25,14.52
-2.2019,-2.17101,14.5
-2.23205,-2,14.48
-2.2019,-1.82899,14.46
-2.16506,-1.75,14.44
-2.16506,-1.75,14.42
-2.16506,-1.75,14.4
-2.16506,-1.75,14.38
-2.16506,-1.75,14.36
-2.16506,-1.75,14.34
-2.16506,-1.75,14.32
-2.16506,-1.75,14.3
-2.16506,-1.75,14.28
-2.16506,-1.75,14.26
-2.16506,-1.75,14.24
-2.16506,-1.75,14.22
-2.16506,-1.75,14.2
-2.16506,-1.75,14.18
-2.16506,-1.75,14.16
-2.16506,-1.75,14.14
-2.16506,-1.75,14.12
-2.16506,-1.75,14.1
-2.16506,-1.75,14.08
-2.16506,-1.75,14.06
-2.16506,-1.75,14.04
-2.16506,-1.75,14.02
-2.10567,-1.58682,14
-2.10567,-1.41318,13.98
-2.16506,-1.25,13.96
-2.21505,-1.17861,13.94
-2.34808,-1.06699,13.92
-2.51125,-1.0076,13.9
-2.59808,-1,13.88
-2.76909,-1.03015,13.86
-2.91947,-1.11698,13.84
-3.03109,-1.25,13.82
-3.06792,-1.32899,13.8
-3.09808,-1.5,13.78
-3.06792,-1.67101,13.76
-3.03109,-1.75,13.74
-3.03109,-1.75,13.72
-3.03109,-1.75,13.7
-3.03109,-1.75,13.68
-3.03109,-1.75,13.66
-3.03109,-1.75,13.64
-3.03109,-1.75,13.62
-3.03109,-1.75,13.6
-3.03109,-1.75,13.58
-3.03109,-1.75,13.56
-3.03109,-1.75,13.54
-3.03109,-1.75,13.52
-3.03109,-1.75,13.5
-3.03109,-1.75,13.48
-3.03109,-1.75,13.46
-3.03109,-1.75,13.44
-3.03109,-1.75,13.42
-3.03109,-1.75,13.4
-3.03109,-1.75,13.38
-3.03109,-1.75,13.36
-3.03109,-1.75,13.34
-3.03109,-1.75,13.32
-3.03109,-1.75,13.3
-3.03109,-1.75,13.28
-3.03109,-1.75,13.26
-2.9811,-1.82139,13.24
-2.84808,-1.93301,13.22
-2.6849,-1.9924,13.2
-2.59808,-2,13.18
-2.42707,-1.96985,13.16
-2.27668,-1.88302,13.14
-2.16506,-1.75,13.12
-2.12823,-1.67101,13.1
-2.09808,-1.5,13.08
-2.12823,-1.32899,13.06
-2.16506,-1.25,13.04
-2.27668,-1.11698,13.02
-2.42707,-1.03015,13
-2.59808,-1,12.98
-2.59808,-1,12.96
-2.59808,-1,12.94
-2.59808,-1,12.92
-2.59808,-1,12.9
-2.59808,-1,12.88
-2.59808,-1,12.86
-2.59808,-1,12.84
-2.59808,-1,12.82
-2.59808,-1,12.8
-2.59808,-1,12.78
-2.59808,-1,12.76
-2.59808,-1,12.74
-2.59808,-1,12.72
-2.59808,-1,12.7
-2.59808,-1,12.68
-2.59808,-1,12.66
-2.59808,-1,12.64
-2.59808,-1,12.62
-2.59808,-1,12.6
-2.59808,-1,12.58
-2.59808,-1,12.56
-2.6849,-0.992404,12.54
-2.84808,-0.933013,12.52
-2.9811,-0.821394,12.5
-3.03109,-0.75,12.48
-3.03109,-0.75,12.46
-3.03109,-0.75,12.44
-3.03109,-0.75,12.42
-3.03109,-0.75,12.4
-3.03109,-0.75,12.38
-3.03109,-0.75,12.36
-3.03109,-0.75,12.34
-3.03109,-0.75,12.32
-3.03109,-0.75,12.3
-3.03109,-0.75,12.28
-3.03109,-0.75,12.26
-3.03109,-0.75,12.24
-3.03109,-0.75,12.22
-3.03109,-0.75,12.2
-3.03109,-0.75,12.18
-3.03109,-0.75,12.16
-3.03109,-0.75,12.14
-3.03109,-0.75,12.12
-3.03109,-0.75,12.1
-3.03109,-0.75,12.08
-3.03109,-0.75,12.06
-3.03109,-0.75,12.04
-3.03109,-0.75,12.02
-3.03109,-0.75,12
-3.03109,-0.75,11.98
-3.03109,-0.75,11.96
-3.03109,-0.75,11.94
-3.03109,-0.75,11.92
-3.03109,-0.75,11.9
-3.03109,-0.75,11.88
-3.03109,-0.75,11.86
-3.03109,-0.75,11.84
-3.03109,-0.75,11.82
-3.03109,-0.75,11.8
-3.03109,-0.75,11.78
-3.09048,-0.586824,11.76
-3.09048,-0.413176,11.74
-3.03109,-0.25,11.72
-3.03109,-0.25,11.7
-3.03109,-0.25,11.68
-3.03109,-0.25,11.66
-3.03109,-0.25,11.64
-3.03109,-0.25,11.62
-3.03109,-0.25,11.6
-3.03109,-0.25,11.58
-3.03109,-0.25,11.56
-3.03109,-0.25,11.54
-3.03109,-0.25,11.52
-3.03109,-0.25,11.5
-3.03109,-0.25,11.48
-3.03109,-0.25,11.46
-3.03109,-0.25,11.44
-3.03109,-0.25,11.42
-3.03109,-0.25,11.4
-3.03109,-0.25,11.38
-3.03109,-0.25,11.36
-3.03109,-0.25,11.34
-3.03109,-0.25,11.32
-3.03109,-0.25,11.3
-3.03109,-0.25,11.28
-3.03109,-0.25,11.26
-3.03109,-0.25,11.24
-3.03109,-0.25,11.22
-3.03109,-0.25,11.2
-3.03109,-0.25,11.18
-3.03109,-0.25,11.16
-3.03109,-0.25,11.14
-3.03109,-0.25,11.12
-3.03109,-0.25,11.1
-3.03109,-0.25,11.08
-3.03109,-0.25,11.06
-3.03109,-0.25,11.04
-3.03109,-0.25,11.02
-2.9811,-0.178606,11
-2.84808,-0.0669873,10.98
-2.6849,-0.00759612,10.96
-2.59808,1.71663e-12,10.94
-2.59808,1.71663e-12,10.92
-2.59808,1.71663e-12,10.9
-2.59808,1.71663e-12,10.88
-2.59808,1.71663e-12,10.86
-2.59808,1.71663e-12,10.84
-2.59808,1.71663e-12,10.82
-2.59808,1.71663e-12,10.8
-2.59808,1.71663e-12,10.78
-2.59808,1.71663e-12,10.76
-2.59808,1.71663e-12,10.74
-2.59808,1.71663e-12,10.72
-2.59808,1.71663e-12,10.7
-2.59808,1.71663e-12,10.68
-2.59808,1.71663e-12,10.66
-2.76909,0.0301537,10.64
-2.91947,0.116978,10.62
-3.03109,0.25,10.6
-3.03109,0.25,10.58
-3.03109,0.25,10.56
-3.03109,0.25,10.54
-3.03109,0.25,10.52
-3.03109,0.25,10.5
-3.03109,0.25,10.48
-3.03109,0.25,10.46
-3.03109,0.25,10.44
-3.03109,0.25,10.42
-3.03109,0.25,10.4
-3.03109,0.25,10.38
-3.03109,0.25,10.36
-3.03109,0.25,10.34
-3.03109,0.25,10.32
-3.03109,0.25,10.3
-3.03109,0.25,10.28
-3.03109,0.25,10.26
-3.03109,0.25,10.24
-3.03109,0.25,10.22
-3.03109,0.25,10.2
-3.03109,0.25,10.18
-3.03109,0.25,10.16
-3.03109,0.25,10.14
-3.03109,0.25,10.12
-3.03109,0.25,10.1
-3.03109,0.25,10.08
-3.03109,0.25,10.06
-3.03109,0.25,10.04
-3.03109,0.25,10.02
-3.03109,0.25,10
-3.03109,0.25,9.98
-3.03109,0.25,9.96
-3.03109,0.25,9.94
-3.03109,0.25,9.92
-3.03109,0.25,9.9
-3.06792,0.32899,9.88
-3.09808,0.5,9.86
-3.06792,0.67101,9.84
-3.03109,0.75,9.82
-3.03109,0.75,9.8
-3.03109,0.75,9.78
-3.03109,0.75,9.76
-3.03109,0.75,9.74
-3.03109,0.75,9.72
-3.03109,0.75,9.7
-3.03109,0.75,9.68
-3.03109,0.75,9.66
-3.03109,0.75,9.64
-3.03109,0.75,9.62
-3.03109,0.75,9.6
-3.03109,0.75,9.58
-3.03109,0.75,9.56
-3.03109,0.75,9.54
-3.03109,0.75,9.52
-3.03109,0.75,9.5
-3.03109,0.75,9.48
-3.03109,0.75,9.46
-3.03109,0.75,9.44
-3.03109,0.75,9.42
-3.03109,0.75,9.4
-3.03109,0.75,9.38
-3.03109,0.75,9.36
-3.03109,0.75,9.34
-3.03109,0.75,9.32
-3.03109,0.75,9.3
-3.03109,0.75,9.28
-3.03109,0.75,9.26
-3.03109,0.75,9.24
-3.03109,0.75,9.22
-3.03109,0.75,9.2
-3.03109,0.75,9.18
-3.03109,0.75,9.16
-3.03109,0.75,9.14
-3.03109,0.75,9.12
-2.91947,0.883022,9.1
-2.76909,0.969846,9.08
-2.59808,1,9.06
-2.59808,1,9.04
-2.59808,1,9.02
-2.59808,1,9
-2.59808,1,8.98
-2.59808,1,8.96
-2.59808,1,8.94
-2.59808,1,8.92
-2.59808,1,8.9
-2.59808,1,8.88
-2.59808,1,8.86
-2.59808,1,8.84
-2.59808,1,8.82
-2.59808,1,8.8
-2.59808,1,8.78
-2.59808,1,8.76
-2.59808,1,8.74
-2.59808,1,8.72
-2.59808,1,8.7
-2.59808,1,8.68
-2.59808,1,8.66
-2.59808,1,8.64
-2.51125,1.0076,8.62
-2.34808,1.06699,8.6
-2.21505,1.17861,8.58
-2.16506,1.25,8.56
-2.10567,1.41318,8.54
-2.10567,1.58682,8.52
-2.16506,1.75,8.5
-2.21505,1.82139,8.48
-2.34808,1.93301,8.46
-2.51125,1.9924,8.44
-2.59808,2,8.42
-2.76909,1.96985,8.4
-2.91947,1.88302,8.38
-3.03109,1.75,8.36
-3.03109,1.75,8.34
-3.03109,1.75,8.32
-3.03109,1.75,8.3
-3.03109,1.75,8.28
-3.03109,1.75,8.26
-3.03109,1.75,8.24
-3.03109,1.75,8.22
-3.03109,1.75,8.2
-3.03109,1.75,8.18
-3.03109,1.75,8.16
-3.03109,1.75,8.14
-3.03109,1.75,8.12
-3.03109,1.75,8.1
-3.03109,1.75,8.08
-3.03109,1.75,8.06
-3.03109,1.75,8.04
-3.03109,1.75,8.02
-3.03109,1.75,8
-3.03109,1.75,7.98
-3.03109,1.75,7.96
-3.03109,1.75,7.94
-3.03109,1.75,7.92
-3.03109,1.75,7.9
-3.03109,1.75,7.88
-3.03109,1.75,7.86
-3.09048,1.58682,7.84
-3.09048,1.41318,7.82
-3.03109,1.25,7.8
-2.9811,1.17861,7.78
-2.84808,1.06699,7.76
-2.6849,1.0076,7.74
-2.59808,1,7.72
-2.42707,1.03015,7.7
-2.27668,1.11698,7.68
-2.16506,1.25,7.66
-2.12823,1.32899,7.64
-2.09808,1.5,7.62
-2.12823,1.67101,7.6
-2.16506,1.75,7.58
-2.16506,1.75,7.56
-2.16506,1.75,7.54
-2.16506,1.75,7.52
-2.16506,1.75,7.5
-2.16506,1.75,7.48
-2.16506,1.75,7.46
-2.16506,1.75,7.44
-2.16506,1.75,7.42
-2.16506,1.75,7.4
-2.16506,1.75,7.38
-2.16506,1.75,7.36
-2.16506,1.75,7.34
-2.16506,1.75,7.32
-2.16506,1.75,7.3
-2.16506,1.75,7.28
-2.16506,1.75,7.26
-2.16506,1.75,7.24
-2.16506,1.75,7.22
-2.16506,1.75,7.2
-2.16506,1.75,7.18
-2.16506,1.75,7.16
-2.22445,1.91318,7.14
-2.22445,2.08682,7.12
-2.16506,2.25,7.1
-2.16506,2.25,7.08
-2.16506,2.25,7.06
-2.16506,2.25,7.04
-2.16506,2.25,7.02
-2.16506,2.25,7
-2.16506,2.25,6.98
-2.16506,2.25,6.96
-2.16506,2.25,6.94
-2.16506,2.25,6.92
-2.16506,2.25,6.9
-2.16506,2.25,6.88
-2.16506,2.25,6.86
-2.16506,2.25,6.84
-2.16506,2.25,6.82
-2.16506,2.25,6.8
-2.16506,2.25,6.78
-2.16506,2.25,6.76
-2.16506,2.25,6.74
-2.16506,2.25,6.72
-2.16506,2.25,6.7
-2.16506,2.25,6.68
-2.16506,2.25,6.66
-2.16506,2.25,6.64
-2.16506,2.25,6.62
-2.16506,2.25,6.6
-2.16506,2.25,6.58
-2.16506,2.25,6.56
-2.16506,2.25,6.54
-2.16506,2.25,6.52
-2.16506,2.25,6.5
-2.16506,2.25,6.48
-2.16506,2.25,6.46
-2.16506,2.25,6.44
-2.16506,2.25,6.42
-2.16506,2.25,6.4
-2.11507,2.32139,6.38
-1.98205,2.43301,6.36
-1.81887,2.4924,6.34
-1.73205,2.5,6.32
-1.73205,2.5,6.3
-1.73205,2.5,6.28
-1.73205,2.5,6.26
-1.73205,2.5,6.24
-1.73205,2.5,6.22
-1.73205,2.5,6.2
-1.73205,2.5,6.18
-1.73205,2.5,6.16
-1.73205,2.5,6.14
-1.73205,2.5,6.12
-1.73205,2.5,6.1
-1.73205,2.5,6.08
-1.73205,2.5,6.06
-1.73205,2.5,6.04
-1.73205,2.5,6.02
-1.73205,2.5,6
-1.73205,2.5,5.98
-1.73205,2.5,5.96
-1.73205,2.5,5.94
-1.73205,2.5,5.92
-1.73205,2.5,5.9
-1.73205,2.5,5.88
-1.73205,2.5,5.86
-1.73205,2.5,5.84
-1.73205,2.5,5.82
-1.73205,2.5,5.8
-1.73205,2.5,5.78
-1.73205,2.5,5.76
-1.73205,2.5,5.74
-1.73205,2.5,5.72
-1.73205,2.5,5.7
-1.73205,2.5,5.68
-1.73205,2.5,5.66
-1.73205,2.5,5.64
-1.73205,2.5,5.62
-1.56104,2.46985,5.6
-1.41066,2.38302,5.58
-1.29904,2.25,5.56
-1.29904,2.25,5.54
-1.29904,2.25,5.52
-1.29904,2.25,5.5
-1.29904,2.25,5.48
-1.29904,2.25,5.46
-1.29904,2.25,5.44
-1.29904,2.25,5.42
-1.29904,2.25,5.4
-1.29904,2.25,5.38
-1.29904,2.25,5.36
-1.29904,2.25,5.34
-1.29904,2.25,5.32
-1.29904,2.25,5.3
-1.29904,2.25,5.28
-1.33587,2.32899,5.26
-1.36603,2.5,5.24
-1.33587,2.67101,5.22
-1.29904,2.75,5.2
-1.29904,2.75,5.18
-1.29904,2.75,5.16
-1.29904,2.75,5.14
-1.29904,2.75,5.12
-1.29904,2.75,5.1
-1.29904,2.75,5.08
-1.29904,2.75,5.06
-1.29904,2.75,5.04
-1.29904,2.75,5.02
-1.29904,2.75,5
-1.29904,2.75,4.98
-1.29904,2.75,4.96
-1.29904,2.75,4.94
-1.29904,2.75,4.92
-1.29904,2.75,4.9
-1.29904,2.75,4.88
-1.29904,2.75,4.86
-1.29904,2.75,4.84
-1.29904,2.75,4.82
-1.29904,2.75,4.8
-1.29904,2.75,4.78
-1.29904,2.75,4.76
-1.29904,2.75,4.74
-1.29904,2.75,4.72
-1.29904,2.75,4.7
-1.29904,2.75,4.68
-1.29904,2.75,4.66
-1.29904,2.75,4.64
-1.29904,2.75,4.62
-1.29904,2.75,4.6
-1.29904,2.75,4.58
-1.29904,2.75,4.56
-1.29904,2.75,4.54
-1.29904,2.75,4.52
-1.29904,2.75,4.5
-1.18742,2.88302,4.48
-1.03704,2.96985,4.46
-0.866025,3,4.44
-0.866025,3,4.42
-0.866025,3,4.4
-0.866025,3,4.38
-0.866025,3,4.36
-0.866025,3,4.34
-0.866025,3,4.32
-0.866025,3,4.3
-0.866025,3,4.28
-0.866025,3,4.26
-0.866025,3,4.24
-0.866025,3,4.22
-0.866025,3,4.2
-0.866025,3,4.18
-0.866025,3,4.16
-0.866025,3,4.14
-0.866025,3,4.12
-0.866025,3,4.1
-0.866025,3,4.08
-0.866025,3,4.06
-0.866025,3,4.04
-0.866025,3,4.02
-0.866025,3,4
-0.866025,3,3.98
-0.866025,3,3.96
-0.866025,3,3.94
-0.866025,3,3.92
-0.866025,3,3.9
-0.866025,3,3.88
-0.866025,3,3.86
-0.866025,3,3.84
-0.866025,3,3.82
-0.866025,3,3.8
-0.866025,3,3.78
-0.866025,3,3.76
-0.866025,3,3.74
-0.779201,2.9924,3.72
-0.616025,2.93301,3.7
-0.483003,2.82139,3.68
-0.433013,2.75,3.66
-0.433013,2.75,3.64
-0.433013,2.75,3.62
-0.433013,2.75,3.6
-0.433013,2.75,3.58
-0.433013,2.75,3.56
-0.433013,2.75,3.54
-0.433013,2.75,3.52
-0.433013,2.75,3.5
-0.433013,2.75,3.48
-0.433013,2.75,3.46
-0.433013,2.75,3.44
-0.433013,2.75,3.42
-0.433013,2.75,3.4
-0.433013,2.75,3.38
-0.433013,2.75,3.36
-0.433013,2.75,3.34
-0.433013,2.75,3.32
-0.433013,2.75,3.3
-0.433013,2.75,3.28
-0.433013,2.75,3.26
-0.433013,2.75,3.24
-0.321394,2.61698,3.22
-0.17101,2.53015,3.2
5.94727e-13,2.5,3.18
0.0868241,2.5076,3.16
0.25,2.56699,3.14
0.383022,2.67861,3.12
0.433013,2.75,3.1
0.492404,2.91318,3.08
0.492404,3.08682,3.06
0.433013,3.25,3.04
0.383022,3.32139,3.02
0.25,3.43301,3
0.0868241,3.4924,2.98
1.38822e-12,3.5,2.96
1.38822e-12,3.5,2.94
1.38822e-12,3.5,2.92
1.38822e-12,3.5,2.9
1.38822e-12,3.5,2.88
1.38822e-12,3.5,2.86
1.38822e-12,3.5,2.84
1.38822e-12,3.5,2.82
1.38822e-12,3.5,2.8
1.38822e-12,3.5,2.78
1.38822e-12,3.5,2.76
1.38822e-12,3.5,2.74
1.38822e-12,3.5,2.72
1.38822e-12,3.5,2.7
1.38822e-12,3.5,2.68
1.38822e-12,3.5,2.66
1.38822e-12,3.5,2.64
1.38822e-12,3.5,2.62
1.38822e-12,3.5,2.6
1.38822e-12,3.5,2.58
1.38822e-12,3.5,2.56
1.38822e-12,3.5,2.54
1.38822e-12,3.5,2.52
1.38822e-12,3.5,2.5
1.38822e-12,3.5,2.48
-0.0868241,3.4924,2.46
-0.25,3.43301,2.44
-0.383022,3.32139,2.42
-0.433013,3.25,2.4
-0.492404,3.08682,2.38
-0.492404,2.91318,2.36
-0.433013,2.75,2.34
-0.383022,2.67861,2.32
-0.25,2.56699,2.3
-0.0868241,2.5076,2.28
5.94727e-13,2.5,2.26
0.17101,2.53015,2.24
0.321394,2.61698,2.22
0.433013,2.75,2.2
0.433013,2.75,2.18
0.433013,2.75,2.16
0.433013,2.75,2.14
0.433013,2.75,2.12
0.433013,2.75,2.1
0.433013,2.75,2.08
0.433013,2.75,2.06
0.433013,2.75,2.04
0.433013,2.75,2.02
0.433013,2.75,2
0.433013,2.75,1.98
0.433013,2.75,1.96
0.433013,2.75,1.94
0.433013,2.75,1.92
0.433013,2.75,1.9
0.433013,2.75,1.88
0.433013,2.75,1.86
0.433013,2.75,1.84
0.433013,2.75,1.82
0.433013,2.75,1.8
0.433013,2.75,1.78
0.483003,2.82139,1.76
0.616025,2.93301,1.74
0.779201,2.9924,1.72
0.866025,3,1.7
0.866025,3,1.68
0.866025,3,1.66
0.866025,3,1.64
0.866025,3,1.62
0.866025,3,1.6
0.866025,3,1.58
0.866025,3,1.56
0.866025,3,1.54
0.866025,3,1.52
0.866025,3,1.5
0.866025,3,1.48
0.866025,3,1.46
0.866025,3,1.44
0.866025,3,1.42
0.866025,3,1.4
0.866025,3,1.38
0.866025,3,1.36
0.866025,3,1.34
0.866025,3,1.32
0.866025,3,1.3
0.866025,3,1.28
0.866025,3,1.26
0.866025,3,1.24
0.866025,3,1.22
0.866025,3,1.2
0.866025,3,1.18
0.866025,3,1.16
0.866025,3,1.14
0.866025,3,1.12
0.866025,3,1.1
0.866025,3,1.08
0.866025,3,1.06
0.866025,3,1.04
0.866025,3,1.02
0.866025,3,1
1.03704,2.96985,0.98
1.18742,2.88302,0.96
1.29904,2.75,0.94
1.29904,2.75,0.92
1.29904,2.75,0.9
1.29904,2.75,0.88
1.29904,2.75,0.86
1.29904,2.75,0.84
1.29904,2.75,0.82
1.29904,2.75,0.8
1.29904,2.75,0.78
1.29904,2.75,0.76
1.29904,2.75,0.74
1.29904,2.75,0.72
1.29904,2.75,0.7
1.29904,2.75,0.68
1.29904,2.75,0.66
1.29904,2.75,0.64
1.29904,2.75,0.62
1.29904,2.75,0.6
1.29904,2.75,0.58
1.29904,2.75,0.56
1.29904,2.75,0.54
1.29904,2.75,0.52
1.29904,2.75,0.5
1.29904,2.75,0.48
1.29904,2.75,0.46
1.29904,2.75,0.44
1.29904,2.75,0.42
1.29904,2.75,0.4
1.29904,2.75,0.38
1.29904,2.75,0.36
1.29904,2.75,0.34
1.29904,2.75,0.32
1.29904,2.75,0.3
1.29904,2.75,0.28
1.29904,2.75,0.26
1.29904,2.75,0.24
1.33587,2.67101,0.22
1.36603,2.5,0.2
1.33587,2.32899,0.18
1.29904,2.25,0.16
1.29904,2.25,0.14
1.29904,2.25,0.12
1.29904,2.25,0.1
1.29904,2.25,0.08
1.29904,2.25,0.06
1.29904,2.25,0.04
1.29904,2.25,0.02
1.29904,2.25,-4.12829e-14
1.29904,2.25,-0.02
1.29904,2.25,-0.04
1.29904,2.25,-0.06
1.29904,2.25,-0.08
1.29904,2.25,-0.1
1.29904,2.25,-0.12
1.41066,2.38302,-0.14
1.56104,2.46985,-0.16
1.73205,2.5,-0.18
1.73205,2.5,-0.2
1.73205,2.5,-0.22
1.73205,2.5,-0.24
1.73205,2.5,-0.26
1.73205,2.5,-0.28
1.73205,2.5,-0.3
1.73205,2.5,-0.32
1.73205,2.5,-0.34
1.73205,2.5,-0.36
1.73205,2.5,-0.38
1.73205,2.5,-0.4
1.73205,2.5,-0.42
1.73205,2.5,-0.44
1.73205,2.5,-0.46
1.73205,2.5,-0.48
1.73205,2.5,-0.5
1.73205,2.5,-0.52
1.73205,2.5,-0.54
1.73205,2.5,-0.56
1.73205,2.5,-0.58
1.73205,2.5,-0.6
1.73205,2.5,-0.62
1.73205,2.5,-0.64
1.73205,2.5,-0.66
1.73205,2.5,-0.68
1.73205,2.5,-0.7
1.73205,2.5,-0.72
1.73205,2.5,-0.74
1.73205,2.5,-0.76
1.73205,2.5,-0.78
1.73205,2.5,-0.8
1.73205,2.5,-0.82
1.73205,2.5,-0.84
1.73205,2.5,-0.86
1.73205,2.5,-0.88
1.81887,2.4924,-0.9
1.98205,2.43301,-0.92
2.11507,2.32139,-0.94
2.16506,2.25,-0.96
2.16506,2.25,-0.98
2.16506,2.25,-1
2.16506,2.25,-1.02
2.16506,2.25,-1.04
2.16506,2.25,-1.06
2.16506,2.25,-1.08
2.16506,2.25,-1.1
2.16506,2.25,-1.12
2.16506,2.25,-1.14
2.16506,2.25,-1.16
2.16506,2.25,-1.18
2.16506,2.25,-1.2
2.16506,2.25,-1.22
2.16506,2.25,-1.24
2.16506,2.25,-1.26
2.16506,2.25,-1.28
2.16506,2.25,-1.3
2.16506,2.25,-1.32
2.16506,2.25,-1.34
2.16506,2.25,-1.36
2.16506,2.25,-1.38
2.16506,2.25,-1.4
2.16506,2.25,-1.42
2.16506,2.25,-1.44
2.16506,2.25,-1.46
2.16506,2.25,-1.48
2.16506,2.25,-1.5
2.16506,2.25,-1.52
2.16506,2.25,-1.54
2.16506,2.25,-1.56
2.16506,2.25,-1.58
2.16506,2.25,-1.6
2.16506,2.25,-1.62
2.16506,2.25,-1.64
2.16506,2.25,-1.66
2.22445,2.08682,-1.68
2.22445,1.91318,-1.7
2.16506,1.75,-1.72
2.16506,1.75,-1.74
2.16506,1.75,-1.76
2.16506,1.75,-1.78
2.16506,1.75,-1.8
2.16506,1.75,-1.82
2.16506,1.75,-1.84
2.16506,1.75,-1.86
2.16506,1.75,-1.88
2.16506,1.75,-1.9
2.16506,1.75,-1.92
2.16506,1.75,-1.94
2.16506,1.75,-1.96
2.16506,1.75,-1.98
2.16506,1.75,-2
2.16506,1.75,-2.02
2.16506,1.75,-2.04
2.16506,1.75,-2.06
2.16506,1.75,-2.08
2.16506,1.75,-2.1
2.16506,1.75,-2.12
2.16506,1.75,-2.14
2.12823,1.67101,-2.16
2.09808,1.5,-2.18
2.12823,1.32899,-2.2
2.16506,1.25,-2.22
2.27668,1.11698,-2.24
2.42707,1.03015,-2.26
2.59808,1,-2.28
2.6849,1.0076,-2.3
2.84808,1.06699,-2.32
2.9811,1.17861,-2.34
3.03109,1.25,-2.36
3.09048,1.41318,-2.38
3.09048,1.58682,-2.4
3.03109,1.75,-2.42
3.03109,1.75,-2.44
3.03109,1.75,-2.46
3.03109,1.75,-2.48
3.03109,1.75,-2.5
3.03109,1.75,-2.52
3.03109,1.75,-2.54
3.03109,1.75,-2.56
3.03109,1.75,-2.58
3.03109,1.75,-2.6
3.03109,1.75,-2.62
3.03109,1.75,-2.64
3.03109,1.75,-2.66
3.03109,1.75,-2.68
3.03109,1.75,-2.7
3.03109,1.75,-2.72
3.03109,1.75,-2.74
3.03109,1.75,-2.76
3.03109,1.75,-2.78
3.03109,1.75,-2.8
3.03109,1.75,-2.82
3.03109,1.75,-2.84
3.03109,1.75,-2.86
3.03109,1.75,-2.88
3.03109,1.75,-2.9
3.03109,1.75,-2.92
2.91947,1.88302,-2.94
2.76909,1.96985,-2.96
2.59808,2,-2.98
2.51125,1.9924,-3
2.34808,1.93301,-3.02
2.21505,1.82139,-3.04
2.16506,1.75,-3.06
2.10567,1.58682,-3.08
2.10567,1.41318,-3.1
2.16506,1.25,-3.12
2.21505,1.17861,-3.14
2.34808,1.06699,-3.16
2.51125,1.0076,-3.18
2.59808,1,-3.2
2.59808,1,-3.22
2.59808,1,-3.24
2.59808,1,-3.26
2.59808,1,-3.28
2.59808,1,-3.3
2.59808,1,-3.32
2.59808,1,-3.34
2.59808,1,-3.36
2.59808,1,-3.38
2.59808,1,-3.4
2.59808,1,-3.42
2.59808,1,-3.44
2.59808,1,-3.46
2.59808,1,-3.48
2.59808,1,-3.5
2.59808,1,-3.52
2.59808,1,-3.54
2.59808,1,-3.56
2.59808,1,-3.58
2.59808,1,-3.6
2.59808,1,-3.62
2.76909,0.969846,-3.64
2.91947,0.883022,-3.66
3.03109,0.75,-3.68
3.03109,0.75,-3.7
3.03109,0.75,-3.72
3.03109,0.75,-3.74
3.03109,0.75,-3.76
3.03109,0.75,-3.78
3.03109,0.75,-3.8
3.03109,0.75,-3.82
3.03109,0.75,-3.84
3.03109,0.75,-3.86
3.03109,0.75,-3.88
3.03109,0.75,-3.9
3.03109,0.75,-3.92
3.03109,0.75,-3.94
3.03109,0.75,-3.96
3.03109,0.75,-3.98
3.03109,0.75,-4
3.03109,0.75,-4.02
3.03109,0.75,-4.04
3.03109,0.75,-4.06
3.03109,0.75,-4.08
3.03109,0.75,-4.1
3.03109,0.75,-4.12
3.03109,0.75,-4.14
3.03109,0.75,-4.16
3.03109,0.75,-4.18
3.03109,0.75,-4.2
3.03109,0.75,-4.22
3.03109,0.75,-4.24
3.03109,0.75,-4.26
3.03109,0.75,-4.28
3.03109,0.75,-4.3
3.03109,0.75,-4.32
3.03109,0.75,-4.34
3.03109,0.75,-4.36
3.03109,0.75,-4.38
3.06792,0.67101,-4.4
3.09808,0.5,-4.42
3.06792,0.32899,-4.44
3.03109,0.25,-4.46
3.03109,0.25,-4.48
3.03109,0.25,-4.5
3.03109,0.25,-4.52
3.03109,0.25,-4.54
3.03109,0.25,-4.56
3.03109,0.25,-4.58
3.03109,0.25,-4.6
3.03109,0.25,-4.62
3.03109,0.25,-4.64
3.03109,0.25,-4.66
3.03109,0.25,-4.68
3.03109,0.25,-4.7
3.03109,0.25,-4.72
3.03109,0.25,-4.74
3.03109,0.25,-4.76
3.03109,0.25,-4.78
3.03109,0.25,-4.8
3.03109,0.25,-4.82
3.03109,0.25,-4.84
3.03109,0.25,-4.86
3.03109,0.25,-4.88
3.03109,0.25,-4.9
3.03109,0.25,-4.92
3.03109,0.25,-4.94
3.03109,0.25,-4.96
3.03109,0.25,-4.98
3.03109,0.25,-5
3.03109,0.25,-5.02
3.03109,0.25,-5.04
3.03109,0.25,-5.06
3.03109,0.25,-5.08
3.03109,0.25,-5.1
3.03109,0.25,-5.12
3.03109,0.25,-5.14
3.03109,0.25,-5.16
2.91947,0.116978,-5.18
2.76909,0.0301537,-5.2
2.59808,-3.77653e-12,-5.22
2.59808,-3.77653e-12,-5.24
2.59808,-3.77653e-12,-5.26
2.59808,-3.77653e-12,-5.28
2.59808,-3.77653e-12,-5.3
2.59808,-3.77653e-12,-5.32
2.59808,-3.77653e-12,-5.34
2.59808,-3.77653e-12,-5.36
2.59808,-3.77653e-12,-5.38
2.59808,-3.77653e-12,-5.4
2.59808,-3.77653e-12,-5.42
2.59808,-3.77653e-12,-5.44
2.59808,-3.77653e-12,-5.46
2.59808,-3.77653e-12,-5.48
2.59808,-3.77653e-12,-5.5
2.6849,-0.00759612,-5.52
2.84808,-0.0669873,-5.54
2.9811,-0.178606,-5.56
3.03109,-0.25,-5.58
3.03109,-0.25,-5.6
3.03109,-0.25,-5.62
3.03109,-0.25,-5.64
3.03109,-0.25,-5.66
3.03109,-0.25,-5.68
3.03109,-0.25,-5.7
3.03109,-0.25,-5.72
3.03109,-0.25,-5.74
3.03109,-0.25,-5.76
3.03109,-0.25,-5.78
3.03109,-0.25,-5.8
3.03109,-0.25,-5.82
3.03109,-0.25,-5.84
3.03109,-0.25,-5.86
3.03109,-0.25,-5.88
3.03109,-0.25,-5.9
3.03109,-0.25,-5.92
3.03109,-0.25,-5.94
3.03109,-0.25,-5.96
3.03109,-0.25,-5.98
3.03109,-0.25,-6
3.03109,-0.25,-6.02
3.03109,-0.25,-6.04
3.03109,-0.25,-6.06
3.03109,-0.25,-6.08
3.03109,-0.25,-6.1
3.03109,-0.25,-6.12
3.03109,-0.25,-6.14
3.03109,-0.25,-6.16
3.03109,-0.25,-6.18
3.03109,-0.25,-6.2
3.03109,-0.25,-6.22
3.03109,-0.25,-6.24
3.03109,-0.25,-6.26
3.03109,-0.25,-6.28
3.09048,-0.413176,-6.3
3.09048,-0.586824,-6.32
3.03109,-0.75,-6.34
3.03109,-0.75,-6.36
3.03109,-0.75,-6.38
3.03109,-0.75,-6.4
3.03109,-0.75,-6.42
3.03109,-0.75,-6.44
3.03109,-0.75,-6.46
3.03109,-0.75,-6.48
3.03109,-0.75,-6.5
3.03109,-0.75,-6.52
3.03109,-0.75,-6.54
3.03109,-0.75,-6.56
3.03109,-0.75,-6.58
3.03109,-0.75,-6.6
3.03109,-0.75,-6.62
3.03109,-0.75,-6.64
3.03109,-0.75,-6.66
3.03109,-0.75,-6.68
3.03109,-0.75,-6.7
3.03109,-0.75,-6.72
3.03109,-0.75,-6.74
3.03109,-0.75,-6.76
3.03109,-0.75,-6.78
3.03109,-0.75,-6.8
3.03109,-0.75,-6.82
3.03109,-0.75,-6.84
3.03109,-0.75,-6.86
3.03109,-0.75,-6.88
3.03109,-0.75,-6.9
3.03109,-0.75,-6.92
3.03109,-0.75,-6.94
3.03109,-0.75,-6.96
3.03109,-0.75,-6.98
3.03109,-0.75,-7
3.03109,-0.75,-7.02
3.03109,-0.75,-7.04
2.9811,-0.821394,-7.06
2.84808,-0.933013,-7.08
2.6849,-0.992404,-7.1
2.59808,-1,-7.12
2.59808,-1,-7.14
2.59808,-1,-7.16
2.59808,-1,-7.18
2.59808,-1,-7.2
2.59808,-1,-7.22
2.59808,-1,-7.24
2.59808,-1,-7.26
2.59808,-1,-7.28
2.59808,-1,-7.3
2.59808,-1,-7.32
2.59808,-1,-7.34
2.59808,-1,-7.36
2.59808,-1,-7.38
2.59808,-1,-7.4
2.59808,-1,-7.42
2.59808,-1,-7.44
2.59808,-1,-7.46
2.59808,-1,-7.48
2.59808,-1,-7.5
2.59808,-1,-7.52
2.59808,-1,-7.54
2.42707,-1.03015,-7.56
2.27668,-1.11698,-7.58
2.16506,-1.25,-7.6
2.12823,-1.32899,-7.62
2.09808,-1.5,-7.64
2.12823,-1.67101,-7.66
2.16506,-1.75,-7.68
2.27668,-1.88302,-7.7
2.42707,-1.96985,-7.72
2.59808,-2,-7.74
2.6849,-1.9924,-7.76
2.84808,-1.93301,-7.78
2.9811,-1.82139,-7.8
3.03109,-1.75,-7.82
3.03109,-1.75,-7.84
3.03109,-1.75,-7.86
3.03109,-1.75,-7.88
3.03109,-1.75,-7.9
3.03109,-1.75,-7.92
3.03109,-1.75,-7.94
3.03109,-1.75,-7.96
3.03109,-1.75,-7.98
3.03109,-1.75,-8
3.03109,-1.75,-8.02
3.03109,-1.75,-8.04
3.03109,-1.75,-8.06
3.03109,-1.75,-8.08
3.03109,-1.75,-8.1
3.03109,-1.75,-8.12
3.03109,-1.75,-8.14
3.03109,-1.75,-8.16
3.03109,-1.75,-8.18
3.03109,-1.75,-8.2
3.03109,-1.75,-8.22
3.03109,-1.75,-8.24
3.03109,-1.75,-8.26
3.03109,-1.75,-8.28
3.03109,-1.75,-8.3
3.06792,-1.67101,-8.32
3.09808,-1.5,-8.34
3.06792,-1.32899,-8.36
3.03109,-1.25,-8.38
2.91947,-1.11698,-8.4
2.76909,-1.03015,-8.42
2.59808,-1,-8.44
2.51125,-1.0076,-8.46
2.34808,-1.06699,-8.48
2.21505,-1.17861,-8.5
2.16506,-1.25,-8.52
2.10567,-1.41318,-8.54
2.10567,-1.58682,-8.56
2.16506,-1.75,-8.58
2.16506,-1.75,-8.6
2.16506,-1.75,-8.62
2.16506,-1.75,-8.64
2.16506,-1.75,-8.66
2.16506,-1.75,-8.68
2.16506,-1.75,-8.7
2.16506,-1.75,-8.72
2.16506,-1.75,-8.74
2.16506,-1.75,-8.76
2.16506,-1.75,-8.78
2.16506,-1.75,-8.8
2.16506,-1.75,-8.82
2.16506,-1.75,-8.84
2.16506,-1.75,-8.86
2.16506,-1.75,-8.88
2.16506,-1.75,-8.9
2.16506,-1.75,-8.92
2.16506,-1.75,-8.94
2.16506,-1.75,-8.96
2.16506,-1.75,-8.98
2.16506,-1.75,-9
2.2019,-1.82899,-9.02
2.23205,-2,-9.04
2.2019,-2.17101,-9.06
2.16506,-2.25,-9.08
2.16506,-2.25,-9.1
2.16506,-2.25,-9.12
2.16506,-2.25,-9.14
2.16506,-2.25,-9.16
2.16506,-2.25,-9.18
2.16506,-2.25,-9.2
2.16506,-2.25,-9.22
2.16506,-2.25,-9.24
2.16506,-2.25,-9.26
2.16506,-2.25,-9.28
2.16506,-2.25,-9.3
2.16506,-2.25,-9.32
2.16506,-2.25,-9.34
2.16506,-2.25,-9.36
2.16506,-2.25,-9.38
2.16506,-2.25,-9.4
2.16506,-2.25,-9.42
2.16506,-2.25,-9.44
2.16506,-2.25,-9.46
2.16506,-2.25,-9.48
2.16506,-2.25,-9.5
2.16506,-2.25,-9.52
2.16506,-2.25,-9.54
2.16506,-2.25,-9.56
2.16506,-2.25,-9.58
2.16506,-2.25,-9.6
2.16506,-2.25,-9.62
2.16506,-2.25,-9.64
2.16506,-2.25,-9.66
2.16506,-2.25,-9.68
2.16506,-2.25,-9.7
2.16506,-2.25,-9.72
2.16506,-2.25,-9.74
2.16506,-2.25,-9.76
2.16506,-2.25,-9.78
2.05344,-2.38302,-9.8
1.90306,-2.46985,-9.82
1.73205,-2.5,-9.84
1.73205,-2.5,-9.86
1.73205,-2.5,-9.88
1.73205,-2.5,-9.9
1.73205,-2.5,-9.92
1.73205,-2.5,-9.94
1.73205,-2.5,-9.96
1.73205,-2.5,-9.98
1.73205,-2.5,-10
1.73205,-2.5,-10.02
1.73205,-2.5,-10.04
1.73205,-2.5,-10.06
1.73205,-2.5,-10.08
1.73205,-2.5,-10.1
1.73205,-2.5,-10.12
1.73205,-2.5,-10.14
1.73205,-2.5,-10.16
1.73205,-2.5,-10.18
1.73205,-2.5,-10.2
1.73205,-2.5,-10.22
1.73205,-2.5,-10.24
1.73205,-2.5,-10.26
1.73205,-2.5,-10.28
1.73205,-2.5,-10.3
1.73205,-2.5,-10.32
1.73205,-2.5,-10.34
1.73205,-2.5,-10.36
1.73205,-2.5,-10.38
1.73205,-2.5,-10.4
1.73205,-2.5,-10.42
1.73205,-2.5,-10.44
1.73205,-2.5,-10.46
1.73205,-2.5,-10.48
1.73205,-2.5,-10.5
1.73205,-2.5,-10.52
1.73205,-2.5,-10.54
1.64523,-2.4924,-10.56
1.48205,-2.43301,-10.58
1.34903,-2.32139,-10.6
1.29904,-2.25,-10.62
1.29904,-2.25,-10.64
1.29904,-2.25,-10.66
1.29904,-2.25,-10.68
1.29904,-2.25,-10.7
1.29904,-2.25,-10.72
1.29904,-2.25,-10.74
1.29904,-2.25,-10.76
1.29904,-2.25,-10.78
1.29904,-2.25,-10.8
1.29904,-2.25,-10.82
1.29904,-2.25,-10.84
1.29904,-2.25,-10.86
1.29904,-2.25,-10.88
1.29904,-2.25,-10.9
1.35843,-2.41318,-10.92
1.35843,-2.58682,-10.94
1.29904,-2.75,-10.96
1.29904,-2.75,-10.98
1.29904,-2.75,-11
1.29904,-2.75,-11.02
1.29904,-2.75,-11.04
1.29904,-2.75,-11.06
1.29904,-2.75,-11.08
1.29904,-2.75,-11.1
1.29904,-2.75,-11.12
1.29904,-2.75,-11.14
1.29904,-2.75,-11.16
1.29904,-2.75,-11.18
1.29904,-2.75,-11.2
1.29904,-2.75,-11.22
1.29904,-2.75,-11.24
1.29904,-2.75,-11.26
1.29904,-2.75,-11.28
1.29904,-2.75,-11.3
1.29904,-2.75,-11.32
1.29904,-2.75,-11.34
1.29904,-2.75,-11.36
1.29904,-2.75,-11.38
1.29904,-2.75,-11.4
1.29904,-2.75,-11.42
1.29904,-2.75,-11.44
1.29904,-2.75,-11.46
1.29904,-2.75,-11.48
1.29904,-2.75,-11.5
1.29904,-2.75,-11.52
1.29904,-2.75,-11.54
1.29904,-2.75,-11.56
1.29904,-2.75,-11.58
1.29904,-2.75,-11.6
1.29904,-2.75,-11.62
1.29904,-2.75,-11.64
1.29904,-2.75,-11.66
1.24905,-2.82139,-11.68
1.11603,-2.93301,-11.7
0.952849,-2.9924,-11.72
0.866025,-3,-11.74
0.866025,-3,-11.76
0.866025,-3,-11.78
0.866025,-3,-11.8
0.866025,-3,-11.82
0.866025,-3,-11.84
0.866025,-3,-11.86
0.866025,-3,-11.88
0.866025,-3,-11.9
0.866025,-3,-11.92
0.866025,-3,-11.94
0.866025,-3,-11.96
0.866025,-3,-11.98
0.866025,-3,-12
0.866025,-3,-12.02
0.866025,-3,-12.04
0.866025,-3,-12.06
0.866025,-3,-12.08
0.866025,-3,-12.1
0.866025,-3,-12.12
0.866025,-3,-12.14
0.866025,-3,-12.16
0.866025,-3,-12.18
0.866025,-3,-12.2
0.866025,-3,-12.22
0.866025,-3,-12.24
0.866025,-3,-12.26
0.866025,-3,-12.28
0.866025,-3,-12.3
0.866025,-3,-12.32
0.866025,-3,-12.34
0.866025,-3,-12.36
0.866025,-3,-12.38
0.866025,-3,-12.4
0.866025,-3,-12.42
0.866025,-3,-12.44
0.695015,-2.96985,-12.46
0.544632,-2.88302,-12.48
0.433013,-2.75,-12.5
0.433013,-2.75,-12.52
0.433013,-2.75,-12.54
0.433013,-2.75,-12.56
0.433013,-2.75,-12.58
0.433013,-2.75,-12.6
0.433013,-2.75,-12.62
0.433013,-2.75,-12.64
0.433013,-2.75,-12.66
0.433013,-2.75,-12.68
0.433013,-2.75,-12.7
0.433013,-2.75,-12.72
0.433013,-2.75,-12.74
0.433013,-2.75,-12.76
0.433013,-2.75,-12.78
0.433013,-2.75,-12.8
0.433013,-2.75,-12.82
0.433013,-2.75,-12.84
0.433013,-2.75,-12.86
0.433013,-2.75,-12.88
0.433013,-2.75,-12.9
0.433013,-2.75,-12.92
0.383022,-2.67861,-12.94
0.25,-2.56699,-12.96
0.0868241,-2.5076,-12.98
-3.37005e-12,-2.5,-13
-0.17101,-2.53015,-13.02
-0.321394,-2.61698,-13.04
-0.433013,-2.75,-13.06
-0.469846,-2.82899,-13.08
-0.5,-3,-13.1
-0.469846,-3.17101,-13.12
-0.433013,-3.25,-13.14
-0.321394,-3.38302,-13.16
-0.17101,-3.46985,-13.18
-4.16354e-12,-3.5,-13.2
-4.16354e-12,-3.5,-13.22
-4.16354e-12,-3.5,-13.24
-4.16354e-12,-3.5,-13.26
-4.16354e-12,-3.5,-13.28
-4.16354e-12,-3.5,-13.3
-4.16354e-12,-3.5,-13.32
-4.16354e-12,-3.5,-13.34
-4.16354e-12,-3.5,-13.36
-4.16354e-12,-3.5,-13.38
-4.16354e-12,-3.5,-13.4
-4.16354e-12,-3.5,-13.42
-4.16354e-12,-3.5,-13.44
-4.16354e-12,-3.5,-13.46
-4.16354e-12,-3.5,-13.48
-4.16354e-12,-3.5,-13.5
-4.16354e-12,-3.5,-13.52
-4.16354e-12,-3.5,-13.54
-4.16354e-12,-3.5,-13.56
-4.16354e-12,-3.5,-13.58
-4.16354e-12,-3.5,-13.6
-4.16354e-12,-3.5,-13.62
-4.16354e-12,-3.5,-13.64
-4.16354e-12,-3.5,-13.66
-4.16354e-12,-3.5,-13.68
-4.16354e-12,-3.5,-13.7
0.17101,-3.46985,-13.72
0.321394,-3.38302,-13.74
0.433013,-3.25,-13.76
0.469846,-3.17101,-13.78
0.5,-3,-13.8
0.469846,-2.82899,-13.82
0.433013,-2.75,-13.84
0.321394,-2.61698,-13.86
0.17101,-2.53015,-13.88
-3.37005e-12,-2.5,-13.9
-0.0868241,-2.5076,-13.92
-0.25,-2.56699,-13.94
-0.383022,-2.67861,-13.96
-0.433013,-2.75,-13.98
-0.433013,-2.75,-14
-0.433013,-2.75,-14.02
-0.433013,-2.75,-14.04
-0.433013,-2.75,-14.06
-0.433013,-2.75,-14.08
-0.433013,-2.75,-14.1
-0.433013,-2.75,-14.12
-0.433013,-2.75,-14.14
-0.433013,-2.75,-14.16
-0.433013,-2.75,-14.18
-0.433013,-2.75,-14.2
-0.433013,-2.75,-14.22
-0.433013,-2.75,-14.24
-0.433013,-2.75,-14.26
-0.433013,-2.75,-14.28
-0.433013,-2.75,-14.3
-0.433013,-2.75,-14.32
-0.433013,-2.75,-14.34
-0.433013,-2.75,-14.36
-0.433013,-2.75,-14.38
-0.433013,-2.75,-14.4
-0.544632,-2.88302,-14.42
-0.695015,-2.96985,-14.44
-0.866025,-3,-14.46
-0.866025,-3,-14.48
-0.866025,-3,-14.5
-0.866025,-3,-14.52
-0.866025,-3,-14.54
-0.866025,-3,-14.56
-0.866025,-3,-14.58
-0.866025,-3,-14.6
-0.866025,-3,-14.62
-0.866025,-3,-14.64
-0.866025,-3,-14.66
-0.866025,-3,-14.68
-0.866025,-3,-14.7
-0.866025,-3,-14.72
-0.866025,-3,-14.74
-0.866025,-3,-14.76
-0.866025,-3,-14.78
-0.866025,-3,-14.8
-0.866025,-3,-14.82
-0.866025,-3,-14.84
-0.866025,-3,-14.86
-0.866025,-3,-14.88
-0.866025,-3,-14.9
-0.866025,-3,-14.92
-0.866025,-3,-14.94
-0.866025,-3,-14.96
-0.866025,-3,-14.98
-0.866025,-3,-15
-0.866025,-3,-15.02
-0.866025,-3,-15.04
-0.866025,-3,-15.06
-0.866025,-3,-15.08
-0.866025,-3,-15.1
-0.866025,-3,-15.12
-0.866025,-3,-15.14
-0.866025,-3,-15.16
-0.952849,-2.9924,-15.18
-1.11603,-2.93301,-15.2
-1.24905,-2.82139,-15.22
-1.29904,-2.75,-15.24
-1.29904,-2.75,-15.26
-1.29904,-2.75,-15.28
-1.29904,-2.75,-15.3
-1.29904,-2.75,-15.32
-1.29904,-2.75,-15.34
-1.29904,-2.75,-15.36
-1.29904,-2.75,-15.38
-1.29904,-2.75,-15.4
-1.29904,-2.75,-15.42
-1.29904,-2.75,-15.44
-1.29904,-2.75,-15.46
-1.29904,-2.75,-15.48
-1.29904,-2.75,-15.5
-1.29904,-2.75,-15.52
-1.29904,-2.75,-15.54
-1.29904,-2.75,-15.56
-1.29904,-2.75,-15.58
-1.29904,-2.75,-15.6
-1.29904,-2.75,-15.62
-1.29904,-2.75,-15.64
-1.29904,-2.75,-15.66
-1.29904,-2.75,-15.68
-1.29904,-2.75,-15.7
-1.29904,-2.75,-15.72
-1.29904,-2.75,-15.74
-1.29904,-2.75,-15.76
-1.29904,-2.75,-15.78
-1.29904,-2.75,-15.8
-1.29904,-2.75,-15.82
-1.29904,-2.75,-15.84
-1.29904,-2.75,-15.86
-1.29904,-2.75,-15.88
-1.29904,-2.75,-15.9
-1.29904,-2.75,-15.92
-1.29904,-2.75,-15.94
-1.35843,-2.58682,-15.96
-1.35843,-2.41318,-15.98
-1.29904,-2.25,-16
-1.29904,-2.25,-16.02
-1.29904,-2.25,-16.04
-1.29904,-2.25,-16.06
-1.29904,-2.25,-16.08
-1.29904,-2.25,-16.1
-1.29904,-2.25,-16.12
-1.29904,-2.25,-16.14
-1.29904,-2.25,-16.16
-1.29904,-2.25,-16.18
-1.29904,-2.25,-16.2
-1.29904,-2.25,-16.22
-1.29904,-2.25,-16.24
-1.29904,-2.25,-16.26
-1.29904,-2.25,-16.28
-1.34903,-2.32139,-16.3
-1.48205,-2.43301,-16.32
-1.64523,-2.4924,-16.34
-1.73205,-2.5,-16.36
-1.73205,-2.5,-16.38
-1.73205,-2.5,-16.4
-1.73205,-2.5,-16.42
-1.73205,-2.5,-16.44
-1.73205,-2.5,-16.46
-1.73205,-2.5,-16.48
-1.73205,-2.5,-16.5
-1.73205,-2.5,-16.52
-1.73205,-2.5,-16.54
-1.73205,-2.5,-16.56
-1.73205,-2.5,-16.58
-1.73205,-2.5,-16.6
-1.73205,-2.5,-16.62
-1.73205,-2.5,-16.64
-1.73205,-2.5,-16.66
-1.73205,-2.5,-16.68
-1.73205,-2.5,-16.7
-1.73205,-2.5,-16.72
-1.73205,-2.5,-16.74
-1.73205,-2.5,-16.76
-1.73205,-2.5,-16.78
-1.73205,-2.5,-16.8
-1.73205,-2.5,-16.82
-1.73205,-2.5,-16.84
-1.73205,-2.5,-16.86
-1.73205,-2.5,-16.88
-1.73205,-2.5,-16.9
-1.73205,-2.5,-16.92
-1.73205,-2.5,-16.94
-1.73205,-2.5,-16.96
-1.73205,-2.5,-16.98
-1.73205,-2.5,-17
-1.73205,-2.5,-17.02
-1.73205,-2.5,-17.04
-1.73205,-2.5,-17.06
-1.90306,-2.46985,-17.08
-2.05344,-2.38302,-17.1
-2.16506,-2.25,-17.12
-2.16506,-2.25,-17.14
-2.16506,-2.25,-17.16
-2.16506,-2.25,-17.18
-2.16506,-2.25,-17.2
-2.16506,-2.25,-17.22
-2.16506,-2.25,-17.24
-2.16506,-2.25,-17.26
-2.16506,-2.25,-17.28
-2.16506,-2.25,-17.3
-2.16506,-2.25,-17.32
-2.16506,-2.25,-17.34
-2.16506,-2.25,-17.36
-2.16506,-2.25,-17.38
-2.16506,-2.25,-17.4
-2.16506,-2.25,-17.42
-2.16506,-2.25,-17.44
-2.16506,-2.25,-17.46
-2.16506,-2.25,-17.48
-2.16506,-2.25,-17.5
-2.16506,-2.25,-17.52
-2.16506,-2.25,-17.54
-2.16506,-2.25,-17.56
-2.16506,-2.25,-17.58
-2.16506,-2.25,-17.6
-2.16506,-2.25,-17.62
-2.16506,-2.25,-17.64
-2.16506,-2.25,-17.66
-2.16506,-2.25,-17.68
-2.16506,-2.25,-17.7
-2.16506,-2.25,-17.72
-2.16506,-2.25,-17.74
-2.16506,-2.25,-17.76
-2.16506,-2.25,-17.78
-2.16506,-2.25,-17.8
-2.16506,-2.25,-17.82
-2.2019,-2.17101,-17.84
-2.23205,-2,-17.86
-2.2019,-1.82899,-17.88
-2.16506,-1.75,-17.9
-2.16506,-1.75,-17.92
-2.16506,-1.75,-17.94
-2.16506,-1.75,-17.96
-2.16506,-1.75,-17.98
-2.16506,-1.75,-18
-2.16506,-1.75,-18.02
-2.16506,-1.75,-18.04
-2.16506,-1.75,-18.06
-2.16506,-1.75,-18.08
-2.16506,-1.75,-18.1
-2.16506,-1.75,-18.12
-2.16506,-1.75,-18.14
-2.16506,-1.75,-18.16
-2.16506,-1.75,-18.18
-2.16506,-1.75,-18.2
-2.16506,-1.75,-18.22
-2.16506,-1.75,-18.24
-2.16506,-1.75,-18.26
-2.16506,-1.75,-18.28
-2.16506,-1.75,-18.3
-2.16506,-1.75,-18.32
-2.10567,-1.58682,-18.34
-2.10567,-1.41318,-18.36
-2.16506,-1.25,-18.38
-2.21505,-1.17861,-18.4
-2.34808,-1.06699,-18.42
-2.51125,-1.0076,-18.44
-2.59808,-1,-18.46
-2.76909,-1.03015,-18.48
-2.91947,-1.11698,-18.5
-3.03109,-1.25,-18.52
-3.06792,-1.32899,-18.54
-3.09808,-1.5,-18.56
-3.06792,-1.67101,-18.58
-3.03109,-1.75,-18.6
-3.03109,-1.75,-18.62
-3.03109,-1.75,-18.64
-3.03109,-1.75,-18.66
-3.03109,-1.75,-18.68
-3.03109,-1.75,-18.7
-3.03109,-1.75,-18.72
-3.03109,-1.75,-18.74
-3.03109,-1.75,-18.76
-3.03109,-1.75,-18.78
-3.03109,-1.75,-18.8
-3.03109,-1.75,-18.82
-3.03109,-1.75,-18.84
-3.03109,-1.75,-18.86
-3.03109,-1.75,-18.88
-3.03109,-1.75,-18.9
-3.03109,-1.75,-18.92
-3.03109,-1.75,-18.94
-3.03109,-1.75,-18.96
-3.03109,-1.75,-18.98
-3.03109,-1.75,-19
-3.03109,-1.75,-19.02
-3.03109,-1.75,-19.04
-3.03109,-1.75,-19.06
-3.03109,-1.75,-19.08
-2.9811,-1.82139,-19.1
-2.84808,-1.93301,-19.12
-2.6849,-1.9924,-19.14
-2.59808,-2,-19.16
-2.42707,-1.96985,-19.18
-2.27668,-1.88302,-19.2
-2.16506,-1.75,-19.22
-2.12823,-1.67101,-19.24
-2.09808,-1.5,-19.26
-2.12823,-1.32899,-19.28
-2.16506,-1.25,-19.3
-2.27668,-1.11698,-19.32
-2.42707,-1.03015,-19.34
-2.59808,-1,-19.36
-2.59808,-1,-19.38
-2.59808,-1,-19.4
-2.59808,-1,-19.42
-2.59808,-1,-19.44
-2.59808,-1,-19.46
-2.59808,-1,-19.48
-2.59808,-1,-19.5
-2.59808,-1,-19.52
-2.59808,-1,-19.54
-2.59808,-1,-19.56
-2.59808,-1,-19.58
-2.59808,-1,-19.6
-2.59808,-1,-19.62
-2.59808,-1,-19.64
-2.59808,-1,-19.66
-2.59808,-1,-19.68
-2.59808,-1,-19.7
-2.59808,-1,-19.72
-2.59808,-1,-19.74
-2.59808,-1,-19.76
-2.59808,-1,-19.78
-2.6849,-0.992404,-19.8
-2.84808,-0.933013,-19.82
-2.9811,-0.821394,-19.84
-3.03109,-0.75,-19.86
-3.03109,-0.75,-19.88
-3.03109,-0.75,-19.9
-3.03109,-0.75,-19.92
-3.03109,-0.75,-19.94
-3.03109,-0.75,-19.96
-3.03109,-0.75,-19.98
-3.03109,-0.75,-20
-3.03109,-0.75,-20.02
-3.03109,-0.75,-20.04
-3.03109,-0.75,-20.06
-3.03109,-0.75,-20.08
-3.03109,-0.75,-20.1
-3.03109,-0.75,-20.12
-3.03109,-0.75,-20.14
-3.03109,-0.75,-20.16
-3.03109,-0.75,-20.18
-3.03109,-0.75,-20.2
-3.03109,-0.75,-20.22
-3.03109,-0.75,-20.24
-3.03109,-0.75,-20.26
-3.03109,-0.75,-20.28
-3.03109,-0.75,-20.3
-3.03109,-0.75,-20.32
-3.03109,-0.75,-20.34
-3.03109,-0.75,-20.36
-3.03109,-0.75,-20.38
-3.03109,-0.75,-20.4
-3.03109,-0.75,-20.42
-3.03109,-0.75,-20.44
-3.03109,-0.75,-20.46
-3.03109,-0.75,-20.48
-3.03109,-0.75,-20.5
-3.03109,-0.75,-20.52
-3.03109,-0.75,-20.54
-3.03109,-0.75,-20.56
-3.09048,-0.586824,-20.58
-3.09048,-0.413176,-20.6
-3.03109,-0.25,-20.62
-3.03109,-0.25,-20.64
-3.03109,-0.25,-20.66
-3.03109,-0.25,-20.68
-3.03109,-0.25,-20.7
-3.03109,-0.25,-20.72
-3.03109,-0.25,-20.74
-3.03109,-0.25,-20.76
-3.03109,-0.25,-20.78
-3.03109,-0.25,-20.8
-3.03109,-0.25,-20.82
-3.03109,-0.25,-20.84
-3.03109,-0.25,-20.86
-3.03109,-0.25,-20.88
-3.03109,-0.25,-20.9
-3.03109,-0.25,-20.92
-3.03109,-0.25,-20.94
-3.03109,-0.25,-20.96
-3.03109,-0.25,-20.98
-3.03109,-0.25,-21
-3.03109,-0.25,-21.02
-3.03109,-0.25,-21.04
-3.03109,-0.25,-21.06
-3.03109,-0.25,-21.08
-3.03109,-0.25,-21.1
-3.03109,-0.25,-21.12
-3.03109,-0.25,-21.14
-3.03109,-0.25,-21.16
-3.03109,-0.25,-21.18
-3.03109,-0.25,-21.2
-3.03109,-0.25,-21.22
-3.03109,-0.25,-21.24
-3.03109,-0.25,-21.26
-3.03109,-0.25,-21.28
-3.03109,-0.25,-21.3
-3.03109,-0.25,-21.32
-2.9811,-0.178606,-21.34
-2.84808,-0.0669873,-21.36
-2.6849,-0.00759612,-21.38
-2.59808,1.71663e-12,-21.4
-2.59808,1.71663e-12,-21.42
-2.59808,1.71663e-12,-21.44
-2.59808,1.71663e-12,-21.46
-2.59808,1.71663e-12,-21.48
-2.59808,1.71663e-12,-21.5
-2.59808,1.71663e-12,-21.52
-2.59808,1.71663e-12,-21.54
-2.59808,1.71663e-12,-21.56
-2.59808,1.71663e-12,-21.58
-2.59808,1.71663e-12,-21.6
-2.59808,1.71663e-12,-21.62
-2.59808,1.71663e-12,-21.64
-2.59808,1.71663e-12,-21.66
-2.59808,1.71663e-12,-21.68
-2.76909,0.0301537,-21.7
-2.91947,0.116978,-21.72
-3.03109,0.25,-21.74
-3.03109,0.25,-21.76
-3.03109,0.25,-21.78
-3.03109,0.25,-21.8
-3.03109,0.25,-21.82
-3.03109,0.25,-21.84
-3.03109,0.25,-21.86
-3.03109,0.25,-21.88
-3.03109,0.25,-21.9
-3.03109,0.25,-21.92
-3.03109,0.25,-21.94
-3.03109,0.25,-21.96
-3.03109,0.25,-21.98
-3.03109,0.25,-22
-3.03109,0.25,-22.02
-3.03109,0.25,-22.04
-3.03109,0.25,-22.06
-3.03109,0.25,-22.08
-3.03109,0.25,-22.1
-3.03109,0.25,-22.12
-3.03109,0.25,-22.14
-3.03109,0.25,-22.16
-3.03109,0.25,-22.18
-3.03109,0.25,-22.2
-3.03109,0.25,-22.22
-3.03109,0.25,-22.24
-3.03109,0.25,-22.26
-3.03109,0.25,-22.28
-3.03109,0.25,-22.3
-3.03109,0.25,-22.32
-3.03109,0.25,-22.34
-3.03109,0.25,-22.36
-3.03109,0.25,-22.38
-3.03109,0.25,-22.4
-3.03109,0.25,-22.42
-3.03109,0.25,-22.44
-3.06792,0.32899,-22.46
-3.09808,0.5,-22.48
-3.06792,0.67101,-22.5
-3.03109,0.75,-22.52
-3.03109,0.75,-22.54
-3.03109,0.75,-22.56
-3.03109,0.75,-22.58
-3.03109,0.75,-22.6
-3.03109,0.75,-22.62
-3.03109,0.75,-22.64
-3.03109,0.75,-22.66
-3.03109,0.75,-22.68
-3.03109,0.75,-22.7
-3.03109,0.75,-22.72
-3.03109,0.75,-22.74
-3.03109,0.75,-22.76
-3.03109,0.75,-22.78
-3.03109,0.75,-22.8
-3.03109,0.75,-22.82
-3.03109,0.75,-22.84
-3.03109,0.75,-22.86
-3.03109,0.75,-22.88
-3.03109,0.75,-22.9
-3.03109,0.75,-22.92
-3.03109,0.75,-22.94
-3.03109,0.75,-22.96
-3.03109,0.75,-22.98
-3.03109,0.75,-23
-3.03109,0.75,-23.02
-3.03109,0.75,-23.04
-3.03109,0.75,-23.06
-3.03109,0.75,-23.08
-3.03109,0.75,-23.1
-3.03109,0.75,-23.12
-3.03109,0.75,-23.14
-3.03109,0.75,-23.16
-3.03109,0.75,-23.18
-3.03109,0.75,-23.2
-3.03109,0.75,-23.22
-2.91947,0.883022,-23.24
-2.76909,0.969846,-23.26
-2.59808,1,-23.28
-2.59808,1,-23.3
-2.59808,1,-23.32
-2.59808,1,-23.34
-2.59808,1,-23.36
-2.59808,1,-23.38
-2.59808,1,-23.4
-2.59808,1,-23.42
-2.59808,1,-23.44
-2.59808,1,-23.46
-2.59808,1,-23.48
-2.59808,1,-23.5
-2.59808,1,-23.52
-2.59808,1,-23.54
-2.59808,1,-23.56
-2.59808,1,-23.58
-2.59808,1,-23.6
-2.59808,1,-23.62
-2.59808,1,-23.64
-2.59808,1,-23.66
-2.59808,1,-23.68
-2.59808,1,-23.7
-2.51125,1.0076,-23.72
-2.34808,1.06699,-23.74
-2.21505,1.17861,-23.76
-2.16506,1.25,-23.78
-2.10567,1.41318,-23.8
-2.10567,1.58682,-23.82
-2.16506,1.75,-23.84
-2.21505,1.82139,-23.86
-2.34808,1.93301,-23.88
-2.51125,1.9924,-23.9
-2.59808,2,-23.92
-2.76909,1.96985,-23.94
-2.91947,1.88302,-23.96
-3.03109,1.75,-23.98
-3.03109,1.75,-24
-3.03109,1.75,-24.02
-3.03109,1.75,-24.04
-3.03109,1.75,-24.06
-3.03109,1.75,-24.08
-3.03109,1.75,-24.1
-3.03109,1.75,-24.12
-3.03109,1.75,-24.14
-3.03109,1.75,-24.16
-3.03109,1.75,-24.18
-3.03109,1.75,-24.2
-3.03109,1.75,-24.22
-3.03109,1.75,-24.24
-3.03109,1.75,-24.26
-3.03109,1.75,-24.28
-3.03109,1.75,-24.3
-3.03109,1.75,-24.32
-3.03109,1.75,-24.34
-3.03109,1.75,-24.36
-3.03109,1.75,-24.38
-3.03109,1.75,-24.4
-3.03109,1.75,-24.42
-3.03109,1.75,-24.44
-3.03109,1.75,-24.46
-3.03109,1.75,-24.48
-3.09048,1.58682,-24.5
-3.09048,1.41318,-24.52
-3.03109,1.25,-24.54
-2.9811,1.17861,-24.56
-2.84808,1.06699,-24.58
-2.6849,1.0076,-24.6
-2.59808,1,-24.62
-2.42707,1.03015,-24.64
-2.27668,1.11698,-24.66
-2.16506,1.25,-24.68
-2.12823,1.32899,-24.7
-2.09808,1.5,-24.72
-2.12823,1.67101,-24.74
-2.16506,1.75,-24.76
-2.16506,1.75,-24.78
-2.16506,1.75,-24.8
-2.16506,1.75,-24.82
-2.16506,1.75,-24.84
-2.16506,1.75,-24.86
-2.16506,1.75,-24.88
-2.16506,1.75,-24.9
-2.16506,1.75,-24.92
-2.16506,1.75,-24.94
-2.16506,1.75,-24.96
-2.16506,1.75,-24.98
