2.16506,-1.75,14.98
2.16506,-1.75,14.96
2.16506,-1.75,14.94
2.16506,-1.75,14.92
2.16506,-1.75,14.9
2.16506,-1.75,14.88
2.16506,-1.75,14.86
2.22445,-1.91318,14.84
2.22445,-2.08682,14.82
2.16506,-2.25,14.8
2.16506,-2.25,14.78
2.16506,-2.25,14.76
2.16506,-2.25,14.74
2.16506,-2.25,14.72
2.16506,-2.25,14.7
2.16506,-2.25,14.68
2.16506,-2.25,14.66
2.16506,-2.25,14.64
2.16506,-2.25,14.62
2.16506,-2.25,14.6
2.16506,-2.25,14.58
2.16506,-2.25,14.56
2.16506,-2.25,14.54
2.16506,-2.25,14.52
2.16506,-2.25,14.5
2.16506,-2.25,14.48
2.16506,-2.25,14.46
2.16506,-2.25,14.44
2.16506,-2.25,14.42
2.16506,-2.25,14.4
2.16506,-2.25,14.38
2.16506,-2.25,14.36
2.16506,-2.25,14.34
2.16506,-2.25,14.32
2.16506,-2.25,14.3
2.16506,-2.25,14.28
2.16506,-2.25,14.26
2.16506,-2.25,14.24
2.16506,-2.25,14.22
2.16506,-2.25,14.2
2.16506,-2.25,14.18
2.16506,-2.25,14.16
2.16506,-2.25,14.14
2.16506,-2.25,14.12
2.16506,-2.25,14.1
2.11507,-2.32139,14.08
1.98205,-2.43301,14.06
1.81887,-2.4924,14.04
1.73205,-2.5,14.02
1.73205,-2.5,14
1.73205,-2.5,13.98
1.73205,-2.5,13.96
1.73205,-2.5,13.94
1.73205,-2.5,13.92
1.73205,-2.5,13.9
1.73205,-2.5,13.88
1.73205,-2.5,13.86
1.73205,-2.5,13.84
1.73205,-2.5,13.82
1.73205,-2.5,13.8
1.73205,-2.5,13.78
1.73205,-2.5,13.76
1.73205,-2.5,13.74
1.73205,-2.5,13.72
1.73205,-2.5,13.7
1.73205,-2.5,13.68
1.73205,-2.5,13.66
1.73205,-2.5,13.64
1.73205,-2.5,13.62
1.73205,-2.5,13.6
1.73205,-2.5,13.58
1.73205,-2.5,13.56
1.73205,-2.5,13.54
1.73205,-2.5,13.52
1.73205,-2.5,13.5
1.73205,-2.5,13.48
1.73205,-2.5,13.46
1.73205,-2.5,13.44
1.73205,-2.5,13.42
1.73205,-2.5,13.4
1.73205,-2.5,13.38
1.73205,-2.5,13.36
1.73205,-2.5,13.34
1.73205,-2.5,13.32
1.56104,-2.46985,13.3
1.41066,-2.38302,13.28
1.29904,-2.25,13.26
1.29904,-2.25,13.24
1.29904,-2.25,13.22
1.29904,-2.25,13.2
1.29904,-2.25,13.18
1.29904,-2.25,13.16
1.29904,-2.25,13.14
1.29904,-2.25,13.12
1.29904,-2.25,13.1
1.29904,-2.25,13.08
1.29904,-2.25,13.06
1.29904,-2.25,13.04
1.29904,-2.25,13.02
1.29904,-2.25,13
1.29904,-2.25,12.98
1.33587,-2.32899,12.96
1.36603,-2.5,12.94
1.33587,-2.67101,12.92
1.29904,-2.75,12.9
1.29904,-2.75,12.88
1.29904,-2.75,12.86
1.29904,-2.75,12.84
1.29904,-2.75,12.82
1.29904,-2.75,12.8
1.29904,-2.75,12.78
1.29904,-2.75,12.76
1.29904,-2.75,12.74
1.29904,-2.75,12.72
1.29904,-2.75,12.7
1.29904,-2.75,12.68
1.29904,-2.75,12.66
1.29904,-2.75,12.64
1.29904,-2.75,12.62
1.29904,-2.75,12.6
1.29904,-2.75,12.58
1.29904,-2.75,12.56
1.29904,-2.75,12.54
1.29904,-2.75,12.52
1.29904,-2.75,12.5
1.29904,-2.75,12.48
1.29904,-2.75,12.46
1.29904,-2.75,12.44
1.29904,-2.75,12.42
1.29904,-2.75,12.4
1.29904,-2.75,12.38
1.29904,-2.75,12.36
1.29904,-2.75,12.34
1.29904,-2.75,12.32
1.29904,-2.75,12.3
1.29904,-2.75,12.28
1.29904,-2.75,12.26
1.29904,-2.75,12.24
1.29904,-2.75,12.22
1.29904,-2.75,12.2
1.18742,-2.88302,12.18
1.03704,-2.96985,12.16
0.866025,-3,12.14
0.866025,-3,12.12
0.866025,-3,12.1
0.866025,-3,12.08
0.866025,-3,12.06
0.866025,-3,12.04
0.866025,-3,12.02
0.866025,-3,12
0.866025,-3,11.98
0.866025,-3,11.96
0.866025,-3,11.94
0.866025,-3,11.92
0.866025,-3,11.9
0.866025,-3,11.88
0.866025,-3,11.86
0.866025,-3,11.84
0.866025,-3,11.82
0.866025,-3,11.8
0.866025,-3,11.78
0.866025,-3,11.76
0.866025,-3,11.74
0.866025,-3,11.72
0.866025,-3,11.7
0.866025,-3,11.68
0.866025,-3,11.66
0.866025,-3,11.64
0.866025,-3,11.62
0.866025,-3,11.6
0.866025,-3,11.58
0.866025,-3,11.56
0.866025,-3,11.54
0.866025,-3,11.52
0.866025,-3,11.5
0.866025,-3,11.48
0.866025,-3,11.46
0.866025,-3,11.44
0.779201,-2.9924,11.42
0.616025,-2.93301,11.4
0.483003,-2.82139,11.38
0.433013,-2.75,11.36
0.433013,-2.75,11.34
0.433013,-2.75,11.32
0.433013,-2.75,11.3
0.433013,-2.75,11.28
0.433013,-2.75,11.26
0.433013,-2.75,11.24
0.433013,-2.75,11.22
0.433013,-2.75,11.2
0.433013,-2.75,11.18
0.433013,-2.75,11.16
0.433013,-2.75,11.14
0.433013,-2.75,11.12
0.433013,-2.75,11.1
0.433013,-2.75,11.08
0.433013,-2.75,11.06
0.433013,-2.75,11.04
0.433013,-2.75,11.02
0.433013,-2.75,11
0.433013,-2.75,10.98
0.433013,-2.75,10.96
0.433013,-2.75,10.94
0.321394,-2.61698,10.92
0.17101,-2.53015,10.9
-2.577e-12,-2.5,10.88
-0.0868241,-2.5076,10.86
-0.25,-2.56699,10.84
-0.383022,-2.67861,10.82
-0.433013,-2.75,10.8
-0.492404,-2.91318,10.78
-0.492404,-3.08682,10.76
-0.433013,-3.25,10.74
-0.383022,-3.32139,10.72
-0.25,-3.43301,10.7
-0.0868241,-3.4924,10.68
-4.16354e-12,-3.5,10.66
-4.16354e-12,-3.5,10.64
-4.16354e-12,-3.5,10.62
-4.16354e-12,-3.5,10.6
-4.16354e-12,-3.5,10.58
-4.16354e-12,-3.5,10.56
-4.16354e-12,-3.5,10.54
-4.16354e-12,-3.5,10.52
-4.16354e-12,-3.5,10.5
-4.16354e-12,-3.5,10.48
-4.16354e-12,-3.5,10.46
-4.16354e-12,-3.5,10.44
-4.16354e-12,-3.5,10.42
-4.16354e-12,-3.5,10.4
-4.16354e-12,-3.5,10.38
-4.16354e-12,-3.5,10.36
-4.16354e-12,-3.5,10.34
-4.16354e-12,-3.5,10.32
-4.16354e-12,-3.5,10.3
-4.16354e-12,-3.5,10.28
-4.16354e-12,-3.5,10.26
-4.16354e-12,-3.5,10.24
-4.16354e-12,-3.5,10.22
-4.16354e-12,-3.5,10.2
-4.16354e-12,-3.5,10.18
0.0868241,-3.4924,10.16
0.25,-3.43301,10.14
0.383022,-3.32139,10.12
0.433013,-3.25,10.1
0.492404,-3.08682,10.08
0.492404,-2.91318,10.06
0.433013,-2.75,10.04
0.383022,-2.67861,10.02
0.25,-2.56699,10
0.0868241,-2.5076,9.98
-3.37005e-12,-2.5,9.96
-0.17101,-2.53015,9.94
-0.321394,-2.61698,9.92
-0.433013,-2.75,9.9
-0.433013,-2.75,9.88
-0.433013,-2.75,9.86
-0.433013,-2.75,9.84
-0.433013,-2.75,9.82
-0.433013,-2.75,9.8
-0.433013,-2.75,9.78
-0.433013,-2.75,9.76
-0.433013,-2.75,9.74
-0.433013,-2.75,9.72
-0.433013,-2.75,9.7
-0.433013,-2.75,9.68
-0.433013,-2.75,9.66
-0.433013,-2.75,9.64
-0.433013,-2.75,9.62
-0.433013,-2.75,9.6
-0.433013,-2.75,9.58
-0.433013,-2.75,9.56
-0.433013,-2.75,9.54
-0.433013,-2.75,9.52
-0.433013,-2.75,9.5
-0.433013,-2.75,9.48
-0.483003,-2.82139,9.46
-0.616025,-2.93301,9.44
-0.779201,-2.9924,9.42
-0.866025,-3,9.4
-0.866025,-3,9.38
-0.866025,-3,9.36
-0.866025,-3,9.34
-0.866025,-3,9.32
-0.866025,-3,9.3
-0.866025,-3,9.28
-0.866025,-3,9.26
-0.866025,-3,9.24
-0.866025,-3,9.22
-0.866025,-3,9.2
-0.866025,-3,9.18
-0.866025,-3,9.16
-0.866025,-3,9.14
-0.866025,-3,9.12
-0.866025,-3,9.1
-0.866025,-3,9.08
-0.866025,-3,9.06
-0.866025,-3,9.04
-0.866025,-3,9.02
-0.866025,-3,9
-0.866025,-3,8.98
-0.866025,-3,8.96
-0.866025,-3,8.94
-0.866025,-3,8.92
-0.866025,-3,8.9
-0.866025,-3,8.88
-0.866025,-3,8.86
-0.866025,-3,8.84
-0.866025,-3,8.82
-0.866025,-3,8.8
-0.866025,-3,8.78
-0.866025,-3,8.76
-0.866025,-3,8.74
-0.866025,-3,8.72
-0.866025,-3,8.7
-1.03704,-2.96985,8.68
-1.18742,-2.88302,8.66
-1.29904,-2.75,8.64
-1.29904,-2.75,8.62
-1.29904,-2.75,8.6
-1.29904,-2.75,8.58
-1.29904,-2.75,8.56
-1.29904,-2.75,8.54
-1.29904,-2.75,8.52
-1.29904,-2.75,8.5
-1.29904,-2.75,8.48
-1.29904,-2.75,8.46
-1.29904,-2.75,8.44
-1.29904,-2.75,8.42
-1.29904,-2.75,8.4
-1.29904,-2.75,8.38
-1.29904,-2.75,8.36
-1.29904,-2.75,8.34
-1.29904,-2.75,8.32
-1.29904,-2.75,8.3
-1.29904,-2.75,8.28
-1.29904,-2.75,8.26
-1.29904,-2.75,8.24
-1.29904,-2.75,8.22
-1.29904,-2.75,8.2
-1.29904,-2.75,8.18
-1.29904,-2.75,8.16
-1.29904,-2.75,8.14
-1.29904,-2.75,8.12
-1.29904,-2.75,8.1
-1.29904,-2.75,8.08
-1.29904,-2.75,8.06
-1.29904,-2.75,8.04
-1.29904,-2.75,8.02
-1.29904,-2.75,8
-1.29904,-2.75,7.98
-1.29904,-2.75,7.96
-1.29904,-2.75,7.94
-1.33587,-2.67101,7.92
-1.36603,-2.5,7.9
-1.33587,-2.32899,7.88
-1.29904,-2.25,7.86
-1.29904,-2.25,7.84
-1.29904,-2.25,7.82
-1.29904,-2.25,7.8
-1.29904,-2.25,7.78
-1.29904,-2.25,7.76
-1.29904,-2.25,7.74
-1.29904,-2.25,7.72
-1.29904,-2.25,7.7
-1.29904,-2.25,7.68
-1.29904,-2.25,7.66
-1.29904,-2.25,7.64
-1.29904,-2.25,7.62
-1.29904,-2.25,7.6
-1.29904,-2.25,7.58
-1.41066,-2.38302,7.56
-1.56104,-2.46985,7.54
-1.73205,-2.5,7.52
-1.73205,-2.5,7.5
-1.73205,-2.5,7.48
-1.73205,-2.5,7.46
-1.73205,-2.5,7.44
-1.73205,-2.5,7.42
-1.73205,-2.5,7.4
-1.73205,-2.5,7.38
-1.73205,-2.5,7.36
-1.73205,-2.5,7.34
-1.73205,-2.5,7.32
-1.73205,-2.5,7.3
-1.73205,-2.5,7.28
-1.73205,-2.5,7.26
-1.73205,-2.5,7.24
-1.73205,-2.5,7.22
-1.73205,-2.5,7.2
-1.73205,-2.5,7.18
-1.73205,-2.5,7.16
-1.73205,-2.5,7.14
-1.73205,-2.5,7.12
-1.73205,-2.5,7.1
-1.73205,-2.5,7.08
-1.73205,-2.5,7.06
-1.73205,-2.5,7.04
-1.73205,-2.5,7.02
-1.73205,-2.5,7
-1.73205,-2.5,6.98
-1.73205,-2.5,6.96
-1.73205,-2.5,6.94
-1.73205,-2.5,6.92
-1.73205,-2.5,6.9
-1.73205,-2.5,6.88
-1.73205,-2.5,6.86
-1.73205,-2.5,6.84
-1.73205,-2.5,6.82
-1.81887,-2.4924,6.8
-1.98205,-2.43301,6.78
-2.11507,-2.32139,6.76
-2.16506,-2.25,6.74
-2.16506,-2.25,6.72
-2.16506,-2.25,6.7
-2.16506,-2.25,6.68
-2.16506,-2.25,6.66
-2.16506,-2.25,6.64
-2.16506,-2.25,6.62
-2.16506,-2.25,6.6
-2.16506,-2.25,6.58
-2.16506,-2.25,6.56
-2.16506,-2.25,6.54
-2.16506,-2.25,6.52
-2.16506,-2.25,6.5
-2.16506,-2.25,6.48
-2.16506,-2.25,6.46
-2.16506,-2.25,6.44
-2.16506,-2.25,6.42
-2.16506,-2.25,6.4
-2.16506,-2.25,6.38
-2.16506,-2.25,6.36
-2.16506,-2.25,6.34
-2.16506,-2.25,6.32
-2.16506,-2.25,6.3
-2.16506,-2.25,6.28
-2.16506,-2.25,6.26
-2.16506,-2.25,6.24
-2.16506,-2.25,6.22
-2.16506,-2.25,6.2
-2.16506,-2.25,6.18
-2.16506,-2.25,6.16
-2.16506,-2.25,6.14
-2.16506,-2.25,6.12
-2.16506,-2.25,6.1
-2.16506,-2.25,6.08
-2.16506,-2.25,6.06
-2.16506,-2.25,6.04
-2.22445,-2.08682,6.02
-2.22445,-1.91318,6
-2.16506,-1.75,5.98
-2.16506,-1.75,5.96
-2.16506,-1.75,5.94
-2.16506,-1.75,5.92
-2.16506,-1.75,5.9
-2.16506,-1.75,5.88
-2.16506,-1.75,5.86
-2.16506,-1.75,5.84
-2.16506,-1.75,5.82
-2.16506,-1.75,5.8
-2.16506,-1.75,5.78
-2.16506,-1.75,5.76
-2.16506,-1.75,5.74
-2.16506,-1.75,5.72
-2.16506,-1.75,5.7
-2.16506,-1.75,5.68
-2.16506,-1.75,5.66
-2.16506,-1.75,5.64
-2.16506,-1.75,5.62
-2.16506,-1.75,5.6
-2.16506,-1.75,5.58
-2.16506,-1.75,5.56
-2.12823,-1.67101,5.54
-2.09808,-1.5,5.52
-2.12823,-1.32899,5.5
-2.16506,-1.25,5.48
-2.27668,-1.11698,5.46
-2.42707,-1.03015,5.44
-2.59808,-1,5.42
-2.6849,-1.0076,5.4
-2.84808,-1.06699,5.38
-2.9811,-1.17861,5.36
-3.03109,-1.25,5.34
-3.09048,-1.41318,5.32
-3.09048,-1.58682,5.3
-3.03109,-1.75,5.28
-3.03109,-1.75,5.26
-3.03109,-1.75,5.24
-3.03109,-1.75,5.22
-3.03109,-1.75,5.2
-3.03109,-1.75,5.18
-3.03109,-1.75,5.16
-3.03109,-1.75,5.14
-3.03109,-1.75,5.12
-3.03109,-1.75,5.1
-3.03109,-1.75,5.08
-3.03109,-1.75,5.06
-3.03109,-1.75,5.04
-3.03109,-1.75,5.02
-3.03109,-1.75,5
-3.03109,-1.75,4.98
-3.03109,-1.75,4.96
-3.03109,-1.75,4.94
-3.03109,-1.75,4.92
-3.03109,-1.75,4.9
-3.03109,-1.75,4.88
-3.03109,-1.75,4.86
-3.03109,-1.75,4.84
-3.03109,-1.75,4.82
-3.03109,-1.75,4.8
-3.03109,-1.75,4.78
-2.91947,-1.88302,4.76
-2.76909,-1.96985,4.74
-2.59808,-2,4.72
-2.51125,-1.9924,4.7
-2.34808,-1.93301,4.68
-2.21505,-1.82139,4.66
-2.16506,-1.75,4.64
-2.10567,-1.58682,4.62
-2.10567,-1.41318,4.6
-2.16506,-1.25,4.58
-2.21505,-1.17861,4.56
-2.34808,-1.06699,4.54
-2.51125,-1.0076,4.52
-2.59808,-1,4.5
-2.59808,-1,4.48
-2.59808,-1,4.46
-2.59808,-1,4.44
-2.59808,-1,4.42
-2.59808,-1,4.4
-2.59808,-1,4.38
-2.59808,-1,4.36
-2.59808,-1,4.34
-2.59808,-1,4.32
-2.59808,-1,4.3
-2.59808,-1,4.28
-2.59808,-1,4.26
-2.59808,-1,4.24
-2.59808,-1,4.22
-2.59808,-1,4.2
-2.59808,-1,4.18
-2.59808,-1,4.16
-2.59808,-1,4.14
-2.59808,-1,4.12
-2.59808,-1,4.1
-2.59808,-1,4.08
-2.76909,-0.969846,4.06
-2.91947,-0.883022,4.04
-3.03109,-0.75,4.02
-3.03109,-0.75,4
-3.03109,-0.75,3.98
-3.03109,-0.75,3.96
-3.03109,-0.75,3.94
-3.03109,-0.75,3.92
-3.03109,-0.75,3.9
-3.03109,-0.75,3.88
-3.03109,-0.75,3.86
-3.03109,-0.75,3.84
-3.03109,-0.75,3.82
-3.03109,-0.75,3.8
-3.03109,-0.75,3.78
-3.03109,-0.75,3.76
-3.03109,-0.75,3.74
-3.03109,-0.75,3.72
-3.03109,-0.75,3.7
-3.03109,-0.75,3.68
-3.03109,-0.75,3.66
-3.03109,-0.75,3.64
-3.03109,-0.75,3.62
-3.03109,-0.75,3.6
-3.03109,-0.75,3.58
-3.03109,-0.75,3.56
-3.03109,-0.75,3.54
-3.03109,-0.75,3.52
-3.03109,-0.75,3.5
-3.03109,-0.75,3.48
-3.03109,-0.75,3.46
-3.03109,-0.75,3.44
-3.03109,-0.75,3.42
-3.03109,-0.75,3.4
-3.03109,-0.75,3.38
-3.03109,-0.75,3.36
-3.03109,-0.75,3.34
-3.03109,-0.75,3.32
-3.06792,-0.67101,3.3
-3.09808,-0.5,3.28
-3.06792,-0.32899,3.26
-3.03109,-0.25,3.24
-3.03109,-0.25,3.22
-3.03109,-0.25,3.2
-3.03109,-0.25,3.18
-3.03109,-0.25,3.16
-3.03109,-0.25,3.14
-3.03109,-0.25,3.12
-3.03109,-0.25,3.1
-3.03109,-0.25,3.08
-3.03109,-0.25,3.06
-3.03109,-0.25,3.04
-3.03109,-0.25,3.02
-3.03109,-0.25,3
-3.03109,-0.25,2.98
-3.03109,-0.25,2.96
-3.03109,-0.25,2.94
-3.03109,-0.25,2.92
-3.03109,-0.25,2.9
-3.03109,-0.25,2.88
-3.03109,-0.25,2.86
-3.03109,-0.25,2.84
-3.03109,-0.25,2.82
-3.03109,-0.25,2.8
-3.03109,-0.25,2.78
-3.03109,-0.25,2.76
-3.03109,-0.25,2.74
-3.03109,-0.25,2.72
-3.03109,-0.25,2.7
-3.03109,-0.25,2.68
-3.03109,-0.25,2.66
-3.03109,-0.25,2.64
-3.03109,-0.25,2.62
-3.03109,-0.25,2.6
-3.03109,-0.25,2.58
-3.03109,-0.25,2.56
-3.03109,-0.25,2.54
-2.91947,-0.116978,2.52
-2.76909,-0.0301537,2.5
-2.59808,1.71663e-12,2.48
-2.59808,1.71663e-12,2.46
-2.59808,1.71663e-12,2.44
-2.59808,1.71663e-12,2.42
-2.59808,1.71663e-12,2.4
-2.59808,1.71663e-12,2.38
-2.59808,1.71663e-12,2.36
-2.59808,1.71663e-12,2.34
-2.59808,1.71663e-12,2.32
-2.59808,1.71663e-12,2.3
-2.59808,1.71663e-12,2.28
-2.59808,1.71663e-12,2.26
-2.59808,1.71663e-12,2.24
-2.59808,1.71663e-12,2.22
-2.59808,1.71663e-12,2.2
-2.6849,0.00759612,2.18
-2.84808,0.0669873,2.16
-2.9811,0.178606,2.14
-3.03109,0.25,2.12
-3.03109,0.25,2.1
-3.03109,0.25,2.08
-3.03109,0.25,2.06
-3.03109,0.25,2.04
-3.03109,0.25,2.02
-3.03109,0.25,2
-3.03109,0.25,1.98
-3.03109,0.25,1.96
-3.03109,0.25,1.94
-3.03109,0.25,1.92
-3.03109,0.25,1.9
-3.03109,0.25,1.88
-3.03109,0.25,1.86
-3.03109,0.25,1.84
-3.03109,0.25,1.82
-3.03109,0.25,1.8
-3.03109,0.25,1.78
-3.03109,0.25,1.76
-3.03109,0.25,1.74
-3.03109,0.25,1.72
-3.03109,0.25,1.7
-3.03109,0.25,1.68
-3.03109,0.25,1.66
-3.03109,0.25,1.64
-3.03109,0.25,1.62
-3.03109,0.25,1.6
-3.03109,0.25,1.58
-3.03109,0.25,1.56
-3.03109,0.25,1.54
-3.03109,0.25,1.52
-3.03109,0.25,1.5
-3.03109,0.25,1.48
-3.03109,0.25,1.46
-3.03109,0.25,1.44
-3.03109,0.25,1.42
-3.09048,0.413176,1.4
-3.09048,0.586824,1.38
-3.03109,0.75,1.36
-3.03109,0.75,1.34
-3.03109,0.75,1.32
-3.03109,0.75,1.3
-3.03109,0.75,1.28
-3.03109,0.75,1.26
-3.03109,0.75,1.24
-3.03109,0.75,1.22
-3.03109,0.75,1.2
-3.03109,0.75,1.18
-3.03109,0.75,1.16
-3.03109,0.75,1.14
-3.03109,0.75,1.12
-3.03109,0.75,1.1
-3.03109,0.75,1.08
-3.03109,0.75,1.06
-3.03109,0.75,1.04
-3.03109,0.75,1.02
-3.03109,0.75,1
-3.03109,0.75,0.98
-3.03109,0.75,0.96
-3.03109,0.75,0.94
-3.03109,0.75,0.92
-3.03109,0.75,0.9
-3.03109,0.75,0.88
-3.03109,0.75,0.86
-3.03109,0.75,0.84
-3.03109,0.75,0.82
-3.03109,0.75,0.8
-3.03109,0.75,0.78
-3.03109,0.75,0.76
-3.03109,0.75,0.74
-3.03109,0.75,0.72
-3.03109,0.75,0.7
-3.03109,0.75,0.68
-3.03109,0.75,0.66
-2.9811,0.821394,0.64
-2.84808,0.933013,0.62
-2.6849,0.992404,0.6
-2.59808,1,0.58
-2.59808,1,0.56
-2.59808,1,0.54
-2.59808,1,0.52
-2.59808,1,0.5
-2.59808,1,0.48
-2.59808,1,0.46
-2.59808,1,0.44
-2.59808,1,0.42
-2.59808,1,0.4
-2.59808,1,0.38
-2.59808,1,0.36
-2.59808,1,0.34
-2.59808,1,0.32
-2.59808,1,0.3
-2.59808,1,0.28
-2.59808,1,0.26
-2.59808,1,0.24
-2.59808,1,0.22
-2.59808,1,0.2
-2.59808,1,0.18
-2.59808,1,0.16
-2.42707,1.03015,0.14
-2.27668,1.11698,0.12
-2.16506,1.25,0.1
-2.12823,1.32899,0.08
-2.09808,1.5,0.06
-2.12823,1.67101,0.04
-2.16506,1.75,0.02
-2.27668,1.88302,-4.12829e-14
-2.42707,1.96985,-0.02
-2.59808,2,-0.04
-2.6849,1.9924,-0.06
-2.84808,1.93301,-0.08
-2.9811,1.82139,-0.1
-3.03109,1.75,-0.12
-3.03109,1.75,-0.14
-3.03109,1.75,-0.16
-3.03109,1.75,-0.18
-3.03109,1.75,-0.2
-3.03109,1.75,-0.22
-3.03109,1.75,-0.24
-3.03109,1.75,-0.26
-3.03109,1.75,-0.28
-3.03109,1.75,-0.3
-3.03109,1.75,-0.32
-3.03109,1.75,-0.34
-3.03109,1.75,-0.36
-3.03109,1.75,-0.38
-3.03109,1.75,-0.4
-3.03109,1.75,-0.42
-3.03109,1.75,-0.44
-3.03109,1.75,-0.46
-3.03109,1.75,-0.48
-3.03109,1.75,-0.5
-3.03109,1.75,-0.52
-3.03109,1.75,-0.54
-3.03109,1.75,-0.56
-3.03109,1.75,-0.58
-3.03109,1.75,-0.6
-3.06792,1.67101,-0.62
-3.09808,1.5,-0.64
-3.06792,1.32899,-0.66
-3.03109,1.25,-0.68
-2.91947,1.11698,-0.7
-2.76909,1.03015,-0.72
-2.59808,1,-0.74
-2.51125,1.0076,-0.76
-2.34808,1.06699,-0.78
-2.21505,1.17861,-0.8
-2.16506,1.25,-0.82
-2.10567,1.41318,-0.84
-2.10567,1.58682,-0.86
-2.16506,1.75,-0.88
-2.16506,1.75,-0.9
-2.16506,1.75,-0.92
-2.16506,1.75,-0.94
-2.16506,1.75,-0.96
-2.16506,1.75,-0.98
-2.16506,1.75,-1
-2.16506,1.75,-1.02
-2.16506,1.75,-1.04
-2.16506,1.75,-1.06
-2.16506,1.75,-1.08
-2.16506,1.75,-1.1
-2.16506,1.75,-1.12
-2.16506,1.75,-1.14
-2.16506,1.75,-1.16
-2.16506,1.75,-1.18
-2.16506,1.75,-1.2
-2.16506,1.75,-1.22
-2.16506,1.75,-1.24
-2.16506,1.75,-1.26
-2.16506,1.75,-1.28
-2.16506,1.75,-1.3
-2.2019,1.82899,-1.32
-2.23205,2,-1.34
-2.2019,2.17101,-1.36
-2.16506,2.25,-1.38
-2.16506,2.25,-1.4
-2.16506,2.25,-1.42
-2.16506,2.25,-1.44
-2.16506,2.25,-1.46
-2.16506,2.25,-1.48
-2.16506,2.25,-1.5
-2.16506,2.25,-1.52
-2.16506,2.25,-1.54
-2.16506,2.25,-1.56
-2.16506,2.25,-1.58
-2.16506,2.25,-1.6
-2.16506,2.25,-1.62
-2.16506,2.25,-1.64
-2.16506,2.25,-1.66
-2.16506,2.25,-1.68
-2.16506,2.25,-1.7
-2.16506,2.25,-1.72
-2.16506,2.25,-1.74
-2.16506,2.25,-1.76
-2.16506,2.25,-1.78
-2.16506,2.25,-1.8
-2.16506,2.25,-1.82
-2.16506,2.25,-1.84
-2.16506,2.25,-1.86
-2.16506,2.25,-1.88
-2.16506,2.25,-1.9
-2.16506,2.25,-1.92
-2.16506,2.25,-1.94
-2.16506,2.25,-1.96
-2.16506,2.25,-1.98
-2.16506,2.25,-2
-2.16506,2.25,-2.02
-2.16506,2.25,-2.04
-2.16506,2.25,-2.06
-2.16506,2.25,-2.08
-2.05344,2.38302,-2.1
-1.90306,2.46985,-2.12
-1.73205,2.5,-2.14
-1.73205,2.5,-2.16
-1.73205,2.5,-2.18
-1.73205,2.5,-2.2
-1.73205,2.5,-2.22
-1.73205,2.5,-2.24
-1.73205,2.5,-2.26
-1.73205,2.5,-2.28
-1.73205,2.5,-2.3
-1.73205,2.5,-2.32
-1.73205,2.5,-2.34
-1.73205,2.5,-2.36
-1.73205,2.5,-2.38
-1.73205,2.5,-2.4
-1.73205,2.5,-2.42
-1.73205,2.5,-2.44
-1.73205,2.5,-2.46
-1.73205,2.5,-2.48
-1.73205,2.5,-2.5
-1.73205,2.5,-2.52
-1.73205,2.5,-2.54
-1.73205,2.5,-2.56
-1.73205,2.5,-2.58
-1.73205,2.5,-2.6
-1.73205,2.5,-2.62
-1.73205,2.5,-2.64
-1.73205,2.5,-2.66
-1.73205,2.5,-2.68
-1.73205,2.5,-2.7
-1.73205,2.5,-2.72
-1.73205,2.5,-2.74
-1.73205,2.5,-2.76
-1.73205,2.5,-2.78
-1.73205,2.5,-2.8
-1.73205,2.5,-2.82
-1.73205,2.5,-2.84
-1.64523,2.4924,-2.86
-1.48205,2.43301,-2.88
-1.34903,2.32139,-2.9
-1.29904,2.25,-2.92
-1.29904,2.25,-2.94
-1.29904,2.25,-2.96
-1.29904,2.25,-2.98
-1.29904,2.25,-3
-1.29904,2.25,-3.02
-1.29904,2.25,-3.04
-1.29904,2.25,-3.06
-1.29904,2.25,-3.08
-1.29904,2.25,-3.1
-1.29904,2.25,-3.12
-1.29904,2.25,-3.14
-1.29904,2.25,-3.16
-1.29904,2.25,-3.18
-1.29904,2.25,-3.2
-1.35843,2.41318,-3.22
-1.35843,2.58682,-3.24
-1.29904,2.75,-3.26
-1.29904,2.75,-3.28
-1.29904,2.75,-3.3
-1.29904,2.75,-3.32
-1.29904,2.75,-3.34
-1.29904,2.75,-3.36
-1.29904,2.75,-3.38
-1.29904,2.75,-3.4
-1.29904,2.75,-3.42
-1.29904,2.75,-3.44
-1.29904,2.75,-3.46
-1.29904,2.75,-3.48
-1.29904,2.75,-3.5
-1.29904,2.75,-3.52
-1.29904,2.75,-3.54
-1.29904,2.75,-3.56
-1.29904,2.75,-3.58
-1.29904,2.75,-3.6
-1.29904,2.75,-3.62
-1.29904,2.75,-3.64
-1.29904,2.75,-3.66
-1.29904,2.75,-3.68
-1.29904,2.75,-3.7
-1.29904,2.75,-3.72
-1.29904,2.75,-3.74
-1.29904,2.75,-3.76
-1.29904,2.75,-3.78
-1.29904,2.75,-3.8
-1.29904,2.75,-3.82
-1.29904,2.75,-3.84
-1.29904,2.75,-3.86
-1.29904,2.75,-3.88
-1.29904,2.75,-3.9
-1.29904,2.75,-3.92
-1.29904,2.75,-3.94
-1.29904,2.75,-3.96
-1.24905,2.82139,-3.98
-1.11603,2.93301,-4
-0.952849,2.9924,-4.02
-0.866025,3,-4.04
-0.866025,3,-4.06
-0.866025,3,-4.08
-0.866025,3,-4.1
-0.866025,3,-4.12
-0.866025,3,-4.14
-0.866025,3,-4.16
-0.866025,3,-4.18
-0.866025,3,-4.2
-0.866025,3,-4.22
-0.866025,3,-4.24
-0.866025,3,-4.26
-0.866025,3,-4.28
-0.866025,3,-4.3
-0.866025,3,-4.32
-0.866025,3,-4.34
-0.866025,3,-4.36
-0.866025,3,-4.38
-0.866025,3,-4.4
-0.866025,3,-4.42
-0.866025,3,-4.44
-0.866025,3,-4.46
-0.866025,3,-4.48
-0.866025,3,-4.5
-0.866025,3,-4.52
-0.866025,3,-4.54
-0.866025,3,-4.56
-0.866025,3,-4.58
-0.866025,3,-4.6
-0.866025,3,-4.62
-0.866025,3,-4.64
-0.866025,3,-4.66
-0.866025,3,-4.68
-0.866025,3,-4.7
-0.866025,3,-4.72
-0.866025,3,-4.74
-0.695015,2.96985,-4.76
-0.544632,2.88302,-4.78
-0.433013,2.75,-4.8
-0.433013,2.75,-4.82
-0.433013,2.75,-4.84
-0.433013,2.75,-4.86
-0.433013,2.75,-4.88
-0.433013,2.75,-4.9
-0.433013,2.75,-4.92
-0.433013,2.75,-4.94
-0.433013,2.75,-4.96
-0.433013,2.75,-4.98
-0.433013,2.75,-5
-0.433013,2.75,-5.02
-0.433013,2.75,-5.04
-0.433013,2.75,-5.06
-0.433013,2.75,-5.08
-0.433013,2.75,-5.1
-0.433013,2.75,-5.12
-0.433013,2.75,-5.14
-0.433013,2.75,-5.16
-0.433013,2.75,-5.18
-0.433013,2.75,-5.2
-0.433013,2.75,-5.22
-0.383022,2.67861,-5.24
-0.25,2.56699,-5.26
-0.0868241,2.5076,-5.28
5.94727e-13,2.5,-5.3
0.17101,2.53015,-5.32
0.321394,2.61698,-5.34
0.433013,2.75,-5.36
0.469846,2.82899,-5.38
0.5,3,-5.4
0.469846,3.17101,-5.42
0.433013,3.25,-5.44
0.321394,3.38302,-5.46
0.17101,3.46985,-5.48
1.38822e-12,3.5,-5.5
1.38822e-12,3.5,-5.52
1.38822e-12,3.5,-5.54
1.38822e-12,3.5,-5.56
1.38822e-12,3.5,-5.58
1.38822e-12,3.5,-5.6
1.38822e-12,3.5,-5.62
1.38822e-12,3.5,-5.64
1.38822e-12,3.5,-5.66
1.38822e-12,3.5,-5.68
1.38822e-12,3.5,-5.7
1.38822e-12,3.5,-5.72
1.38822e-12,3.5,-5.74
1.38822e-12,3.5,-5.76
1.38822e-12,3.5,-5.78
1.38822e-12,3.5,-5.8
1.38822e-12,3.5,-5.82
1.38822e-12,3.5,-5.84
1.38822e-12,3.5,-5.86
1.38822e-12,3.5,-5.88
1.38822e-12,3.5,-5.9
1.38822e-12,3.5,-5.92
1.38822e-12,3.5,-5.94
1.38822e-12,3.5,-5.96
1.38822e-12,3.5,-5.98
1.38822e-12,3.5,-6
-0.17101,3.46985,-6.02
-0.321394,3.38302,-6.04
-0.433013,3.25,-6.06
-0.469846,3.17101,-6.08
-0.5,3,-6.1
-0.469846,2.82899,-6.12
-0.433013,2.75,-6.14
-0.321394,2.61698,-6.16
-0.17101,2.53015,-6.18
5.94727e-13,2.5,-6.2
0.0868241,2.5076,-6.22
0.25,2.56699,-6.24
0.383022,2.67861,-6.26
0.433013,2.75,-6.28
0.433013,2.75,-6.3
0.433013,2.75,-6.32
0.433013,2.75,-6.34
0.433013,2.75,-6.36
0.433013,2.75,-6.38
0.433013,2.75,-6.4
0.433013,2.75,-6.42
0.433013,2.75,-6.44
0.433013,2.75,-6.46
0.433013,2.75,-6.48
0.433013,2.75,-6.5
0.433013,2.75,-6.52
0.433013,2.75,-6.54
0.433013,2.75,-6.56
0.433013,2.75,-6.58
0.433013,2.75,-6.6
0.433013,2.75,-6.62
0.433013,2.75,-6.64
0.433013,2.75,-6.66
0.433013,2.75,-6.68
0.433013,2.75,-6.7
0.544632,2.88302,-6.72
0.695015,2.96985,-6.74
0.866025,3,-6.76
0.866025,3,-6.78
0.866025,3,-6.8
0.866025,3,-6.82
0.866025,3,-6.84
0.866025,3,-6.86
0.866025,3,-6.88
0.866025,3,-6.9
0.866025,3,-6.92
0.866025,3,-6.94
0.866025,3,-6.96
0.866025,3,-6.98
0.866025,3,-7
0.866025,3,-7.02
0.866025,3,-7.04
0.866025,3,-7.06
0.866025,3,-7.08
0.866025,3,-7.1
0.866025,3,-7.12
0.866025,3,-7.14
0.866025,3,-7.16
0.866025,3,-7.18
0.866025,3,-7.2
0.866025,3,-7.22
0.866025,3,-7.24
0.866025,3,-7.26
0.866025,3,-7.28
0.866025,3,-7.3
0.866025,3,-7.32
0.866025,3,-7.34
0.866025,3,-7.36
0.866025,3,-7.38
0.866025,3,-7.4
0.866025,3,-7.42
0.866025,3,-7.44
0.866025,3,-7.46
0.952849,2.9924,-7.48
1.11603,2.93301,-7.5
1.24905,2.82139,-7.52
1.29904,2.75,-7.54
1.29904,2.75,-7.56
1.29904,2.75,-7.58
1.29904,2.75,-7.6
1.29904,2.75,-7.62
1.29904,2.75,-7.64
1.29904,2.75,-7.66
1.29904,2.75,-7.68
1.29904,2.75,-7.7
1.29904,2.75,-7.72
1.29904,2.75,-7.74
1.29904,2.75,-7.76
1.29904,2.75,-7.78
1.29904,2.75,-7.8
1.29904,2.75,-7.82
1.29904,2.75,-7.84
1.29904,2.75,-7.86
1.29904,2.75,-7.88
1.29904,2.75,-7.9
1.29904,2.75,-7.92
1.29904,2.75,-7.94
1.29904,2.75,-7.96
1.29904,2.75,-7.98
1.29904,2.75,-8
1.29904,2.75,-8.02
1.29904,2.75,-8.04
1.29904,2.75,-8.06
1.29904,2.75,-8.08
1.29904,2.75,-8.1
1.29904,2.75,-8.12
1.29904,2.75,-8.14
1.29904,2.75,-8.16
1.29904,2.75,-8.18
1.29904,2.75,-8.2
1.29904,2.75,-8.22
1.29904,2.75,-8.24
1.35843,2.58682,-8.26
1.35843,2.41318,-8.28
1.29904,2.25,-8.3
1.29904,2.25,-8.32
1.29904,2.25,-8.34
1.29904,2.25,-8.36
1.29904,2.25,-8.38
1.29904,2.25,-8.4
1.29904,2.25,-8.42
1.29904,2.25,-8.44
1.29904,2.25,-8.46
1.29904,2.25,-8.48
1.29904,2.25,-8.5
1.29904,2.25,-8.52
1.29904,2.25,-8.54
1.29904,2.25,-8.56
1.29904,2.25,-8.58
1.34903,2.32139,-8.6
1.48205,2.43301,-8.62
1.64523,2.4924,-8.64
1.73205,2.5,-8.66
1.73205,2.5,-8.68
1.73205,2.5,-8.7
1.73205,2.5,-8.72
1.73205,2.5,-8.74
1.73205,2.5,-8.76
1.73205,2.5,-8.78
1.73205,2.5,-8.8
1.73205,2.5,-8.82
1.73205,2.5,-8.84
1.73205,2.5,-8.86
1.73205,2.5,-8.88
1.73205,2.5,-8.9
1.73205,2.5,-8.92
1.73205,2.5,-8.94
1.73205,2.5,-8.96
1.73205,2.5,-8.98
1.73205,2.5,-9
1.73205,2.5,-9.02
1.73205,2.5,-9.04
1.73205,2.5,-9.06
1.73205,2.5,-9.08
1.73205,2.5,-9.1
1.73205,2.5,-9.12
1.73205,2.5,-9.14
1.73205,2.5,-9.16
1.73205,2.5,-9.18
1.73205,2.5,-9.2
1.73205,2.5,-9.22
1.73205,2.5,-9.24
1.73205,2.5,-9.26
1.73205,2.5,-9.28
1.73205,2.5,-9.3
1.73205,2.5,-9.32
1.73205,2.5,-9.34
1.73205,2.5,-9.36
1.90306,2.46985,-9.38
2.05344,2.38302,-9.4
2.16506,2.25,-9.42
2.16506,2.25,-9.44
2.16506,2.25,-9.46
2.16506,2.25,-9.48
2.16506,2.25,-9.5
2.16506,2.25,-9.52
2.16506,2.25,-9.54
2.16506,2.25,-9.56
2.16506,2.25,-9.58
2.16506,2.25,-9.6
2.16506,2.25,-9.62
2.16506,2.25,-9.64
2.16506,2.25,-9.66
2.16506,2.25,-9.68
2.16506,2.25,-9.7
2.16506,2.25,-9.72
2.16506,2.25,-9.74
2.16506,2.25,-9.76
2.16506,2.25,-9.78
2.16506,2.25,-9.8
2.16506,2.25,-9.82
2.16506,2.25,-9.84
2.16506,2.25,-9.86
2.16506,2.25,-9.88
2.16506,2.25,-9.9
2.16506,2.25,-9.92
2.16506,2.25,-9.94
2.16506,2.25,-9.96
2.16506,2.25,-9.98
2.16506,2.25,-10
2.16506,2.25,-10.02
2.16506,2.25,-10.04
2.16506,2.25,-10.06
2.16506,2.25,-10.08
2.16506,2.25,-10.1
2.16506,2.25,-10.12
2.2019,2.17101,-10.14
2.23205,2,-10.16
2.2019,1.82899,-10.18
2.16506,1.75,-10.2
2.16506,1.75,-10.22
2.16506,1.75,-10.24
2.16506,1.75,-10.26
2.16506,1.75,-10.28
2.16506,1.75,-10.3
2.16506,1.75,-10.32
2.16506,1.75,-10.34
2.16506,1.75,-10.36
2.16506,1.75,-10.38
2.16506,1.75,-10.4
2.16506,1.75,-10.42
2.16506,1.75,-10.44
2.16506,1.75,-10.46
2.16506,1.75,-10.48
2.16506,1.75,-10.5
2.16506,1.75,-10.52
2.16506,1.75,-10.54
2.16506,1.75,-10.56
2.16506,1.75,-10.58
2.16506,1.75,-10.6
2.16506,1.75,-10.62
2.10567,1.58682,-10.64
2.10567,1.41318,-10.66
2.16506,1.25,-10.68
2.21505,1.17861,-10.7
2.34808,1.06699,-10.72
2.51125,1.0076,-10.74
2.59808,1,-10.76
2.76909,1.03015,-10.78
2.91947,1.11698,-10.8
3.03109,1.25,-10.82
3.06792,1.32899,-10.84
3.09808,1.5,-10.86
3.06792,1.67101,-10.88
3.03109,1.75,-10.9
3.03109,1.75,-10.92
3.03109,1.75,-10.94
3.03109,1.75,-10.96
3.03109,1.75,-10.98
3.03109,1.75,-11
3.03109,1.75,-11.02
3.03109,1.75,-11.04
3.03109,1.75,-11.06
3.03109,1.75,-11.08
3.03109,1.75,-11.1
3.03109,1.75,-11.12
3.03109,1.75,-11.14
3.03109,1.75,-11.16
3.03109,1.75,-11.18
3.03109,1.75,-11.2
3.03109,1.75,-11.22
3.03109,1.75,-11.24
3.03109,1.75,-11.26
3.03109,1.75,-11.28
3.03109,1.75,-11.3
3.03109,1.75,-11.32
3.03109,1.75,-11.34
3.03109,1.75,-11.36
3.03109,1.75,-11.38
2.9811,1.82139,-11.4
2.84808,1.93301,-11.42
2.6849,1.9924,-11.44
2.59808,2,-11.46
2.42707,1.96985,-11.48
2.27668,1.88302,-11.5
2.16506,1.75,-11.52
2.12823,1.67101,-11.54
2.09808,1.5,-11.56
2.12823,1.32899,-11.58
2.16506,1.25,-11.6
2.27668,1.11698,-11.62
2.42707,1.03015,-11.64
2.59808,1,-11.66
2.59808,1,-11.68
2.59808,1,-11.7
2.59808,1,-11.72
2.59808,1,-11.74
2.59808,1,-11.76
2.59808,1,-11.78
2.59808,1,-11.8
2.59808,1,-11.82
2.59808,1,-11.84
2.59808,1,-11.86
2.59808,1,-11.88
2.59808,1,-11.9
2.59808,1,-11.92
2.59808,1,-11.94
2.59808,1,-11.96
2.59808,1,-11.98
2.59808,1,-12
2.59808,1,-12.02
2.59808,1,-12.04
2.59808,1,-12.06
2.59808,1,-12.08
2.6849,0.992404,-12.1
2.84808,0.933013,-12.12
2.9811,0.821394,-12.14
3.03109,0.75,-12.16
3.03109,0.75,-12.18
3.03109,0.75,-12.2
3.03109,0.75,-12.22
3.03109,0.75,-12.24
3.03109,0.75,-12.26
3.03109,0.75,-12.28
3.03109,0.75,-12.3
3.03109,0.75,-12.32
3.03109,0.75,-12.34
3.03109,0.75,-12.36
3.03109,0.75,-12.38
3.03109,0.75,-12.4
3.03109,0.75,-12.42
3.03109,0.75,-12.44
3.03109,0.75,-12.46
3.03109,0.75,-12.48
3.03109,0.75,-12.5
3.03109,0.75,-12.52
3.03109,0.75,-12.54
3.03109,0.75,-12.56
3.03109,0.75,-12.58
3.03109,0.75,-12.6
3.03109,0.75,-12.62
3.03109,0.75,-12.64
3.03109,0.75,-12.66
3.03109,0.75,-12.68
3.03109,0.75,-12.7
3.03109,0.75,-12.72
3.03109,0.75,-12.74
3.03109,0.75,-12.76
3.03109,0.75,-12.78
3.03109,0.75,-12.8
3.03109,0.75,-12.82
3.03109,0.75,-12.84
3.03109,0.75,-12.86
3.09048,0.586824,-12.88
3.09048,0.413176,-12.9
3.03109,0.25,-12.92
3.03109,0.25,-12.94
3.03109,0.25,-12.96
3.03109,0.25,-12.98
3.03109,0.25,-13
3.03109,0.25,-13.02
3.03109,0.25,-13.04
3.03109,0.25,-13.06
3.03109,0.25,-13.08
3.03109,0.25,-13.1
3.03109,0.25,-13.12
3.03109,0.25,-13.14
3.03109,0.25,-13.16
3.03109,0.25,-13.18
3.03109,0.25,-13.2
3.03109,0.25,-13.22
3.03109,0.25,-13.24
3.03109,0.25,-13.26
3.03109,0.25,-13.28
3.03109,0.25,-13.3
3.03109,0.25,-13.32
3.03109,0.25,-13.34
3.03109,0.25,-13.36
3.03109,0.25,-13.38
3.03109,0.25,-13.4
3.03109,0.25,-13.42
3.03109,0.25,-13.44
3.03109,0.25,-13.46
3.03109,0.25,-13.48
3.03109,0.25,-13.5
3.03109,0.25,-13.52
3.03109,0.25,-13.54
3.03109,0.25,-13.56
3.03109,0.25,-13.58
3.03109,0.25,-13.6
3.03109,0.25,-13.62
2.9811,0.178606,-13.64
2.84808,0.0669873,-13.66
2.6849,0.00759612,-13.68
2.59808,-3.77653e-12,-13.7
2.59808,-3.77653e-12,-13.72
2.59808,-3.77653e-12,-13.74
2.59808,-3.77653e-12,-13.76
2.59808,-3.77653e-12,-13.78
2.59808,-3.77653e-12,-13.8
2.59808,-3.77653e-12,-13.82
2.59808,-3.77653e-12,-13.84
2.59808,-3.77653e-12,-13.86
2.59808,-3.77653e-12,-13.88
2.59808,-3.77653e-12,-13.9
2.59808,-3.77653e-12,-13.92
2.59808,-3.77653e-12,-13.94
2.59808,-3.77653e-12,-13.96
2.59808,-3.77653e-12,-13.98
2.76909,-0.0301537,-14
2.91947,-0.116978,-14.02
3.03109,-0.25,-14.04
3.03109,-0.25,-14.06
3.03109,-0.25,-14.08
3.03109,-0.25,-14.1
3.03109,-0.25,-14.12
3.03109,-0.25,-14.14
3.03109,-0.25,-14.16
3.03109,-0.25,-14.18
3.03109,-0.25,-14.2
3.03109,-0.25,-14.22
3.03109,-0.25,-14.24
3.03109,-0.25,-14.26
3.03109,-0.25,-14.28
3.03109,-0.25,-14.3
3.03109,-0.25,-14.32
3.03109,-0.25,-14.34
3.03109,-0.25,-14.36
3.03109,-0.25,-14.38
3.03109,-0.25,-14.4
3.03109,-0.25,-14.42
3.03109,-0.25,-14.44
3.03109,-0.25,-14.46
3.03109,-0.25,-14.48
3.03109,-0.25,-14.5
3.03109,-0.25,-14.52
3.03109,-0.25,-14.54
3.03109,-0.25,-14.56
3.03109,-0.25,-14.58
3.03109,-0.25,-14.6
3.03109,-0.25,-14.62
3.03109,-0.25,-14.64
3.03109,-0.25,-14.66
3.03109,-0.25,-14.68
3.03109,-0.25,-14.7
3.03109,-0.25,-14.72
3.03109,-0.25,-14.74
3.06792,-0.32899,-14.76
3.09808,-0.5,-14.78
3.06792,-0.67101,-14.8
3.03109,-0.75,-14.82
3.03109,-0.75,-14.84
3.03109,-0.75,-14.86
3.03109,-0.75,-14.88
3.03109,-0.75,-14.9
3.03109,-0.75,-14.92
3.03109,-0.75,-14.94
3.03109,-0.75,-14.96
3.03109,-0.75,-14.98
3.03109,-0.75,-15
3.03109,-0.75,-15.02
3.03109,-0.75,-15.04
3.03109,-0.75,-15.06
3.03109,-0.75,-15.08
3.03109,-0.75,-15.1
3.03109,-0.75,-15.12
3.03109,-0.75,-15.14
3.03109,-0.75,-15.16
3.03109,-0.75,-15.18
3.03109,-0.75,-15.2
3.03109,-0.75,-15.22
3.03109,-0.75,-15.24
3.03109,-0.75,-15.26
3.03109,-0.75,-15.28
3.03109,-0.75,-15.3
3.03109,-0.75,-15.32
3.03109,-0.75,-15.34
3.03109,-0.75,-15.36
3.03109,-0.75,-15.38
3.03109,-0.75,-15.4
3.03109,-0.75,-15.42
3.03109,-0.75,-15.44
3.03109,-0.75,-15.46
3.03109,-0.75,-15.48
3.03109,-0.75,-15.5
3.03109,-0.75,-15.52
2.91947,-0.883022,-15.54
2.76909,-0.969846,-15.56
2.59808,-1,-15.58
2.59808,-1,-15.6
2.59808,-1,-15.62
2.59808,-1,-15.64
2.59808,-1,-15.66
2.59808,-1,-15.68
2.59808,-1,-15.7
2.59808,-1,-15.72
2.59808,-1,-15.74
2.59808,-1,-15.76
2.59808,-1,-15.78
2.59808,-1,-15.8
2.59808,-1,-15.82
2.59808,-1,-15.84
2.59808,-1,-15.86
2.59808,-1,-15.88
2.59808,-1,-15.9
2.59808,-1,-15.92
2.59808,-1,-15.94
2.59808,-1,-15.96
2.59808,-1,-15.98
2.59808,-1,-16
2.51125,-1.0076,-16.02
2.34808,-1.06699,-16.04
2.21505,-1.17861,-16.06
2.16506,-1.25,-16.08
2.10567,-1.41318,-16.1
2.10567,-1.58682,-16.12
2.16506,-1.75,-16.14
2.21505,-1.82139,-16.16
2.34808,-1.93301,-16.18
2.51125,-1.9924,-16.2
2.59808,-2,-16.22
2.76909,-1.96985,-16.24
2.91947,-1.88302,-16.26
3.03109,-1.75,-16.28
3.03109,-1.75,-16.3
3.03109,-1.75,-16.32
3.03109,-1.75,-16.34
3.03109,-1.75,-16.36
3.03109,-1.75,-16.38
3.03109,-1.75,-16.4
3.03109,-1.75,-16.42
3.03109,-1.75,-16.44
3.03109,-1.75,-16.46
3.03109,-1.75,-16.48
3.03109,-1.75,-16.5
3.03109,-1.75,-16.52
3.03109,-1.75,-16.54
3.03109,-1.75,-16.56
3.03109,-1.75,-16.58
3.03109,-1.75,-16.6
3.03109,-1.75,-16.62
3.03109,-1.75,-16.64
3.03109,-1.75,-16.66
3.03109,-1.75,-16.68
3.03109,-1.75,-16.7
3.03109,-1.75,-16.72
3.03109,-1.75,-16.74
3.03109,-1.75,-16.76
3.03109,-1.75,-16.78
3.09048,-1.58682,-16.8
3.09048,-1.41318,-16.82
3.03109,-1.25,-16.84
2.9811,-1.17861,-16.86
2.84808,-1.06699,-16.88
2.6849,-1.0076,-16.9
2.59808,-1,-16.92
2.42707,-1.03015,-16.94
2.27668,-1.11698,-16.96
2.16506,-1.25,-16.98
2.12823,-1.32899,-17
2.09808,-1.5,-17.02
2.12823,-1.67101,-17.04
2.16506,-1.75,-17.06
2.16506,-1.75,-17.08
2.16506,-1.75,-17.1
2.16506,-1.75,-17.12
2.16506,-1.75,-17.14
2.16506,-1.75,-17.16
2.16506,-1.75,-17.18
2.16506,-1.75,-17.2
2.16506,-1.75,-17.22
2.16506,-1.75,-17.24
2.16506,-1.75,-17.26
2.16506,-1.75,-17.28
2.16506,-1.75,-17.3
2.16506,-1.75,-17.32
2.16506,-1.75,-17.34
2.16506,-1.75,-17.36
2.16506,-1.75,-17.38
2.16506,-1.75,-17.4
2.16506,-1.75,-17.42
2.16506,-1.75,-17.44
2.16506,-1.75,-17.46
2.16506,-1.75,-17.48
2.22445,-1.91318,-17.5
2.22445,-2.08682,-17.52
2.16506,-2.25,-17.54
2.16506,-2.25,-17.56
2.16506,-2.25,-17.58
2.16506,-2.25,-17.6
2.16506,-2.25,-17.62
2.16506,-2.25,-17.64
2.16506,-2.25,-17.66
2.16506,-2.25,-17.68
2.16506,-2.25,-17.7
2.16506,-2.25,-17.72
2.16506,-2.25,-17.74
2.16506,-2.25,-17.76
2.16506,-2.25,-17.78
2.16506,-2.25,-17.8
2.16506,-2.25,-17.82
2.16506,-2.25,-17.84
2.16506,-2.25,-17.86
2.16506,-2.25,-17.88
2.16506,-2.25,-17.9
2.16506,-2.25,-17.92
2.16506,-2.25,-17.94
2.16506,-2.25,-17.96
2.16506,-2.25,-17.98
2.16506,-2.25,-18
2.16506,-2.25,-18.02
2.16506,-2.25,-18.04
2.16506,-2.25,-18.06
2.16506,-2.25,-18.08
2.16506,-2.25,-18.1
2.16506,-2.25,-18.12
2.16506,-2.25,-18.14
2.16506,-2.25,-18.16
2.16506,-2.25,-18.18
2.16506,-2.25,-18.2
2.16506,-2.25,-18.22
2.16506,-2.25,-18.24
2.11507,-2.32139,-18.26
1.98205,-2.43301,-18.28
1.81887,-2.4924,-18.3
1.73205,-2.5,-18.32
1.73205,-2.5,-18.34
1.73205,-2.5,-18.36
1.73205,-2.5,-18.38
1.73205,-2.5,-18.4
1.73205,-2.5,-18.42
1.73205,-2.5,-18.44
1.73205,-2.5,-18.46
1.73205,-2.5,-18.48
1.73205,-2.5,-18.5
1.73205,-2.5,-18.52
1.73205,-2.5,-18.54
1.73205,-2.5,-18.56
1.73205,-2.5,-18.58
1.73205,-2.5,-18.6
1.73205,-2.5,-18.62
1.73205,-2.5,-18.64
1.73205,-2.5,-18.66
1.73205,-2.5,-18.68
1.73205,-2.5,-18.7
1.73205,-2.5,-18.72
1.73205,-2.5,-18.74
1.73205,-2.5,-18.76
1.73205,-2.5,-18.78
1.73205,-2.5,-18.8
1.73205,-2.5,-18.82
1.73205,-2.5,-18.84
1.73205,-2.5,-18.86
1.73205,-2.5,-18.88
1.73205,-2.5,-18.9
1.73205,-2.5,-18.92
1.73205,-2.5,-18.94
1.73205,-2.5,-18.96
1.73205,-2.5,-18.98
1.73205,-2.5,-19
1.73205,-2.5,-19.02
1.56104,-2.46985,-19.04
1.41066,-2.38302,-19.06
1.29904,-2.25,-19.08
1.29904,-2.25,-19.1
1.29904,-2.25,-19.12
1.29904,-2.25,-19.14
1.29904,-2.25,-19.16
1.29904,-2.25,-19.18
1.29904,-2.25,-19.2
1.29904,-2.25,-19.22
1.29904,-2.25,-19.24
1.29904,-2.25,-19.26
1.29904,-2.25,-19.28
1.29904,-2.25,-19.3
1.29904,-2.25,-19.32
1.29904,-2.25,-19.34
1.29904,-2.25,-19.36
1.33587,-2.32899,-19.38
1.36603,-2.5,-19.4
1.33587,-2.67101,-19.42
1.29904,-2.75,-19.44
1.29904,-2.75,-19.46
1.29904,-2.75,-19.48
1.29904,-2.75,-19.5
1.29904,-2.75,-19.52
1.29904,-2.75,-19.54
1.29904,-2.75,-19.56
1.29904,-2.75,-19.58
1.29904,-2.75,-19.6
1.29904,-2.75,-19.62
1.29904,-2.75,-19.64
1.29904,-2.75,-19.66
1.29904,-2.75,-19.68
1.29904,-2.75,-19.7
1.29904,-2.75,-19.72
1.29904,-2.75,-19.74
1.29904,-2.75,-19.76
1.29904,-2.75,-19.78
1.29904,-2.75,-19.8
1.29904,-2.75,-19.82
1.29904,-2.75,-19.84
1.29904,-2.75,-19.86
1.29904,-2.75,-19.88
1.29904,-2.75,-19.9
1.29904,-2.75,-19.92
1.29904,-2.75,-19.94
1.29904,-2.75,-19.96
1.29904,-2.75,-19.98
1.29904,-2.75,-20
1.29904,-2.75,-20.02
1.29904,-2.75,-20.04
1.29904,-2.75,-20.06
1.29904,-2.75,-20.08
1.29904,-2.75,-20.1
1.29904,-2.75,-20.12
1.29904,-2.75,-20.14
1.18742,-2.88302,-20.16
1.03704,-2.96985,-20.18
0.866025,-3,-20.2
0.866025,-3,-20.22
0.866025,-3,-20.24
0.866025,-3,-20.26
0.866025,-3,-20.28
0.866025,-3,-20.3
0.866025,-3,-20.32
0.866025,-3,-20.34
0.866025,-3,-20.36
0.866025,-3,-20.38
0.866025,-3,-20.4
0.866025,-3,-20.42
0.866025,-3,-20.44
0.866025,-3,-20.46
0.866025,-3,-20.48
0.866025,-3,-20.5
0.866025,-3,-20.52
0.866025,-3,-20.54
0.866025,-3,-20.56
0.866025,-3,-20.58
0.866025,-3,-20.6
0.866025,-3,-20.62
0.866025,-3,-20.64
0.866025,-3,-20.66
0.866025,-3,-20.68
0.866025,-3,-20.7
0.866025,-3,-20.72
0.866025,-3,-20.74
0.866025,-3,-20.76
0.866025,-3,-20.78
0.866025,-3,-20.8
0.866025,-3,-20.82
0.866025,-3,-20.84
0.866025,-3,-20.86
0.866025,-3,-20.88
0.866025,-3,-20.9
0.779201,-2.9924,-20.92
0.616025,-2.93301,-20.94
0.483003,-2.82139,-20.96
0.433013,-2.75,-20.98
0.433013,-2.75,-21
0.433013,-2.75,-21.02
0.433013,-2.75,-21.04
0.433013,-2.75,-21.06
0.433013,-2.75,-21.08
0.433013,-2.75,-21.1
0.433013,-2.75,-21.12
0.433013,-2.75,-21.14
0.433013,-2.75,-21.16
0.433013,-2.75,-21.18
0.433013,-2.75,-21.2
0.433013,-2.75,-21.22
0.433013,-2.75,-21.24
0.433013,-2.75,-21.26
0.433013,-2.75,-21.28
0.433013,-2.75,-21.3
0.433013,-2.75,-21.32
0.433013,-2.75,-21.34
0.433013,-2.75,-21.36
0.433013,-2.75,-21.38
0.433013,-2.75,-21.4
0.321394,-2.61698,-21.42
0.17101,-2.53015,-21.44
-2.577e-12,-2.5,-21.46
-0.0868241,-2.5076,-21.48
-0.25,-2.56699,-21.5
-0.383022,-2.67861,-21.52
-0.433013,-2.75,-21.54
-0.492404,-2.91318,-21.56
-0.492404,-3.08682,-21.58
-0.433013,-3.25,-21.6
-0.383022,-3.32139,-21.62
-0.25,-3.43301,-21.64
-0.0868241,-3.4924,-21.66
-4.16354e-12,-3.5,-21.68
-4.16354e-12,-3.5,-21.7
-4.16354e-12,-3.5,-21.72
-4.16354e-12,-3.5,-21.74
-4.16354e-12,-3.5,-21.76
-4.16354e-12,-3.5,-21.78
-4.16354e-12,-3.5,-21.8
-4.16354e-12,-3.5,-21.82
-4.16354e-12,-3.5,-21.84
-4.16354e-12,-3.5,-21.86
-4.16354e-12,-3.5,-21.88
-4.16354e-12,-3.5,-21.9
-4.16354e-12,-3.5,-21.92
-4.16354e-12,-3.5,-21.94
-4.16354e-12,-3.5,-21.96
-4.16354e-12,-3.5,-21.98
-4.16354e-12,-3.5,-22
-4.16354e-12,-3.5,-22.02
-4.16354e-12,-3.5,-22.04
-4.16354e-12,-3.5,-22.06
-4.16354e-12,-3.5,-22.08
-4.16354e-12,-3.5,-22.1
-4.16354e-12,-3.5,-22.12
-4.16354e-12,-3.5,-22.14
-4.16354e-12,-3.5,-22.16
0.0868241,-3.4924,-22.18
0.25,-3.43301,-22.2
0.383022,-3.32139,-22.22
0.433013,-3.25,-22.24
0.492404,-3.08682,-22.26
0.492404,-2.91318,-22.28
0.433013,-2.75,-22.3
0.383022,-2.67861,-22.32
0.25,-2.56699,-22.34
0.0868241,-2.5076,-22.36
-3.37005e-12,-2.5,-22.38
-0.17101,-2.53015,-22.4
-0.321394,-2.61698,-22.42
-0.433013,-2.75,-22.44
-0.433013,-2.75,-22.46
-0.433013,-2.75,-22.48
-0.433013,-2.75,-22.5
-0.433013,-2.75,-22.52
-0.433013,-2.75,-22.54
-0.433013,-2.75,-22.56
-0.433013,-2.75,-22.58
-0.433013,-2.75,-22.6
-0.433013,-2.75,-22.62
-0.433013,-2.75,-22.64
-0.433013,-2.75,-22.66
-0.433013,-2.75,-22.68
-0.433013,-2.75,-22.7
-0.433013,-2.75,-22.72
-0.433013,-2.75,-22.74
-0.433013,-2.75,-22.76
-0.433013,-2.75,-22.78
-0.433013,-2.75,-22.8
-0.433013,-2.75,-22.82
-0.433013,-2.75,-22.84
-0.433013,-2.75,-22.86
-0.483003,-2.82139,-22.88
-0.616025,-2.93301,-22.9
-0.779201,-2.9924,-22.92
-0.866025,-3,-22.94
-0.866025,-3,-22.96
-0.866025,-3,-22.98
-0.866025,-3,-23
-0.866025,-3,-23.02
-0.866025,-3,-23.04
-0.866025,-3,-23.06
-0.866025,-3,-23.08
-0.866025,-3,-23.1
-0.866025,-3,-23.12
-0.866025,-3,-23.14
-0.866025,-3,-23.16
-0.866025,-3,-23.18
-0.866025,-3,-23.2
-0.866025,-3,-23.22
-0.866025,-3,-23.24
-0.866025,-3,-23.26
-0.866025,-3,-23.28
-0.866025,-3,-23.3
-0.866025,-3,-23.32
-0.866025,-3,-23.34
-0.866025,-3,-23.36
-0.866025,-3,-23.38
-0.866025,-3,-23.4
-0.866025,-3,-23.42
-0.866025,-3,-23.44
-0.866025,-3,-23.46
-0.866025,-3,-23.48
-0.866025,-3,-23.5
-0.866025,-3,-23.52
-0.866025,-3,-23.54
-0.866025,-3,-23.56
-0.866025,-3,-23.58
-0.866025,-3,-23.6
-0.866025,-3,-23.62
-0.866025,-3,-23.64
-1.03704,-2.96985,-23.66
-1.18742,-2.88302,-23.68
-1.29904,-2.75,-23.7
-1.29904,-2.75,-23.72
-1.29904,-2.75,-23.74
-1.29904,-2.75,-23.76
-1.29904,-2.75,-23.78
-1.29904,-2.75,-23.8
-1.29904,-2.75,-23.82
-1.29904,-2.75,-23.84
-1.29904,-2.75,-23.86
-1.29904,-2.75,-23.88
-1.29904,-2.75,-23.9
-1.29904,-2.75,-23.92
-1.29904,-2.75,-23.94
-1.29904,-2.75,-23.96
-1.29904,-2.75,-23.98
-1.29904,-2.75,-24
-1.29904,-2.75,-24.02
-1.29904,-2.75,-24.04
-1.29904,-2.75,-24.06
-1.29904,-2.75,-24.08
-1.29904,-2.75,-24.1
-1.29904,-2.75,-24.12
-1.29904,-2.75,-24.14
-1.29904,-2.75,-24.16
-1.29904,-2.75,-24.18
-1.29904,-2.75,-24.2
-1.29904,-2.75,-24.22
-1.29904,-2.75,-24.24
-1.29904,-2.75,-24.26
-1.29904,-2.75,-24.28
-1.29904,-2.75,-24.3
-1.29904,-2.75,-24.32
-1.29904,-2.75,-24.34
-1.29904,-2.75,-24.36
-1.29904,-2.75,-24.38
-1.29904,-2.75,-24.4
-1.33587,-2.67101,-24.42
-1.36603,-2.5,-24.44
-1.33587,-2.32899,-24.46
-1.29904,-2.25,-24.48
-1.29904,-2.25,-24.5
-1.29904,-2.25,-24.52
-1.29904,-2.25,-24.54
-1.29904,-2.25,-24.56
-1.29904,-2.25,-24.58
-1.29904,-2.25,-24.6
-1.29904,-2.25,-24.62
-1.29904,-2.25,-24.64
-1.29904,-2.25,-24.66
-1.29904,-2.25,-24.68
-1.29904,-2.25,-24.7
-1.29904,-2.25,-24.72
-1.29904,-2.25,-24.74
-1.29904,-2.25,-24.76
-1.41066,-2.38302,-24.78
-1.56104,-2.46985,-24.8
-1.73205,-2.5,-24.82
-1.73205,-2.5,-24.84
-1.73205,-2.5,-24.86
-1.73205,-2.5,-24.88
-1.73205,-2.5,-24.9
-1.73205,-2.5,-24.92
-1.73205,-2.5,-24.94
-1.73205,-2.5,-24.96
-1.73205,-2.5,-24.98
