-2.59808,2,14.98
-2.59808,2,14.96
-2.59808,2,14.94
-2.59808,2,14.92
-2.59808,2,14.9
-2.59808,2,14.88
-2.59808,2,14.86
-2.59808,2,14.84
-2.59808,2,14.82
-2.59808,2,14.8
-2.6849,1.9924,14.78
-2.84808,1.93301,14.76
-2.9811,1.82139,14.74
-3.03109,1.75,14.72
-3.09048,1.58682,14.7
-3.09048,1.41318,14.68
-3.03109,1.25,14.66
-2.9811,1.17861,14.64
-2.84808,1.06699,14.62
-2.6849,1.0076,14.6
-2.59808,1,14.58
-2.42707,1.03015,14.56
-2.27668,1.11698,14.54
-2.16506,1.25,14.52
-2.16506,1.25,14.5
-2.16506,1.25,14.48
-2.16506,1.25,14.46
-2.16506,1.25,14.44
-2.22445,1.08682,14.42
-2.22445,0.913176,14.4
-2.16506,0.75,14.38
-2.16506,0.75,14.36
-2.16506,0.75,14.34
-2.16506,0.75,14.32
-2.16506,0.75,14.3
-2.16506,0.75,14.28
-2.16506,0.75,14.26
-2.16506,0.75,14.24
-2.16506,0.75,14.22
-2.16506,0.75,14.2
-2.16506,0.75,14.18
-2.16506,0.75,14.16
-2.05344,0.616978,14.14
-1.90306,0.530154,14.12
-1.73205,0.5,14.1
-1.73205,0.5,14.08
-1.73205,0.5,14.06
-1.73205,0.5,14.04
-1.73205,0.5,14.02
-1.73205,0.5,14
-1.73205,0.5,13.98
-1.73205,0.5,13.96
-1.73205,0.5,13.94
-1.73205,0.5,13.92
-1.73205,0.5,13.9
-1.73205,0.5,13.88
-1.73205,0.5,13.86
-1.73205,0.5,13.84
-1.73205,0.5,13.82
-1.73205,0.5,13.8
-1.73205,0.5,13.78
-1.73205,0.5,13.76
-1.73205,0.5,13.74
-1.73205,0.5,13.72
-1.73205,0.5,13.7
-1.73205,0.5,13.68
-1.64523,0.507596,13.66
-1.48205,0.566987,13.64
-1.34903,0.678606,13.62
-1.29904,0.75,13.6
-1.29904,0.75,13.58
-1.29904,0.75,13.56
-1.29904,0.75,13.54
-1.29904,0.75,13.52
-1.29904,0.75,13.5
-1.29904,0.75,13.48
-1.29904,0.75,13.46
-1.29904,0.75,13.44
-1.29904,0.75,13.42
-1.29904,0.75,13.4
-1.2622,0.82899,13.38
-1.23205,1,13.36
-1.2622,1.17101,13.34
-1.29904,1.25,13.32
-1.29904,1.25,13.3
-1.29904,1.25,13.28
-1.29904,1.25,13.26
-1.29904,1.25,13.24
-1.29904,1.25,13.22
-1.29904,1.25,13.2
-1.29904,1.25,13.18
-1.29904,1.25,13.16
-1.29904,1.25,13.14
-1.29904,1.25,13.12
-1.29904,1.25,13.1
-1.29904,1.25,13.08
-1.29904,1.25,13.06
-1.29904,1.25,13.04
-1.29904,1.25,13.02
-1.29904,1.25,13
-1.29904,1.25,12.98
-1.29904,1.25,12.96
-1.29904,1.25,12.94
-1.29904,1.25,12.92
-1.29904,1.25,12.9
-1.41066,1.38302,12.88
-1.56104,1.46985,12.86
-1.73205,1.5,12.84
-1.73205,1.5,12.82
-1.73205,1.5,12.8
-1.73205,1.5,12.78
-1.73205,1.5,12.76
-1.73205,1.5,12.74
-1.73205,1.5,12.72
-1.73205,1.5,12.7
-1.73205,1.5,12.68
-1.73205,1.5,12.66
-1.73205,1.5,12.64
-1.73205,1.5,12.62
-1.90306,1.46985,12.6
-2.05344,1.38302,12.58
-2.16506,1.25,12.56
-2.16506,1.25,12.54
-2.16506,1.25,12.52
-2.16506,1.25,12.5
-2.16506,1.25,12.48
-2.10567,1.41318,12.46
-2.10567,1.58682,12.44
-2.16506,1.75,12.42
-2.21505,1.82139,12.4
-2.34808,1.93301,12.38
-2.51125,1.9924,12.36
-2.59808,2,12.34
-2.76909,1.96985,12.32
-2.91947,1.88302,12.3
-3.03109,1.75,12.28
-3.06792,1.67101,12.26
-3.09808,1.5,12.24
-3.06792,1.32899,12.22
-3.03109,1.25,12.2
-3.03109,1.25,12.18
-3.03109,1.25,12.16
-3.03109,1.25,12.14
-3.03109,1.25,12.12
-3.03109,1.25,12.1
-3.03109,1.25,12.08
-3.03109,1.25,12.06
-3.03109,1.25,12.04
-3.03109,1.25,12.02
-3.03109,1.25,12
-3.03109,1.25,11.98
-3.03109,1.25,11.96
-3.03109,1.25,11.94
-3.03109,1.25,11.92
-3.03109,1.25,11.9
-3.03109,1.25,11.88
-3.03109,1.25,11.86
-3.03109,1.25,11.84
-3.03109,1.25,11.82
-3.03109,1.25,11.8
-3.03109,1.25,11.78
-3.03109,1.25,11.76
-3.03109,1.25,11.74
-3.03109,1.25,11.72
-2.9811,1.17861,11.7
-2.84808,1.06699,11.68
-2.6849,1.0076,11.66
-2.59808,1,11.64
-2.42707,1.03015,11.62
-2.27668,1.11698,11.6
-2.16506,1.25,11.58
-2.12823,1.32899,11.56
-2.09808,1.5,11.54
-2.12823,1.67101,11.52
-2.16506,1.75,11.5
-2.27668,1.88302,11.48
-2.42707,1.96985,11.46
-2.59808,2,11.44
-2.59808,2,11.42
-2.59808,2,11.4
-2.59808,2,11.38
-2.59808,2,11.36
-2.59808,2,11.34
-2.59808,2,11.32
-2.59808,2,11.3
-2.59808,2,11.28
-2.59808,2,11.26
-2.59808,2,11.24
-2.59808,2,11.22
-2.59808,2,11.2
-2.59808,2,11.18
-2.59808,2,11.16
-2.59808,2,11.14
-2.59808,2,11.12
-2.59808,2,11.1
-2.59808,2,11.08
-2.59808,2,11.06
-2.59808,2,11.04
-2.59808,2,11.02
-2.59808,2,11
-2.59808,2,10.98
-2.59808,2,10.96
-2.59808,2,10.94
-2.76909,1.96985,10.92
-2.91947,1.88302,10.9
-3.03109,1.75,10.88
-3.06792,1.67101,10.86
-3.09808,1.5,10.84
-3.06792,1.32899,10.82
-3.03109,1.25,10.8
-2.91947,1.11698,10.78
-2.76909,1.03015,10.76
-2.59808,1,10.74
-2.51125,1.0076,10.72
-2.34808,1.06699,10.7
-2.21505,1.17861,10.68
-2.16506,1.25,10.66
-2.16506,1.25,10.64
-2.16506,1.25,10.62
-2.16506,1.25,10.6
-2.2019,1.17101,10.58
-2.23205,1,10.56
-2.2019,0.82899,10.54
-2.16506,0.75,10.52
-2.16506,0.75,10.5
-2.16506,0.75,10.48
-2.16506,0.75,10.46
-2.16506,0.75,10.44
-2.16506,0.75,10.42
-2.16506,0.75,10.4
-2.16506,0.75,10.38
-2.16506,0.75,10.36
-2.16506,0.75,10.34
-2.16506,0.75,10.32
-2.11507,0.678606,10.3
-1.98205,0.566987,10.28
-1.81887,0.507596,10.26
-1.73205,0.5,10.24
-1.73205,0.5,10.22
-1.73205,0.5,10.2
-1.73205,0.5,10.18
-1.73205,0.5,10.16
-1.73205,0.5,10.14
-1.73205,0.5,10.12
-1.73205,0.5,10.1
-1.73205,0.5,10.08
-1.73205,0.5,10.06
-1.73205,0.5,10.04
-1.73205,0.5,10.02
-1.73205,0.5,10
-1.73205,0.5,9.98
-1.73205,0.5,9.96
-1.73205,0.5,9.94
-1.73205,0.5,9.92
-1.73205,0.5,9.9
-1.73205,0.5,9.88
-1.73205,0.5,9.86
-1.73205,0.5,9.84
-1.73205,0.5,9.82
-1.56104,0.530154,9.8
-1.41066,0.616978,9.78
-1.29904,0.75,9.76
-1.29904,0.75,9.74
-1.29904,0.75,9.72
-1.29904,0.75,9.7
-1.29904,0.75,9.68
-1.29904,0.75,9.66
-1.29904,0.75,9.64
-1.29904,0.75,9.62
-1.29904,0.75,9.6
-1.29904,0.75,9.58
-1.29904,0.75,9.56
-1.29904,0.75,9.54
-1.23965,0.913176,9.52
-1.23965,1.08682,9.5
-1.29904,1.25,9.48
-1.29904,1.25,9.46
-1.29904,1.25,9.44
-1.29904,1.25,9.42
-1.29904,1.25,9.4
-1.29904,1.25,9.38
-1.29904,1.25,9.36
-1.29904,1.25,9.34
-1.29904,1.25,9.32
-1.29904,1.25,9.3
-1.29904,1.25,9.28
-1.29904,1.25,9.26
-1.29904,1.25,9.24
-1.29904,1.25,9.22
-1.29904,1.25,9.2
-1.29904,1.25,9.18
-1.29904,1.25,9.16
-1.29904,1.25,9.14
-1.29904,1.25,9.12
-1.29904,1.25,9.1
-1.29904,1.25,9.08
-1.29904,1.25,9.06
-1.34903,1.32139,9.04
-1.48205,1.43301,9.02
-1.64523,1.4924,9
-1.73205,1.5,8.98
-1.73205,1.5,8.96
-1.73205,1.5,8.94
-1.73205,1.5,8.92
-1.73205,1.5,8.9
-1.73205,1.5,8.88
-1.73205,1.5,8.86
-1.73205,1.5,8.84
-1.73205,1.5,8.82
-1.73205,1.5,8.8
-1.73205,1.5,8.78
-1.81887,1.4924,8.76
-1.98205,1.43301,8.74
-2.11507,1.32139,8.72
-2.16506,1.25,8.7
-2.16506,1.25,8.68
-2.16506,1.25,8.66
-2.16506,1.25,8.64
-2.12823,1.32899,8.62
-2.09808,1.5,8.6
-2.12823,1.67101,8.58
-2.16506,1.75,8.56
-2.27668,1.88302,8.54
-2.42707,1.96985,8.52
-2.59808,2,8.5
-2.6849,1.9924,8.48
-2.84808,1.93301,8.46
-2.9811,1.82139,8.44
-3.03109,1.75,8.42
-3.09048,1.58682,8.4
-3.09048,1.41318,8.38
-3.03109,1.25,8.36
-3.03109,1.25,8.34
-3.03109,1.25,8.32
-3.03109,1.25,8.3
-3.03109,1.25,8.28
-3.03109,1.25,8.26
-3.03109,1.25,8.24
-3.03109,1.25,8.22
-3.03109,1.25,8.2
-3.03109,1.25,8.18
-3.03109,1.25,8.16
-3.03109,1.25,8.14
-3.03109,1.25,8.12
-3.03109,1.25,8.1
-3.03109,1.25,8.08
-3.03109,1.25,8.06
-3.03109,1.25,8.04
-3.03109,1.25,8.02
-3.03109,1.25,8
-3.03109,1.25,7.98
-3.03109,1.25,7.96
-3.03109,1.25,7.94
-3.03109,1.25,7.92
-3.03109,1.25,7.9
-3.03109,1.25,7.88
-3.03109,1.25,7.86
-2.91947,1.11698,7.84
-2.76909,1.03015,7.82
-2.59808,1,7.8
-2.51125,1.0076,7.78
-2.34808,1.06699,7.76
-2.21505,1.17861,7.74
-2.16506,1.25,7.72
-2.10567,1.41318,7.7
-2.10567,1.58682,7.68
-2.16506,1.75,7.66
-2.21505,1.82139,7.64
-2.34808,1.93301,7.62
-2.51125,1.9924,7.6
-2.59808,2,7.58
-2.59808,2,7.56
-2.59808,2,7.54
-2.59808,2,7.52
-2.59808,2,7.5
-2.59808,2,7.48
-2.59808,2,7.46
-2.59808,2,7.44
-2.59808,2,7.42
-2.59808,2,7.4
-2.59808,2,7.38
-2.59808,2,7.36
-2.59808,2,7.34
-2.59808,2,7.32
-2.59808,2,7.3
-2.59808,2,7.28
-2.59808,2,7.26
-2.59808,2,7.24
-2.59808,2,7.22
-2.59808,2,7.2
-2.59808,2,7.18
-2.59808,2,7.16
-2.59808,2,7.14
-2.59808,2,7.12
-2.59808,2,7.1
-2.6849,1.9924,7.08
-2.84808,1.93301,7.06
-2.9811,1.82139,7.04
-3.03109,1.75,7.02
-3.09048,1.58682,7
-3.09048,1.41318,6.98
-3.03109,1.25,6.96
-2.9811,1.17861,6.94
-2.84808,1.06699,6.92
-2.6849,1.0076,6.9
-2.59808,1,6.88
-2.42707,1.03015,6.86
-2.27668,1.11698,6.84
-2.16506,1.25,6.82
-2.16506,1.25,6.8
-2.16506,1.25,6.78
-2.16506,1.25,6.76
-2.16506,1.25,6.74
-2.22445,1.08682,6.72
-2.22445,0.913176,6.7
-2.16506,0.75,6.68
-2.16506,0.75,6.66
-2.16506,0.75,6.64
-2.16506,0.75,6.62
-2.16506,0.75,6.6
-2.16506,0.75,6.58
-2.16506,0.75,6.56
-2.16506,0.75,6.54
-2.16506,0.75,6.52
-2.16506,0.75,6.5
-2.16506,0.75,6.48
-2.16506,0.75,6.46
-2.05344,0.616978,6.44
-1.90306,0.530154,6.42
-1.73205,0.5,6.4
-1.73205,0.5,6.38
-1.73205,0.5,6.36
-1.73205,0.5,6.34
-1.73205,0.5,6.32
-1.73205,0.5,6.3
-1.73205,0.5,6.28
-1.73205,0.5,6.26
-1.73205,0.5,6.24
-1.73205,0.5,6.22
-1.73205,0.5,6.2
-1.73205,0.5,6.18
-1.73205,0.5,6.16
-1.73205,0.5,6.14
-1.73205,0.5,6.12
-1.73205,0.5,6.1
-1.73205,0.5,6.08
-1.73205,0.5,6.06
-1.73205,0.5,6.04
-1.73205,0.5,6.02
-1.73205,0.5,6
-1.73205,0.5,5.98
-1.64523,0.507596,5.96
-1.48205,0.566987,5.94
-1.34903,0.678606,5.92
-1.29904,0.75,5.9
-1.29904,0.75,5.88
-1.29904,0.75,5.86
-1.29904,0.75,5.84
-1.29904,0.75,5.82
-1.29904,0.75,5.8
-1.29904,0.75,5.78
-1.29904,0.75,5.76
-1.29904,0.75,5.74
-1.29904,0.75,5.72
-1.29904,0.75,5.7
-1.2622,0.82899,5.68
-1.23205,1,5.66
-1.2622,1.17101,5.64
-1.29904,1.25,5.62
-1.29904,1.25,5.6
-1.29904,1.25,5.58
-1.29904,1.25,5.56
-1.29904,1.25,5.54
-1.29904,1.25,5.52
-1.29904,1.25,5.5
-1.29904,1.25,5.48
-1.29904,1.25,5.46
-1.29904,1.25,5.44
-1.29904,1.25,5.42
-1.29904,1.25,5.4
-1.29904,1.25,5.38
-1.29904,1.25,5.36
-1.29904,1.25,5.34
-1.29904,1.25,5.32
-1.29904,1.25,5.3
-1.29904,1.25,5.28
-1.29904,1.25,5.26
-1.29904,1.25,5.24
-1.29904,1.25,5.22
-1.29904,1.25,5.2
-1.41066,1.38302,5.18
-1.56104,1.46985,5.16
-1.73205,1.5,5.14
-1.73205,1.5,5.12
-1.73205,1.5,5.1
-1.73205,1.5,5.08
-1.73205,1.5,5.06
-1.73205,1.5,5.04
-1.73205,1.5,5.02
-1.73205,1.5,5
-1.73205,1.5,4.98
-1.73205,1.5,4.96
-1.73205,1.5,4.94
-1.73205,1.5,4.92
-1.90306,1.46985,4.9
-2.05344,1.38302,4.88
-2.16506,1.25,4.86
-2.16506,1.25,4.84
-2.16506,1.25,4.82
-2.16506,1.25,4.8
-2.16506,1.25,4.78
-2.10567,1.41318,4.76
-2.10567,1.58682,4.74
-2.16506,1.75,4.72
-2.21505,1.82139,4.7
-2.34808,1.93301,4.68
-2.51125,1.9924,4.66
-2.59808,2,4.64
-2.76909,1.96985,4.62
-2.91947,1.88302,4.6
-3.03109,1.75,4.58
-3.06792,1.67101,4.56
-3.09808,1.5,4.54
-3.06792,1.32899,4.52
-3.03109,1.25,4.5
-3.03109,1.25,4.48
-3.03109,1.25,4.46
-3.03109,1.25,4.44
-3.03109,1.25,4.42
-3.03109,1.25,4.4
-3.03109,1.25,4.38
-3.03109,1.25,4.36
-3.03109,1.25,4.34
-3.03109,1.25,4.32
-3.03109,1.25,4.3
-3.03109,1.25,4.28
-3.03109,1.25,4.26
-3.03109,1.25,4.24
-3.03109,1.25,4.22
-3.03109,1.25,4.2
-3.03109,1.25,4.18
-3.03109,1.25,4.16
-3.03109,1.25,4.14
-3.03109,1.25,4.12
-3.03109,1.25,4.1
-3.03109,1.25,4.08
-3.03109,1.25,4.06
-3.03109,1.25,4.04
-3.03109,1.25,4.02
-2.9811,1.17861,4
-2.84808,1.06699,3.98
-2.6849,1.0076,3.96
-2.59808,1,3.94
-2.42707,1.03015,3.92
-2.27668,1.11698,3.9
-2.16506,1.25,3.88
-2.12823,1.32899,3.86
-2.09808,1.5,3.84
-2.12823,1.67101,3.82
-2.16506,1.75,3.8
-2.27668,1.88302,3.78
-2.42707,1.96985,3.76
-2.59808,2,3.74
-2.59808,2,3.72
-2.59808,2,3.7
-2.59808,2,3.68
-2.59808,2,3.66
-2.59808,2,3.64
-2.59808,2,3.62
-2.59808,2,3.6
-2.59808,2,3.58
-2.59808,2,3.56
-2.59808,2,3.54
-2.59808,2,3.52
-2.59808,2,3.5
-2.59808,2,3.48
-2.59808,2,3.46
-2.59808,2,3.44
-2.59808,2,3.42
-2.59808,2,3.4
-2.59808,2,3.38
-2.59808,2,3.36
-2.59808,2,3.34
-2.59808,2,3.32
-2.59808,2,3.3
-2.59808,2,3.28
-2.59808,2,3.26
-2.59808,2,3.24
-2.76909,1.96985,3.22
-2.91947,1.88302,3.2
-3.03109,1.75,3.18
-3.06792,1.67101,3.16
-3.09808,1.5,3.14
-3.06792,1.32899,3.12
-3.03109,1.25,3.1
-2.91947,1.11698,3.08
-2.76909,1.03015,3.06
-2.59808,1,3.04
-2.51125,1.0076,3.02
-2.34808,1.06699,3
-2.21505,1.17861,2.98
-2.16506,1.25,2.96
-2.16506,1.25,2.94
-2.16506,1.25,2.92
-2.16506,1.25,2.9
-2.2019,1.17101,2.88
-2.23205,1,2.86
-2.2019,0.82899,2.84
-2.16506,0.75,2.82
-2.16506,0.75,2.8
-2.16506,0.75,2.78
-2.16506,0.75,2.76
-2.16506,0.75,2.74
-2.16506,0.75,2.72
-2.16506,0.75,2.7
-2.16506,0.75,2.68
-2.16506,0.75,2.66
-2.16506,0.75,2.64
-2.16506,0.75,2.62
-2.11507,0.678606,2.6
-1.98205,0.566987,2.58
-1.81887,0.507596,2.56
-1.73205,0.5,2.54
-1.73205,0.5,2.52
-1.73205,0.5,2.5
-1.73205,0.5,2.48
-1.73205,0.5,2.46
-1.73205,0.5,2.44
-1.73205,0.5,2.42
-1.73205,0.5,2.4
-1.73205,0.5,2.38
-1.73205,0.5,2.36
-1.73205,0.5,2.34
-1.73205,0.5,2.32
-1.73205,0.5,2.3
-1.73205,0.5,2.28
-1.73205,0.5,2.26
-1.73205,0.5,2.24
-1.73205,0.5,2.22
-1.73205,0.5,2.2
-1.73205,0.5,2.18
-1.73205,0.5,2.16
-1.73205,0.5,2.14
-1.73205,0.5,2.12
-1.56104,0.530154,2.1
-1.41066,0.616978,2.08
-1.29904,0.75,2.06
-1.29904,0.75,2.04
-1.29904,0.75,2.02
-1.29904,0.75,2
-1.29904,0.75,1.98
-1.29904,0.75,1.96
-1.29904,0.75,1.94
-1.29904,0.75,1.92
-1.29904,0.75,1.9
-1.29904,0.75,1.88
-1.29904,0.75,1.86
-1.29904,0.75,1.84
-1.23965,0.913176,1.82
-1.23965,1.08682,1.8
-1.29904,1.25,1.78
-1.29904,1.25,1.76
-1.29904,1.25,1.74
-1.29904,1.25,1.72
-1.29904,1.25,1.7
-1.29904,1.25,1.68
-1.29904,1.25,1.66
-1.29904,1.25,1.64
-1.29904,1.25,1.62
-1.29904,1.25,1.6
-1.29904,1.25,1.58
-1.29904,1.25,1.56
-1.29904,1.25,1.54
-1.29904,1.25,1.52
-1.29904,1.25,1.5
-1.29904,1.25,1.48
-1.29904,1.25,1.46
-1.29904,1.25,1.44
-1.29904,1.25,1.42
-1.29904,1.25,1.4
-1.29904,1.25,1.38
-1.29904,1.25,1.36
-1.34903,1.32139,1.34
-1.48205,1.43301,1.32
-1.64523,1.4924,1.3
-1.73205,1.5,1.28
-1.73205,1.5,1.26
-1.73205,1.5,1.24
-1.73205,1.5,1.22
-1.73205,1.5,1.2
-1.73205,1.5,1.18
-1.73205,1.5,1.16
-1.73205,1.5,1.14
-1.73205,1.5,1.12
-1.73205,1.5,1.1
-1.73205,1.5,1.08
-1.81887,1.4924,1.06
-1.98205,1.43301,1.04
-2.11507,1.32139,1.02
-2.16506,1.25,1
-2.16506,1.25,0.98
-2.16506,1.25,0.96
-2.16506,1.25,0.94
-2.12823,1.32899,0.92
-2.09808,1.5,0.9
-2.12823,1.67101,0.88
-2.16506,1.75,0.86
-2.27668,1.88302,0.84
-2.42707,1.96985,0.82
-2.59808,2,0.8
-2.6849,1.9924,0.78
-2.84808,1.93301,0.76
-2.9811,1.82139,0.74
-3.03109,1.75,0.72
-3.09048,1.58682,0.7
-3.09048,1.41318,0.68
-3.03109,1.25,0.66
-3.03109,1.25,0.64
-3.03109,1.25,0.62
-3.03109,1.25,0.6
-3.03109,1.25,0.58
-3.03109,1.25,0.56
-3.03109,1.25,0.54
-3.03109,1.25,0.52
-3.03109,1.25,0.5
-3.03109,1.25,0.48
-3.03109,1.25,0.46
-3.03109,1.25,0.44
-3.03109,1.25,0.42
-3.03109,1.25,0.4
-3.03109,1.25,0.38
-3.03109,1.25,0.36
-3.03109,1.25,0.34
-3.03109,1.25,0.32
-3.03109,1.25,0.3
-3.03109,1.25,0.28
-3.03109,1.25,0.26
-3.03109,1.25,0.24
-3.03109,1.25,0.22
-3.03109,1.25,0.2
-3.03109,1.25,0.18
-3.03109,1.25,0.16
-2.91947,1.11698,0.14
-2.76909,1.03015,0.12
-2.59808,1,0.1
-2.51125,1.0076,0.08
-2.34808,1.06699,0.06
-2.21505,1.17861,0.04
-2.16506,1.25,0.02
-2.10567,1.41318,-4.12829e-14
-2.10567,1.58682,-0.02
-2.16506,1.75,-0.04
-2.21505,1.82139,-0.06
-2.34808,1.93301,-0.08
-2.51125,1.9924,-0.1
-2.59808,2,-0.12
-2.59808,2,-0.14
-2.59808,2,-0.16
-2.59808,2,-0.18
-2.59808,2,-0.2
-2.59808,2,-0.22
-2.59808,2,-0.24
-2.59808,2,-0.26
-2.59808,2,-0.28
-2.59808,2,-0.3
-2.59808,2,-0.32
-2.59808,2,-0.34
-2.59808,2,-0.36
-2.59808,2,-0.38
-2.59808,2,-0.4
-2.59808,2,-0.42
-2.59808,2,-0.44
-2.59808,2,-0.46
-2.59808,2,-0.48
-2.59808,2,-0.5
-2.59808,2,-0.52
-2.59808,2,-0.54
-2.59808,2,-0.56
-2.59808,2,-0.58
-2.59808,2,-0.6
-2.6849,1.9924,-0.62
-2.84808,1.93301,-0.64
-2.9811,1.82139,-0.66
-3.03109,1.75,-0.68
-3.09048,1.58682,-0.7
-3.09048,1.41318,-0.72
-3.03109,1.25,-0.74
-2.9811,1.17861,-0.76
-2.84808,1.06699,-0.78
-2.6849,1.0076,-0.8
-2.59808,1,-0.82
-2.42707,1.03015,-0.84
-2.27668,1.11698,-0.86
-2.16506,1.25,-0.88
-2.16506,1.25,-0.9
-2.16506,1.25,-0.92
-2.16506,1.25,-0.94
-2.16506,1.25,-0.96
-2.22445,1.08682,-0.98
-2.22445,0.913176,-1
-2.16506,0.75,-1.02
-2.16506,0.75,-1.04
-2.16506,0.75,-1.06
-2.16506,0.75,-1.08
-2.16506,0.75,-1.1
-2.16506,0.75,-1.12
-2.16506,0.75,-1.14
-2.16506,0.75,-1.16
-2.16506,0.75,-1.18
-2.16506,0.75,-1.2
-2.16506,0.75,-1.22
-2.16506,0.75,-1.24
-2.05344,0.616978,-1.26
-1.90306,0.530154,-1.28
-1.73205,0.5,-1.3
-1.73205,0.5,-1.32
-1.73205,0.5,-1.34
-1.73205,0.5,-1.36
-1.73205,0.5,-1.38
-1.73205,0.5,-1.4
-1.73205,0.5,-1.42
-1.73205,0.5,-1.44
-1.73205,0.5,-1.46
-1.73205,0.5,-1.48
-1.73205,0.5,-1.5
-1.73205,0.5,-1.52
-1.73205,0.5,-1.54
-1.73205,0.5,-1.56
-1.73205,0.5,-1.58
-1.73205,0.5,-1.6
-1.73205,0.5,-1.62
-1.73205,0.5,-1.64
-1.73205,0.5,-1.66
-1.73205,0.5,-1.68
-1.73205,0.5,-1.7
-1.73205,0.5,-1.72
-1.64523,0.507596,-1.74
-1.48205,0.566987,-1.76
-1.34903,0.678606,-1.78
-1.29904,0.75,-1.8
-1.29904,0.75,-1.82
-1.29904,0.75,-1.84
-1.29904,0.75,-1.86
-1.29904,0.75,-1.88
-1.29904,0.75,-1.9
-1.29904,0.75,-1.92
-1.29904,0.75,-1.94
-1.29904,0.75,-1.96
-1.29904,0.75,-1.98
-1.29904,0.75,-2
-1.2622,0.82899,-2.02
-1.23205,1,-2.04
-1.2622,1.17101,-2.06
-1.29904,1.25,-2.08
-1.29904,1.25,-2.1
-1.29904,1.25,-2.12
-1.29904,1.25,-2.14
-1.29904,1.25,-2.16
-1.29904,1.25,-2.18
-1.29904,1.25,-2.2
-1.29904,1.25,-2.22
-1.29904,1.25,-2.24
-1.29904,1.25,-2.26
-1.29904,1.25,-2.28
-1.29904,1.25,-2.3
-1.29904,1.25,-2.32
-1.29904,1.25,-2.34
-1.29904,1.25,-2.36
-1.29904,1.25,-2.38
-1.29904,1.25,-2.4
-1.29904,1.25,-2.42
-1.29904,1.25,-2.44
-1.29904,1.25,-2.46
-1.29904,1.25,-2.48
-1.29904,1.25,-2.5
-1.41066,1.38302,-2.52
-1.56104,1.46985,-2.54
-1.73205,1.5,-2.56
-1.73205,1.5,-2.58
-1.73205,1.5,-2.6
-1.73205,1.5,-2.62
-1.73205,1.5,-2.64
-1.73205,1.5,-2.66
-1.73205,1.5,-2.68
-1.73205,1.5,-2.7
-1.73205,1.5,-2.72
-1.73205,1.5,-2.74
-1.73205,1.5,-2.76
-1.73205,1.5,-2.78
-1.90306,1.46985,-2.8
-2.05344,1.38302,-2.82
-2.16506,1.25,-2.84
-2.16506,1.25,-2.86
-2.16506,1.25,-2.88
-2.16506,1.25,-2.9
-2.16506,1.25,-2.92
-2.10567,1.41318,-2.94
-2.10567,1.58682,-2.96
-2.16506,1.75,-2.98
-2.21505,1.82139,-3
-2.34808,1.93301,-3.02
-2.51125,1.9924,-3.04
-2.59808,2,-3.06
-2.76909,1.96985,-3.08
-2.91947,1.88302,-3.1
-3.03109,1.75,-3.12
-3.06792,1.67101,-3.14
-3.09808,1.5,-3.16
-3.06792,1.32899,-3.18
-3.03109,1.25,-3.2
-3.03109,1.25,-3.22
-3.03109,1.25,-3.24
-3.03109,1.25,-3.26
-3.03109,1.25,-3.28
-3.03109,1.25,-3.3
-3.03109,1.25,-3.32
-3.03109,1.25,-3.34
-3.03109,1.25,-3.36
-3.03109,1.25,-3.38
-3.03109,1.25,-3.4
-3.03109,1.25,-3.42
-3.03109,1.25,-3.44
-3.03109,1.25,-3.46
-3.03109,1.25,-3.48
-3.03109,1.25,-3.5
-3.03109,1.25,-3.52
-3.03109,1.25,-3.54
-3.03109,1.25,-3.56
-3.03109,1.25,-3.58
-3.03109,1.25,-3.6
-3.03109,1.25,-3.62
-3.03109,1.25,-3.64
-3.03109,1.25,-3.66
-3.03109,1.25,-3.68
-2.9811,1.17861,-3.7
-2.84808,1.06699,-3.72
-2.6849,1.0076,-3.74
-2.59808,1,-3.76
-2.42707,1.03015,-3.78
-2.27668,1.11698,-3.8
-2.16506,1.25,-3.82
-2.12823,1.32899,-3.84
-2.09808,1.5,-3.86
-2.12823,1.67101,-3.88
-2.16506,1.75,-3.9
-2.27668,1.88302,-3.92
-2.42707,1.96985,-3.94
-2.59808,2,-3.96
-2.59808,2,-3.98
-2.59808,2,-4
-2.59808,2,-4.02
-2.59808,2,-4.04
-2.59808,2,-4.06
-2.59808,2,-4.08
-2.59808,2,-4.1
-2.59808,2,-4.12
-2.59808,2,-4.14
-2.59808,2,-4.16
-2.59808,2,-4.18
-2.59808,2,-4.2
-2.59808,2,-4.22
-2.59808,2,-4.24
-2.59808,2,-4.26
-2.59808,2,-4.28
-2.59808,2,-4.3
-2.59808,2,-4.32
-2.59808,2,-4.34
-2.59808,2,-4.36
-2.59808,2,-4.38
-2.59808,2,-4.4
-2.59808,2,-4.42
-2.59808,2,-4.44
-2.59808,2,-4.46
-2.76909,1.96985,-4.48
-2.91947,1.88302,-4.5
-3.03109,1.75,-4.52
-3.06792,1.67101,-4.54
-3.09808,1.5,-4.56
-3.06792,1.32899,-4.58
-3.03109,1.25,-4.6
-2.91947,1.11698,-4.62
-2.76909,1.03015,-4.64
-2.59808,1,-4.66
-2.51125,1.0076,-4.68
-2.34808,1.06699,-4.7
-2.21505,1.17861,-4.72
-2.16506,1.25,-4.74
-2.16506,1.25,-4.76
-2.16506,1.25,-4.78
-2.16506,1.25,-4.8
-2.2019,1.17101,-4.82
-2.23205,1,-4.84
-2.2019,0.82899,-4.86
-2.16506,0.75,-4.88
-2.16506,0.75,-4.9
-2.16506,0.75,-4.92
-2.16506,0.75,-4.94
-2.16506,0.75,-4.96
-2.16506,0.75,-4.98
-2.16506,0.75,-5
-2.16506,0.75,-5.02
-2.16506,0.75,-5.04
-2.16506,0.75,-5.06
-2.16506,0.75,-5.08
-2.11507,0.678606,-5.1
-1.98205,0.566987,-5.12
-1.81887,0.507596,-5.14
-1.73205,0.5,-5.16
-1.73205,0.5,-5.18
-1.73205,0.5,-5.2
-1.73205,0.5,-5.22
-1.73205,0.5,-5.24
-1.73205,0.5,-5.26
-1.73205,0.5,-5.28
-1.73205,0.5,-5.3
-1.73205,0.5,-5.32
-1.73205,0.5,-5.34
-1.73205,0.5,-5.36
-1.73205,0.5,-5.38
-1.73205,0.5,-5.4
-1.73205,0.5,-5.42
-1.73205,0.5,-5.44
-1.73205,0.5,-5.46
-1.73205,0.5,-5.48
-1.73205,0.5,-5.5
-1.73205,0.5,-5.52
-1.73205,0.5,-5.54
-1.73205,0.5,-5.56
-1.73205,0.5,-5.58
-1.56104,0.530154,-5.6
-1.41066,0.616978,-5.62
-1.29904,0.75,-5.64
-1.29904,0.75,-5.66
-1.29904,0.75,-5.68
-1.29904,0.75,-5.7
-1.29904,0.75,-5.72
-1.29904,0.75,-5.74
-1.29904,0.75,-5.76
-1.29904,0.75,-5.78
-1.29904,0.75,-5.8
-1.29904,0.75,-5.82
-1.29904,0.75,-5.84
-1.29904,0.75,-5.86
-1.23965,0.913176,-5.88
-1.23965,1.08682,-5.9
-1.29904,1.25,-5.92
-1.29904,1.25,-5.94
-1.29904,1.25,-5.96
-1.29904,1.25,-5.98
-1.29904,1.25,-6
-1.29904,1.25,-6.02
-1.29904,1.25,-6.04
-1.29904,1.25,-6.06
-1.29904,1.25,-6.08
-1.29904,1.25,-6.1
-1.29904,1.25,-6.12
-1.29904,1.25,-6.14
-1.29904,1.25,-6.16
-1.29904,1.25,-6.18
-1.29904,1.25,-6.2
-1.29904,1.25,-6.22
-1.29904,1.25,-6.24
-1.29904,1.25,-6.26
-1.29904,1.25,-6.28
-1.29904,1.25,-6.3
-1.29904,1.25,-6.32
-1.29904,1.25,-6.34
-1.34903,1.32139,-6.36
-1.48205,1.43301,-6.38
-1.64523,1.4924,-6.4
-1.73205,1.5,-6.42
-1.73205,1.5,-6.44
-1.73205,1.5,-6.46
-1.73205,1.5,-6.48
-1.73205,1.5,-6.5
-1.73205,1.5,-6.52
-1.73205,1.5,-6.54
-1.73205,1.5,-6.56
-1.73205,1.5,-6.58
-1.73205,1.5,-6.6
-1.73205,1.5,-6.62
-1.81887,1.4924,-6.64
-1.98205,1.43301,-6.66
-2.11507,1.32139,-6.68
-2.16506,1.25,-6.7
-2.16506,1.25,-6.72
-2.16506,1.25,-6.74
-2.16506,1.25,-6.76
-2.12823,1.32899,-6.78
-2.09808,1.5,-6.8
-2.12823,1.67101,-6.82
-2.16506,1.75,-6.84
-2.27668,1.88302,-6.86
-2.42707,1.96985,-6.88
-2.59808,2,-6.9
-2.6849,1.9924,-6.92
-2.84808,1.93301,-6.94
-2.9811,1.82139,-6.96
-3.03109,1.75,-6.98
-3.09048,1.58682,-7
-3.09048,1.41318,-7.02
-3.03109,1.25,-7.04
-3.03109,1.25,-7.06
-3.03109,1.25,-7.08
-3.03109,1.25,-7.1
-3.03109,1.25,-7.12
-3.03109,1.25,-7.14
-3.03109,1.25,-7.16
-3.03109,1.25,-7.18
-3.03109,1.25,-7.2
-3.03109,1.25,-7.22
-3.03109,1.25,-7.24
-3.03109,1.25,-7.26
-3.03109,1.25,-7.28
-3.03109,1.25,-7.3
-3.03109,1.25,-7.32
-3.03109,1.25,-7.34
-3.03109,1.25,-7.36
-3.03109,1.25,-7.38
-3.03109,1.25,-7.4
-3.03109,1.25,-7.42
-3.03109,1.25,-7.44
-3.03109,1.25,-7.46
-3.03109,1.25,-7.48
-3.03109,1.25,-7.5
-3.03109,1.25,-7.52
-3.03109,1.25,-7.54
-2.91947,1.11698,-7.56
-2.76909,1.03015,-7.58
-2.59808,1,-7.6
-2.51125,1.0076,-7.62
-2.34808,1.06699,-7.64
-2.21505,1.17861,-7.66
-2.16506,1.25,-7.68
-2.10567,1.41318,-7.7
-2.10567,1.58682,-7.72
-2.16506,1.75,-7.74
-2.21505,1.82139,-7.76
-2.34808,1.93301,-7.78
-2.51125,1.9924,-7.8
-2.59808,2,-7.82
-2.59808,2,-7.84
-2.59808,2,-7.86
-2.59808,2,-7.88
-2.59808,2,-7.9
-2.59808,2,-7.92
-2.59808,2,-7.94
-2.59808,2,-7.96
-2.59808,2,-7.98
-2.59808,2,-8
-2.59808,2,-8.02
-2.59808,2,-8.04
-2.59808,2,-8.06
-2.59808,2,-8.08
-2.59808,2,-8.1
-2.59808,2,-8.12
-2.59808,2,-8.14
-2.59808,2,-8.16
-2.59808,2,-8.18
-2.59808,2,-8.2
-2.59808,2,-8.22
-2.59808,2,-8.24
-2.59808,2,-8.26
-2.59808,2,-8.28
-2.59808,2,-8.3
-2.6849,1.9924,-8.32
-2.84808,1.93301,-8.34
-2.9811,1.82139,-8.36
-3.03109,1.75,-8.38
-3.09048,1.58682,-8.4
-3.09048,1.41318,-8.42
-3.03109,1.25,-8.44
-2.9811,1.17861,-8.46
-2.84808,1.06699,-8.48
-2.6849,1.0076,-8.5
-2.59808,1,-8.52
-2.42707,1.03015,-8.54
-2.27668,1.11698,-8.56
-2.16506,1.25,-8.58
-2.16506,1.25,-8.6
-2.16506,1.25,-8.62
-2.16506,1.25,-8.64
-2.16506,1.25,-8.66
-2.22445,1.08682,-8.68
-2.22445,0.913176,-8.7
-2.16506,0.75,-8.72
-2.16506,0.75,-8.74
-2.16506,0.75,-8.76
-2.16506,0.75,-8.78
-2.16506,0.75,-8.8
-2.16506,0.75,-8.82
-2.16506,0.75,-8.84
-2.16506,0.75,-8.86
-2.16506,0.75,-8.88
-2.16506,0.75,-8.9
-2.16506,0.75,-8.92
-2.16506,0.75,-8.94
-2.05344,0.616978,-8.96
-1.90306,0.530154,-8.98
-1.73205,0.5,-9
-1.73205,0.5,-9.02
-1.73205,0.5,-9.04
-1.73205,0.5,-9.06
-1.73205,0.5,-9.08
-1.73205,0.5,-9.1
-1.73205,0.5,-9.12
-1.73205,0.5,-9.14
-1.73205,0.5,-9.16
-1.73205,0.5,-9.18
-1.73205,0.5,-9.2
-1.73205,0.5,-9.22
-1.73205,0.5,-9.24
-1.73205,0.5,-9.26
-1.73205,0.5,-9.28
-1.73205,0.5,-9.3
-1.73205,0.5,-9.32
-1.73205,0.5,-9.34
-1.73205,0.5,-9.36
-1.73205,0.5,-9.38
-1.73205,0.5,-9.4
-1.73205,0.5,-9.42
-1.64523,0.507596,-9.44
-1.48205,0.566987,-9.46
-1.34903,0.678606,-9.48
-1.29904,0.75,-9.5
-1.29904,0.75,-9.52
-1.29904,0.75,-9.54
-1.29904,0.75,-9.56
-1.29904,0.75,-9.58
-1.29904,0.75,-9.6
-1.29904,0.75,-9.62
-1.29904,0.75,-9.64
-1.29904,0.75,-9.66
-1.29904,0.75,-9.68
-1.29904,0.75,-9.7
-1.2622,0.82899,-9.72
-1.23205,1,-9.74
-1.2622,1.17101,-9.76
-1.29904,1.25,-9.78
-1.29904,1.25,-9.8
-1.29904,1.25,-9.82
-1.29904,1.25,-9.84
-1.29904,1.25,-9.86
-1.29904,1.25,-9.88
-1.29904,1.25,-9.9
-1.29904,1.25,-9.92
-1.29904,1.25,-9.94
-1.29904,1.25,-9.96
-1.29904,1.25,-9.98
-1.29904,1.25,-10
-1.29904,1.25,-10.02
-1.29904,1.25,-10.04
-1.29904,1.25,-10.06
-1.29904,1.25,-10.08
-1.29904,1.25,-10.1
-1.29904,1.25,-10.12
-1.29904,1.25,-10.14
-1.29904,1.25,-10.16
-1.29904,1.25,-10.18
-1.29904,1.25,-10.2
-1.41066,1.38302,-10.22
-1.56104,1.46985,-10.24
-1.73205,1.5,-10.26
-1.73205,1.5,-10.28
-1.73205,1.5,-10.3
-1.73205,1.5,-10.32
-1.73205,1.5,-10.34
-1.73205,1.5,-10.36
-1.73205,1.5,-10.38
-1.73205,1.5,-10.4
-1.73205,1.5,-10.42
-1.73205,1.5,-10.44
-1.73205,1.5,-10.46
-1.73205,1.5,-10.48
-1.90306,1.46985,-10.5
-2.05344,1.38302,-10.52
-2.16506,1.25,-10.54
-2.16506,1.25,-10.56
-2.16506,1.25,-10.58
-2.16506,1.25,-10.6
-2.16506,1.25,-10.62
-2.10567,1.41318,-10.64
-2.10567,1.58682,-10.66
-2.16506,1.75,-10.68
-2.21505,1.82139,-10.7
-2.34808,1.93301,-10.72
-2.51125,1.9924,-10.74
-2.59808,2,-10.76
-2.76909,1.96985,-10.78
-2.91947,1.88302,-10.8
-3.03109,1.75,-10.82
-3.06792,1.67101,-10.84
-3.09808,1.5,-10.86
-3.06792,1.32899,-10.88
-3.03109,1.25,-10.9
-3.03109,1.25,-10.92
-3.03109,1.25,-10.94
-3.03109,1.25,-10.96
-3.03109,1.25,-10.98
-3.03109,1.25,-11
-3.03109,1.25,-11.02
-3.03109,1.25,-11.04
-3.03109,1.25,-11.06
-3.03109,1.25,-11.08
-3.03109,1.25,-11.1
-3.03109,1.25,-11.12
-3.03109,1.25,-11.14
-3.03109,1.25,-11.16
-3.03109,1.25,-11.18
-3.03109,1.25,-11.2
-3.03109,1.25,-11.22
-3.03109,1.25,-11.24
-3.03109,1.25,-11.26
-3.03109,1.25,-11.28
-3.03109,1.25,-11.3
-3.03109,1.25,-11.32
-3.03109,1.25,-11.34
-3.03109,1.25,-11.36
-3.03109,1.25,-11.38
-2.9811,1.17861,-11.4
-2.84808,1.06699,-11.42
-2.6849,1.0076,-11.44
-2.59808,1,-11.46
-2.42707,1.03015,-11.48
-2.27668,1.11698,-11.5
-2.16506,1.25,-11.52
-2.12823,1.32899,-11.54
-2.09808,1.5,-11.56
-2.12823,1.67101,-11.58
-2.16506,1.75,-11.6
-2.27668,1.88302,-11.62
-2.42707,1.96985,-11.64
-2.59808,2,-11.66
-2.59808,2,-11.68
-2.59808,2,-11.7
-2.59808,2,-11.72
-2.59808,2,-11.74
-2.59808,2,-11.76
-2.59808,2,-11.78
-2.59808,2,-11.8
-2.59808,2,-11.82
-2.59808,2,-11.84
-2.59808,2,-11.86
-2.59808,2,-11.88
-2.59808,2,-11.9
-2.59808,2,-11.92
-2.59808,2,-11.94
-2.59808,2,-11.96
-2.59808,2,-11.98
-2.59808,2,-12
-2.59808,2,-12.02
-2.59808,2,-12.04
-2.59808,2,-12.06
-2.59808,2,-12.08
-2.59808,2,-12.1
-2.59808,2,-12.12
-2.59808,2,-12.14
-2.59808,2,-12.16
-2.76909,1.96985,-12.18
-2.91947,1.88302,-12.2
-3.03109,1.75,-12.22
-3.06792,1.67101,-12.24
-3.09808,1.5,-12.26
-3.06792,1.32899,-12.28
-3.03109,1.25,-12.3
-2.91947,1.11698,-12.32
-2.76909,1.03015,-12.34
-2.59808,1,-12.36
-2.51125,1.0076,-12.38
-2.34808,1.06699,-12.4
-2.21505,1.17861,-12.42
-2.16506,1.25,-12.44
-2.16506,1.25,-12.46
-2.16506,1.25,-12.48
-2.16506,1.25,-12.5
-2.2019,1.17101,-12.52
-2.23205,1,-12.54
-2.2019,0.82899,-12.56
-2.16506,0.75,-12.58
-2.16506,0.75,-12.6
-2.16506,0.75,-12.62
-2.16506,0.75,-12.64
-2.16506,0.75,-12.66
-2.16506,0.75,-12.68
-2.16506,0.75,-12.7
-2.16506,0.75,-12.72
-2.16506,0.75,-12.74
-2.16506,0.75,-12.76
-2.16506,0.75,-12.78
-2.11507,0.678606,-12.8
-1.98205,0.566987,-12.82
-1.81887,0.507596,-12.84
-1.73205,0.5,-12.86
-1.73205,0.5,-12.88
-1.73205,0.5,-12.9
-1.73205,0.5,-12.92
-1.73205,0.5,-12.94
-1.73205,0.5,-12.96
-1.73205,0.5,-12.98
-1.73205,0.5,-13
-1.73205,0.5,-13.02
-1.73205,0.5,-13.04
-1.73205,0.5,-13.06
-1.73205,0.5,-13.08
-1.73205,0.5,-13.1
-1.73205,0.5,-13.12
-1.73205,0.5,-13.14
-1.73205,0.5,-13.16
-1.73205,0.5,-13.18
-1.73205,0.5,-13.2
-1.73205,0.5,-13.22
-1.73205,0.5,-13.24
-1.73205,0.5,-13.26
-1.73205,0.5,-13.28
-1.56104,0.530154,-13.3
-1.41066,0.616978,-13.32
-1.29904,0.75,-13.34
-1.29904,0.75,-13.36
-1.29904,0.75,-13.38
-1.29904,0.75,-13.4
-1.29904,0.75,-13.42
-1.29904,0.75,-13.44
-1.29904,0.75,-13.46
-1.29904,0.75,-13.48
-1.29904,0.75,-13.5
-1.29904,0.75,-13.52
-1.29904,0.75,-13.54
-1.29904,0.75,-13.56
-1.23965,0.913176,-13.58
-1.23965,1.08682,-13.6
-1.29904,1.25,-13.62
-1.29904,1.25,-13.64
-1.29904,1.25,-13.66
-1.29904,1.25,-13.68
-1.29904,1.25,-13.7
-1.29904,1.25,-13.72
-1.29904,1.25,-13.74
-1.29904,1.25,-13.76
-1.29904,1.25,-13.78
-1.29904,1.25,-13.8
-1.29904,1.25,-13.82
-1.29904,1.25,-13.84
-1.29904,1.25,-13.86
-1.29904,1.25,-13.88
-1.29904,1.25,-13.9
-1.29904,1.25,-13.92
-1.29904,1.25,-13.94
-1.29904,1.25,-13.96
-1.29904,1.25,-13.98
-1.29904,1.25,-14
-1.29904,1.25,-14.02
-1.29904,1.25,-14.04
-1.34903,1.32139,-14.06
-1.48205,1.43301,-14.08
-1.64523,1.4924,-14.1
-1.73205,1.5,-14.12
-1.73205,1.5,-14.14
-1.73205,1.5,-14.16
-1.73205,1.5,-14.18
-1.73205,1.5,-14.2
-1.73205,1.5,-14.22
-1.73205,1.5,-14.24
-1.73205,1.5,-14.26
-1.73205,1.5,-14.28
-1.73205,1.5,-14.3
-1.73205,1.5,-14.32
-1.81887,1.4924,-14.34
-1.98205,1.43301,-14.36
-2.11507,1.32139,-14.38
-2.16506,1.25,-14.4
-2.16506,1.25,-14.42
-2.16506,1.25,-14.44
-2.16506,1.25,-14.46
-2.12823,1.32899,-14.48
-2.09808,1.5,-14.5
-2.12823,1.67101,-14.52
-2.16506,1.75,-14.54
-2.27668,1.88302,-14.56
-2.42707,1.96985,-14.58
-2.59808,2,-14.6
-2.6849,1.9924,-14.62
-2.84808,1.93301,-14.64
-2.9811,1.82139,-14.66
-3.03109,1.75,-14.68
-3.09048,1.58682,-14.7
-3.09048,1.41318,-14.72
-3.03109,1.25,-14.74
-3.03109,1.25,-14.76
-3.03109,1.25,-14.78
-3.03109,1.25,-14.8
-3.03109,1.25,-14.82
-3.03109,1.25,-14.84
-3.03109,1.25,-14.86
-3.03109,1.25,-14.88
-3.03109,1.25,-14.9
-3.03109,1.25,-14.92
-3.03109,1.25,-14.94
-3.03109,1.25,-14.96
-3.03109,1.25,-14.98
-3.03109,1.25,-15
-3.03109,1.25,-15.02
-3.03109,1.25,-15.04
-3.03109,1.25,-15.06
-3.03109,1.25,-15.08
-3.03109,1.25,-15.1
-3.03109,1.25,-15.12
-3.03109,1.25,-15.14
-3.03109,1.25,-15.16
-3.03109,1.25,-15.18
-3.03109,1.25,-15.2
-3.03109,1.25,-15.22
-3.03109,1.25,-15.24
-2.91947,1.11698,-15.26
-2.76909,1.03015,-15.28
-2.59808,1,-15.3
-2.51125,1.0076,-15.32
-2.34808,1.06699,-15.34
-2.21505,1.17861,-15.36
-2.16506,1.25,-15.38
-2.10567,1.41318,-15.4
-2.10567,1.58682,-15.42
-2.16506,1.75,-15.44
-2.21505,1.82139,-15.46
-2.34808,1.93301,-15.48
-2.51125,1.9924,-15.5
-2.59808,2,-15.52
-2.59808,2,-15.54
-2.59808,2,-15.56
-2.59808,2,-15.58
-2.59808,2,-15.6
-2.59808,2,-15.62
-2.59808,2,-15.64
-2.59808,2,-15.66
-2.59808,2,-15.68
-2.59808,2,-15.7
-2.59808,2,-15.72
-2.59808,2,-15.74
-2.59808,2,-15.76
-2.59808,2,-15.78
-2.59808,2,-15.8
-2.59808,2,-15.82
-2.59808,2,-15.84
-2.59808,2,-15.86
-2.59808,2,-15.88
-2.59808,2,-15.9
-2.59808,2,-15.92
-2.59808,2,-15.94
-2.59808,2,-15.96
-2.59808,2,-15.98
-2.59808,2,-16
-2.6849,1.9924,-16.02
-2.84808,1.93301,-16.04
-2.9811,1.82139,-16.06
-3.03109,1.75,-16.08
-3.09048,1.58682,-16.1
-3.09048,1.41318,-16.12
-3.03109,1.25,-16.14
-2.9811,1.17861,-16.16
-2.84808,1.06699,-16.18
-2.6849,1.0076,-16.2
-2.59808,1,-16.22
-2.42707,1.03015,-16.24
-2.27668,1.11698,-16.26
-2.16506,1.25,-16.28
-2.16506,1.25,-16.3
-2.16506,1.25,-16.32
-2.16506,1.25,-16.34
-2.16506,1.25,-16.36
-2.22445,1.08682,-16.38
-2.22445,0.913176,-16.4
-2.16506,0.75,-16.42
-2.16506,0.75,-16.44
-2.16506,0.75,-16.46
-2.16506,0.75,-16.48
-2.16506,0.75,-16.5
-2.16506,0.75,-16.52
-2.16506,0.75,-16.54
-2.16506,0.75,-16.56
-2.16506,0.75,-16.58
-2.16506,0.75,-16.6
-2.16506,0.75,-16.62
-2.16506,0.75,-16.64
-2.05344,0.616978,-16.66
-1.90306,0.530154,-16.68
-1.73205,0.5,-16.7
-1.73205,0.5,-16.72
-1.73205,0.5,-16.74
-1.73205,0.5,-16.76
-1.73205,0.5,-16.78
-1.73205,0.5,-16.8
-1.73205,0.5,-16.82
-1.73205,0.5,-16.84
-1.73205,0.5,-16.86
-1.73205,0.5,-16.88
-1.73205,0.5,-16.9
-1.73205,0.5,-16.92
-1.73205,0.5,-16.94
-1.73205,0.5,-16.96
-1.73205,0.5,-16.98
-1.73205,0.5,-17
-1.73205,0.5,-17.02
-1.73205,0.5,-17.04
-1.73205,0.5,-17.06
-1.73205,0.5,-17.08
-1.73205,0.5,-17.1
-1.73205,0.5,-17.12
-1.64523,0.507596,-17.14
-1.48205,0.566987,-17.16
-1.34903,0.678606,-17.18
-1.29904,0.75,-17.2
-1.29904,0.75,-17.22
-1.29904,0.75,-17.24
-1.29904,0.75,-17.26
-1.29904,0.75,-17.28
-1.29904,0.75,-17.3
-1.29904,0.75,-17.32
-1.29904,0.75,-17.34
-1.29904,0.75,-17.36
-1.29904,0.75,-17.38
-1.29904,0.75,-17.4
-1.2622,0.82899,-17.42
-1.23205,1,-17.44
-1.2622,1.17101,-17.46
-1.29904,1.25,-17.48
-1.29904,1.25,-17.5
-1.29904,1.25,-17.52
-1.29904,1.25,-17.54
-1.29904,1.25,-17.56
-1.29904,1.25,-17.58
-1.29904,1.25,-17.6
-1.29904,1.25,-17.62
-1.29904,1.25,-17.64
-1.29904,1.25,-17.66
-1.29904,1.25,-17.68
-1.29904,1.25,-17.7
-1.29904,1.25,-17.72
-1.29904,1.25,-17.74
-1.29904,1.25,-17.76
-1.29904,1.25,-17.78
-1.29904,1.25,-17.8
-1.29904,1.25,-17.82
-1.29904,1.25,-17.84
-1.29904,1.25,-17.86
-1.29904,1.25,-17.88
-1.29904,1.25,-17.9
-1.41066,1.38302,-17.92
-1.56104,1.46985,-17.94
-1.73205,1.5,-17.96
-1.73205,1.5,-17.98
-1.73205,1.5,-18
-1.73205,1.5,-18.02
-1.73205,1.5,-18.04
-1.73205,1.5,-18.06
-1.73205,1.5,-18.08
-1.73205,1.5,-18.1
-1.73205,1.5,-18.12
-1.73205,1.5,-18.14
-1.73205,1.5,-18.16
-1.73205,1.5,-18.18
-1.90306,1.46985,-18.2
-2.05344,1.38302,-18.22
-2.16506,1.25,-18.24
-2.16506,1.25,-18.26
-2.16506,1.25,-18.28
-2.16506,1.25,-18.3
-2.16506,1.25,-18.32
-2.10567,1.41318,-18.34
-2.10567,1.58682,-18.36
-2.16506,1.75,-18.38
-2.21505,1.82139,-18.4
-2.34808,1.93301,-18.42
-2.51125,1.9924,-18.44
-2.59808,2,-18.46
-2.76909,1.96985,-18.48
-2.91947,1.88302,-18.5
-3.03109,1.75,-18.52
-3.06792,1.67101,-18.54
-3.09808,1.5,-18.56
-3.06792,1.32899,-18.58
-3.03109,1.25,-18.6
-3.03109,1.25,-18.62
-3.03109,1.25,-18.64
-3.03109,1.25,-18.66
-3.03109,1.25,-18.68
-3.03109,1.25,-18.7
-3.03109,1.25,-18.72
-3.03109,1.25,-18.74
-3.03109,1.25,-18.76
-3.03109,1.25,-18.78
-3.03109,1.25,-18.8
-3.03109,1.25,-18.82
-3.03109,1.25,-18.84
-3.03109,1.25,-18.86
-3.03109,1.25,-18.88
-3.03109,1.25,-18.9
-3.03109,1.25,-18.92
-3.03109,1.25,-18.94
-3.03109,1.25,-18.96
-3.03109,1.25,-18.98
-3.03109,1.25,-19
-3.03109,1.25,-19.02
-3.03109,1.25,-19.04
-3.03109,1.25,-19.06
-3.03109,1.25,-19.08
-2.9811,1.17861,-19.1
-2.84808,1.06699,-19.12
-2.6849,1.0076,-19.14
-2.59808,1,-19.16
-2.42707,1.03015,-19.18
-2.27668,1.11698,-19.2
-2.16506,1.25,-19.22
-2.12823,1.32899,-19.24
-2.09808,1.5,-19.26
-2.12823,1.67101,-19.28
-2.16506,1.75,-19.3
-2.27668,1.88302,-19.32
-2.42707,1.96985,-19.34
-2.59808,2,-19.36
-2.59808,2,-19.38
-2.59808,2,-19.4
-2.59808,2,-19.42
-2.59808,2,-19.44
-2.59808,2,-19.46
-2.59808,2,-19.48
-2.59808,2,-19.5
-2.59808,2,-19.52
-2.59808,2,-19.54
-2.59808,2,-19.56
-2.59808,2,-19.58
-2.59808,2,-19.6
-2.59808,2,-19.62
-2.59808,2,-19.64
-2.59808,2,-19.66
-2.59808,2,-19.68
-2.59808,2,-19.7
-2.59808,2,-19.72
-2.59808,2,-19.74
-2.59808,2,-19.76
-2.59808,2,-19.78
-2.59808,2,-19.8
-2.59808,2,-19.82
-2.59808,2,-19.84
-2.59808,2,-19.86
-2.76909,1.96985,-19.88
-2.91947,1.88302,-19.9
-3.03109,1.75,-19.92
-3.06792,1.67101,-19.94
-3.09808,1.5,-19.96
-3.06792,1.32899,-19.98
-3.03109,1.25,-20
-2.91947,1.11698,-20.02
-2.76909,1.03015,-20.04
-2.59808,1,-20.06
-2.51125,1.0076,-20.08
-2.34808,1.06699,-20.1
-2.21505,1.17861,-20.12
-2.16506,1.25,-20.14
-2.16506,1.25,-20.16
-2.16506,1.25,-20.18
-2.16506,1.25,-20.2
-2.2019,1.17101,-20.22
-2.23205,1,-20.24
-2.2019,0.82899,-20.26
-2.16506,0.75,-20.28
-2.16506,0.75,-20.3
-2.16506,0.75,-20.32
-2.16506,0.75,-20.34
-2.16506,0.75,-20.36
-2.16506,0.75,-20.38
-2.16506,0.75,-20.4
-2.16506,0.75,-20.42
-2.16506,0.75,-20.44
-2.16506,0.75,-20.46
-2.16506,0.75,-20.48
-2.11507,0.678606,-20.5
-1.98205,0.566987,-20.52
-1.81887,0.507596,-20.54
-1.73205,0.5,-20.56
-1.73205,0.5,-20.58
-1.73205,0.5,-20.6
-1.73205,0.5,-20.62
-1.73205,0.5,-20.64
-1.73205,0.5,-20.66
-1.73205,0.5,-20.68
-1.73205,0.5,-20.7
-1.73205,0.5,-20.72
-1.73205,0.5,-20.74
-1.73205,0.5,-20.76
-1.73205,0.5,-20.78
-1.73205,0.5,-20.8
-1.73205,0.5,-20.82
-1.73205,0.5,-20.84
-1.73205,0.5,-20.86
-1.73205,0.5,-20.88
-1.73205,0.5,-20.9
-1.73205,0.5,-20.92
-1.73205,0.5,-20.94
-1.73205,0.5,-20.96
-1.73205,0.5,-20.98
-1.56104,0.530154,-21
-1.41066,0.616978,-21.02
-1.29904,0.75,-21.04
-1.29904,0.75,-21.06
-1.29904,0.75,-21.08
-1.29904,0.75,-21.1
-1.29904,0.75,-21.12
-1.29904,0.75,-21.14
-1.29904,0.75,-21.16
-1.29904,0.75,-21.18
-1.29904,0.75,-21.2
-1.29904,0.75,-21.22
-1.29904,0.75,-21.24
-1.29904,0.75,-21.26
-1.23965,0.913176,-21.28
-1.23965,1.08682,-21.3
-1.29904,1.25,-21.32
-1.29904,1.25,-21.34
-1.29904,1.25,-21.36
-1.29904,1.25,-21.38
-1.29904,1.25,-21.4
-1.29904,1.25,-21.42
-1.29904,1.25,-21.44
-1.29904,1.25,-21.46
-1.29904,1.25,-21.48
-1.29904,1.25,-21.5
-1.29904,1.25,-21.52
-1.29904,1.25,-21.54
-1.29904,1.25,-21.56
-1.29904,1.25,-21.58
-1.29904,1.25,-21.6
-1.29904,1.25,-21.62
-1.29904,1.25,-21.64
-1.29904,1.25,-21.66
-1.29904,1.25,-21.68
-1.29904,1.25,-21.7
-1.29904,1.25,-21.72
-1.29904,1.25,-21.74
-1.34903,1.32139,-21.76
-1.48205,1.43301,-21.78
-1.64523,1.4924,-21.8
-1.73205,1.5,-21.82
-1.73205,1.5,-21.84
-1.73205,1.5,-21.86
-1.73205,1.5,-21.88
-1.73205,1.5,-21.9
-1.73205,1.5,-21.92
-1.73205,1.5,-21.94
-1.73205,1.5,-21.96
-1.73205,1.5,-21.98
-1.73205,1.5,-22
-1.73205,1.5,-22.02
-1.81887,1.4924,-22.04
-1.98205,1.43301,-22.06
-2.11507,1.32139,-22.08
-2.16506,1.25,-22.1
-2.16506,1.25,-22.12
-2.16506,1.25,-22.14
-2.16506,1.25,-22.16
-2.12823,1.32899,-22.18
-2.09808,1.5,-22.2
-2.12823,1.67101,-22.22
-2.16506,1.75,-22.24
-2.27668,1.88302,-22.26
-2.42707,1.96985,-22.28
-2.59808,2,-22.3
-2.6849,1.9924,-22.32
-2.84808,1.93301,-22.34
-2.9811,1.82139,-22.36
-3.03109,1.75,-22.38
-3.09048,1.58682,-22.4
-3.09048,1.41318,-22.42
-3.03109,1.25,-22.44
-3.03109,1.25,-22.46
-3.03109,1.25,-22.48
-3.03109,1.25,-22.5
-3.03109,1.25,-22.52
-3.03109,1.25,-22.54
-3.03109,1.25,-22.56
-3.03109,1.25,-22.58
-3.03109,1.25,-22.6
-3.03109,1.25,-22.62
-3.03109,1.25,-22.64
-3.03109,1.25,-22.66
-3.03109,1.25,-22.68
-3.03109,1.25,-22.7
-3.03109,1.25,-22.72
-3.03109,1.25,-22.74
-3.03109,1.25,-22.76
-3.03109,1.25,-22.78
-3.03109,1.25,-22.8
-3.03109,1.25,-22.82
-3.03109,1.25,-22.84
-3.03109,1.25,-22.86
-3.03109,1.25,-22.88
-3.03109,1.25,-22.9
-3.03109,1.25,-22.92
-3.03109,1.25,-22.94
-2.91947,1.11698,-22.96
-2.76909,1.03015,-22.98
-2.59808,1,-23
-2.51125,1.0076,-23.02
-2.34808,1.06699,-23.04
-2.21505,1.17861,-23.06
-2.16506,1.25,-23.08
-2.10567,1.41318,-23.1
-2.10567,1.58682,-23.12
-2.16506,1.75,-23.14
-2.21505,1.82139,-23.16
-2.34808,1.93301,-23.18
-2.51125,1.9924,-23.2
-2.59808,2,-23.22
-2.59808,2,-23.24
-2.59808,2,-23.26
-2.59808,2,-23.28
-2.59808,2,-23.3
-2.59808,2,-23.32
-2.59808,2,-23.34
-2.59808,2,-23.36
-2.59808,2,-23.38
-2.59808,2,-23.4
-2.59808,2,-23.42
-2.59808,2,-23.44
-2.59808,2,-23.46
-2.59808,2,-23.48
-2.59808,2,-23.5
-2.59808,2,-23.52
-2.59808,2,-23.54
-2.59808,2,-23.56
-2.59808,2,-23.58
-2.59808,2,-23.6
-2.59808,2,-23.62
-2.59808,2,-23.64
-2.59808,2,-23.66
-2.59808,2,-23.68
-2.59808,2,-23.7
-2.6849,1.9924,-23.72
-2.84808,1.93301,-23.74
-2.9811,1.82139,-23.76
-3.03109,1.75,-23.78
-3.09048,1.58682,-23.8
-3.09048,1.41318,-23.82
-3.03109,1.25,-23.84
-2.9811,1.17861,-23.86
-2.84808,1.06699,-23.88
-2.6849,1.0076,-23.9
-2.59808,1,-23.92
-2.42707,1.03015,-23.94
-2.27668,1.11698,-23.96
-2.16506,1.25,-23.98
-2.16506,1.25,-24
-2.16506,1.25,-24.02
-2.16506,1.25,-24.04
-2.16506,1.25,-24.06
-2.22445,1.08682,-24.08
-2.22445,0.913176,-24.1
-2.16506,0.75,-24.12
-2.16506,0.75,-24.14
-2.16506,0.75,-24.16
-2.16506,0.75,-24.18
-2.16506,0.75,-24.2
-2.16506,0.75,-24.22
-2.16506,0.75,-24.24
-2.16506,0.75,-24.26
-2.16506,0.75,-24.28
-2.16506,0.75,-24.3
-2.16506,0.75,-24.32
-2.16506,0.75,-24.34
-2.05344,0.616978,-24.36
-1.90306,0.530154,-24.38
-1.73205,0.5,-24.4
-1.73205,0.5,-24.42
-1.73205,0.5,-24.44
-1.73205,0.5,-24.46
-1.73205,0.5,-24.48
-1.73205,0.5,-24.5
-1.73205,0.5,-24.52
-1.73205,0.5,-24.54
-1.73205,0.5,-24.56
-1.73205,0.5,-24.58
-1.73205,0.5,-24.6
-1.73205,0.5,-24.62
-1.73205,0.5,-24.64
-1.73205,0.5,-24.66
-1.73205,0.5,-24.68
-1.73205,0.5,-24.7
-1.73205,0.5,-24.72
-1.73205,0.5,-24.74
-1.73205,0.5,-24.76
-1.73205,0.5,-24.78
-1.73205,0.5,-24.8
-1.73205,0.5,-24.82
-1.64523,0.507596,-24.84
-1.48205,0.566987,-24.86
-1.34903,0.678606,-24.88
-1.29904,0.75,-24.9
-1.29904,0.75,-24.92
-1.29904,0.75,-24.94
-1.29904,0.75,-24.96
-1.29904,0.75,-24.98
