3.03109,0.25,14.98
3.03109,0.25,14.96
3.03109,0.25,14.94
3.03109,0.25,14.92
3.03109,0.25,14.9
3.03109,0.25,14.88
3.03109,0.25,14.86
2.91947,0.116978,14.84
2.76909,0.0301537,14.82
2.59808,-3.77653e-12,14.8
2.59808,-3.77653e-12,14.78
2.59808,-3.77653e-12,14.76
2.59808,-3.77653e-12,14.74
2.59808,-3.77653e-12,14.72
2.59808,-3.77653e-12,14.7
2.59808,-3.77653e-12,14.68
2.59808,-3.77653e-12,14.66
2.59808,-3.77653e-12,14.64
2.59808,-3.77653e-12,14.62
2.59808,-3.77653e-12,14.6
2.59808,-3.77653e-12,14.58
2.59808,-3.77653e-12,14.56
2.59808,-3.77653e-12,14.54
2.59808,-3.77653e-12,14.52
2.6849,-0.00759612,14.5
2.84808,-0.0669873,14.48
2.9811,-0.178606,14.46
3.03109,-0.25,14.44
3.03109,-0.25,14.42
3.03109,-0.25,14.4
3.03109,-0.25,14.38
3.03109,-0.25,14.36
3.03109,-0.25,14.34
3.03109,-0.25,14.32
3.03109,-0.25,14.3
3.03109,-0.25,14.28
3.03109,-0.25,14.26
3.03109,-0.25,14.24
3.03109,-0.25,14.22
3.03109,-0.25,14.2
3.03109,-0.25,14.18
3.03109,-0.25,14.16
3.03109,-0.25,14.14
3.03109,-0.25,14.12
3.03109,-0.25,14.1
3.03109,-0.25,14.08
3.03109,-0.25,14.06
3.03109,-0.25,14.04
3.03109,-0.25,14.02
3.03109,-0.25,14
3.03109,-0.25,13.98
3.03109,-0.25,13.96
3.03109,-0.25,13.94
3.03109,-0.25,13.92
3.03109,-0.25,13.9
3.03109,-0.25,13.88
3.03109,-0.25,13.86
3.03109,-0.25,13.84
3.03109,-0.25,13.82
3.03109,-0.25,13.8
3.03109,-0.25,13.78
3.03109,-0.25,13.76
3.03109,-0.25,13.74
3.09048,-0.413176,13.72
3.09048,-0.586824,13.7
3.03109,-0.75,13.68
3.03109,-0.75,13.66
3.03109,-0.75,13.64
3.03109,-0.75,13.62
3.03109,-0.75,13.6
3.03109,-0.75,13.58
3.03109,-0.75,13.56
3.03109,-0.75,13.54
3.03109,-0.75,13.52
3.03109,-0.75,13.5
3.03109,-0.75,13.48
3.03109,-0.75,13.46
3.03109,-0.75,13.44
3.03109,-0.75,13.42
3.03109,-0.75,13.4
3.03109,-0.75,13.38
3.03109,-0.75,13.36
3.03109,-0.75,13.34
3.03109,-0.75,13.32
3.03109,-0.75,13.3
3.03109,-0.75,13.28
3.03109,-0.75,13.26
3.03109,-0.75,13.24
3.03109,-0.75,13.22
3.03109,-0.75,13.2
3.03109,-0.75,13.18
3.03109,-0.75,13.16
3.03109,-0.75,13.14
3.03109,-0.75,13.12
3.03109,-0.75,13.1
3.03109,-0.75,13.08
3.03109,-0.75,13.06
3.03109,-0.75,13.04
3.03109,-0.75,13.02
3.03109,-0.75,13
3.03109,-0.75,12.98
2.9811,-0.821394,12.96
2.84808,-0.933013,12.94
2.6849,-0.992404,12.92
2.59808,-1,12.9
2.59808,-1,12.88
2.59808,-1,12.86
2.59808,-1,12.84
2.59808,-1,12.82
2.59808,-1,12.8
2.59808,-1,12.78
2.59808,-1,12.76
2.59808,-1,12.74
2.59808,-1,12.72
2.59808,-1,12.7
2.59808,-1,12.68
2.59808,-1,12.66
2.59808,-1,12.64
2.59808,-1,12.62
2.59808,-1,12.6
2.59808,-1,12.58
2.59808,-1,12.56
2.59808,-1,12.54
2.59808,-1,12.52
2.59808,-1,12.5
2.59808,-1,12.48
2.42707,-1.03015,12.46
2.27668,-1.11698,12.44
2.16506,-1.25,12.42
2.12823,-1.32899,12.4
2.09808,-1.5,12.38
2.12823,-1.67101,12.36
2.16506,-1.75,12.34
2.27668,-1.88302,12.32
2.42707,-1.96985,12.3
2.59808,-2,12.28
2.6849,-1.9924,12.26
2.84808,-1.93301,12.24
2.9811,-1.82139,12.22
3.03109,-1.75,12.2
3.03109,-1.75,12.18
3.03109,-1.75,12.16
3.03109,-1.75,12.14
3.03109,-1.75,12.12
3.03109,-1.75,12.1
3.03109,-1.75,12.08
3.03109,-1.75,12.06
3.03109,-1.75,12.04
3.03109,-1.75,12.02
3.03109,-1.75,12
3.03109,-1.75,11.98
3.03109,-1.75,11.96
3.03109,-1.75,11.94
3.03109,-1.75,11.92
3.03109,-1.75,11.9
3.03109,-1.75,11.88
3.03109,-1.75,11.86
3.03109,-1.75,11.84
3.03109,-1.75,11.82
3.03109,-1.75,11.8
3.03109,-1.75,11.78
3.03109,-1.75,11.76
3.03109,-1.75,11.74
3.03109,-1.75,11.72
3.06792,-1.67101,11.7
3.09808,-1.5,11.68
3.06792,-1.32899,11.66
3.03109,-1.25,11.64
2.91947,-1.11698,11.62
2.76909,-1.03015,11.6
2.59808,-1,11.58
2.51125,-1.0076,11.56
2.34808,-1.06699,11.54
2.21505,-1.17861,11.52
2.16506,-1.25,11.5
2.10567,-1.41318,11.48
2.10567,-1.58682,11.46
2.16506,-1.75,11.44
2.16506,-1.75,11.42
2.16506,-1.75,11.4
2.16506,-1.75,11.38
2.16506,-1.75,11.36
2.16506,-1.75,11.34
2.16506,-1.75,11.32
2.16506,-1.75,11.3
2.16506,-1.75,11.28
2.16506,-1.75,11.26
2.16506,-1.75,11.24
2.16506,-1.75,11.22
2.16506,-1.75,11.2
2.16506,-1.75,11.18
2.16506,-1.75,11.16
2.16506,-1.75,11.14
2.16506,-1.75,11.12
2.16506,-1.75,11.1
2.16506,-1.75,11.08
2.16506,-1.75,11.06
2.16506,-1.75,11.04
2.16506,-1.75,11.02
2.2019,-1.82899,11
2.23205,-2,10.98
2.2019,-2.17101,10.96
2.16506,-2.25,10.94
2.16506,-2.25,10.92
2.16506,-2.25,10.9
2.16506,-2.25,10.88
2.16506,-2.25,10.86
2.16506,-2.25,10.84
2.16506,-2.25,10.82
2.16506,-2.25,10.8
2.16506,-2.25,10.78
2.16506,-2.25,10.76
2.16506,-2.25,10.74
2.16506,-2.25,10.72
2.16506,-2.25,10.7
2.16506,-2.25,10.68
2.16506,-2.25,10.66
2.16506,-2.25,10.64
2.16506,-2.25,10.62
2.16506,-2.25,10.6
2.16506,-2.25,10.58
2.16506,-2.25,10.56
2.16506,-2.25,10.54
2.16506,-2.25,10.52
2.16506,-2.25,10.5
2.16506,-2.25,10.48
2.16506,-2.25,10.46
2.16506,-2.25,10.44
2.16506,-2.25,10.42
2.16506,-2.25,10.4
2.16506,-2.25,10.38
2.16506,-2.25,10.36
2.16506,-2.25,10.34
2.16506,-2.25,10.32
2.16506,-2.25,10.3
2.16506,-2.25,10.28
2.16506,-2.25,10.26
2.16506,-2.25,10.24
2.05344,-2.38302,10.22
1.90306,-2.46985,10.2
1.73205,-2.5,10.18
1.73205,-2.5,10.16
1.73205,-2.5,10.14
1.73205,-2.5,10.12
1.73205,-2.5,10.1
1.73205,-2.5,10.08
1.73205,-2.5,10.06
1.73205,-2.5,10.04
1.73205,-2.5,10.02
1.73205,-2.5,10
1.73205,-2.5,9.98
1.73205,-2.5,9.96
1.73205,-2.5,9.94
1.73205,-2.5,9.92
1.73205,-2.5,9.9
1.73205,-2.5,9.88
1.73205,-2.5,9.86
1.73205,-2.5,9.84
1.73205,-2.5,9.82
1.73205,-2.5,9.8
1.73205,-2.5,9.78
1.73205,-2.5,9.76
1.73205,-2.5,9.74
1.73205,-2.5,9.72
1.73205,-2.5,9.7
1.73205,-2.5,9.68
1.73205,-2.5,9.66
1.73205,-2.5,9.64
1.73205,-2.5,9.62
1.73205,-2.5,9.6
1.73205,-2.5,9.58
1.73205,-2.5,9.56
1.73205,-2.5,9.54
1.73205,-2.5,9.52
1.73205,-2.5,9.5
1.73205,-2.5,9.48
1.64523,-2.4924,9.46
1.48205,-2.43301,9.44
1.34903,-2.32139,9.42
1.29904,-2.25,9.4
1.29904,-2.25,9.38
1.29904,-2.25,9.36
1.29904,-2.25,9.34
1.29904,-2.25,9.32
1.29904,-2.25,9.3
1.29904,-2.25,9.28
1.29904,-2.25,9.26
1.29904,-2.25,9.24
1.29904,-2.25,9.22
1.29904,-2.25,9.2
1.29904,-2.25,9.18
1.29904,-2.25,9.16
1.29904,-2.25,9.14
1.29904,-2.25,9.12
1.35843,-2.41318,9.1
1.35843,-2.58682,9.08
1.29904,-2.75,9.06
1.29904,-2.75,9.04
1.29904,-2.75,9.02
1.29904,-2.75,9
1.29904,-2.75,8.98
1.29904,-2.75,8.96
1.29904,-2.75,8.94
1.29904,-2.75,8.92
1.29904,-2.75,8.9
1.29904,-2.75,8.88
1.29904,-2.75,8.86
1.29904,-2.75,8.84
1.29904,-2.75,8.82
1.29904,-2.75,8.8
1.29904,-2.75,8.78
1.29904,-2.75,8.76
1.29904,-2.75,8.74
1.29904,-2.75,8.72
1.29904,-2.75,8.7
1.29904,-2.75,8.68
1.29904,-2.75,8.66
1.29904,-2.75,8.64
1.29904,-2.75,8.62
1.29904,-2.75,8.6
1.29904,-2.75,8.58
1.29904,-2.75,8.56
1.29904,-2.75,8.54
1.29904,-2.75,8.52
1.29904,-2.75,8.5
1.29904,-2.75,8.48
1.29904,-2.75,8.46
1.29904,-2.75,8.44
1.29904,-2.75,8.42
1.29904,-2.75,8.4
1.29904,-2.75,8.38
1.29904,-2.75,8.36
1.24905,-2.82139,8.34
1.11603,-2.93301,8.32
0.952849,-2.9924,8.3
0.866025,-3,8.28
0.866025,-3,8.26
0.866025,-3,8.24
0.866025,-3,8.22
0.866025,-3,8.2
0.866025,-3,8.18
0.866025,-3,8.16
0.866025,-3,8.14
0.866025,-3,8.12
0.866025,-3,8.1
0.866025,-3,8.08
0.866025,-3,8.06
0.866025,-3,8.04
0.866025,-3,8.02
0.866025,-3,8
0.866025,-3,7.98
0.866025,-3,7.96
0.866025,-3,7.94
0.866025,-3,7.92
0.866025,-3,7.9
0.866025,-3,7.88
0.866025,-3,7.86
0.866025,-3,7.84
0.866025,-3,7.82
0.866025,-3,7.8
0.866025,-3,7.78
0.866025,-3,7.76
0.866025,-3,7.74
0.866025,-3,7.72
0.866025,-3,7.7
0.866025,-3,7.68
0.866025,-3,7.66
0.866025,-3,7.64
0.866025,-3,7.62
0.866025,-3,7.6
0.866025,-3,7.58
0.695015,-2.96985,7.56
0.544632,-2.88302,7.54
0.433013,-2.75,7.52
0.433013,-2.75,7.5
0.433013,-2.75,7.48
0.433013,-2.75,7.46
0.433013,-2.75,7.44
0.433013,-2.75,7.42
0.433013,-2.75,7.4
0.433013,-2.75,7.38
0.433013,-2.75,7.36
0.433013,-2.75,7.34
0.433013,-2.75,7.32
0.433013,-2.75,7.3
0.433013,-2.75,7.28
0.433013,-2.75,7.26
0.433013,-2.75,7.24
0.433013,-2.75,7.22
0.433013,-2.75,7.2
0.433013,-2.75,7.18
0.433013,-2.75,7.16
0.433013,-2.75,7.14
0.433013,-2.75,7.12
0.433013,-2.75,7.1
0.383022,-2.67861,7.08
0.25,-2.56699,7.06
0.0868241,-2.5076,7.04
-3.37005e-12,-2.5,7.02
-0.17101,-2.53015,7
-0.321394,-2.61698,6.98
-0.433013,-2.75,6.96
-0.469846,-2.82899,6.94
-0.5,-3,6.92
-0.469846,-3.17101,6.9
-0.433013,-3.25,6.88
-0.321394,-3.38302,6.86
-0.17101,-3.46985,6.84
-4.16354e-12,-3.5,6.82
-4.16354e-12,-3.5,6.8
-4.16354e-12,-3.5,6.78
-4.16354e-12,-3.5,6.76
-4.16354e-12,-3.5,6.74
-4.16354e-12,-3.5,6.72
-4.16354e-12,-3.5,6.7
-4.16354e-12,-3.5,6.68
-4.16354e-12,-3.5,6.66
-4.16354e-12,-3.5,6.64
-4.16354e-12,-3.5,6.62
-4.16354e-12,-3.5,6.6
-4.16354e-12,-3.5,6.58
-4.16354e-12,-3.5,6.56
-4.16354e-12,-3.5,6.54
-4.16354e-12,-3.5,6.52
-4.16354e-12,-3.5,6.5
-4.16354e-12,-3.5,6.48
-4.16354e-12,-3.5,6.46
-4.16354e-12,-3.5,6.44
-4.16354e-12,-3.5,6.42
-4.16354e-12,-3.5,6.4
-4.16354e-12,-3.5,6.38
-4.16354e-12,-3.5,6.36
-4.16354e-12,-3.5,6.34
-4.16354e-12,-3.5,6.32
0.17101,-3.46985,6.3
0.321394,-3.38302,6.28
0.433013,-3.25,6.26
0.469846,-3.17101,6.24
0.5,-3,6.22
0.469846,-2.82899,6.2
0.433013,-2.75,6.18
0.321394,-2.61698,6.16
0.17101,-2.53015,6.14
-3.37005e-12,-2.5,6.12
-0.0868241,-2.5076,6.1
-0.25,-2.56699,6.08
-0.383022,-2.67861,6.06
-0.433013,-2.75,6.04
-0.433013,-2.75,6.02
-0.433013,-2.75,6
-0.433013,-2.75,5.98
-0.433013,-2.75,5.96
-0.433013,-2.75,5.94
-0.433013,-2.75,5.92
-0.433013,-2.75,5.9
-0.433013,-2.75,5.88
-0.433013,-2.75,5.86
-0.433013,-2.75,5.84
-0.433013,-2.75,5.82
-0.433013,-2.75,5.8
-0.433013,-2.75,5.78
-0.433013,-2.75,5.76
-0.433013,-2.75,5.74
-0.433013,-2.75,5.72
-0.433013,-2.75,5.7
-0.433013,-2.75,5.68
-0.433013,-2.75,5.66
-0.433013,-2.75,5.64
-0.433013,-2.75,5.62
-0.544632,-2.88302,5.6
-0.695015,-2.96985,5.58
-0.866025,-3,5.56
-0.866025,-3,5.54
-0.866025,-3,5.52
-0.866025,-3,5.5
-0.866025,-3,5.48
-0.866025,-3,5.46
-0.866025,-3,5.44
-0.866025,-3,5.42
-0.866025,-3,5.4
-0.866025,-3,5.38
-0.866025,-3,5.36
-0.866025,-3,5.34
-0.866025,-3,5.32
-0.866025,-3,5.3
-0.866025,-3,5.28
-0.866025,-3,5.26
-0.866025,-3,5.24
-0.866025,-3,5.22
-0.866025,-3,5.2
-0.866025,-3,5.18
-0.866025,-3,5.16
-0.866025,-3,5.14
-0.866025,-3,5.12
-0.866025,-3,5.1
-0.866025,-3,5.08
-0.866025,-3,5.06
-0.866025,-3,5.04
-0.866025,-3,5.02
-0.866025,-3,5
-0.866025,-3,4.98
-0.866025,-3,4.96
-0.866025,-3,4.94
-0.866025,-3,4.92
-0.866025,-3,4.9
-0.866025,-3,4.88
-0.866025,-3,4.86
-0.952849,-2.9924,4.84
-1.11603,-2.93301,4.82
-1.24905,-2.82139,4.8
-1.29904,-2.75,4.78
-1.29904,-2.75,4.76
-1.29904,-2.75,4.74
-1.29904,-2.75,4.72
-1.29904,-2.75,4.7
-1.29904,-2.75,4.68
-1.29904,-2.75,4.66
-1.29904,-2.75,4.64
-1.29904,-2.75,4.62
-1.29904,-2.75,4.6
-1.29904,-2.75,4.58
-1.29904,-2.75,4.56
-1.29904,-2.75,4.54
-1.29904,-2.75,4.52
-1.29904,-2.75,4.5
-1.29904,-2.75,4.48
-1.29904,-2.75,4.46
-1.29904,-2.75,4.44
-1.29904,-2.75,4.42
-1.29904,-2.75,4.4
-1.29904,-2.75,4.38
-1.29904,-2.75,4.36
-1.29904,-2.75,4.34
-1.29904,-2.75,4.32
-1.29904,-2.75,4.3
-1.29904,-2.75,4.28
-1.29904,-2.75,4.26
-1.29904,-2.75,4.24
-1.29904,-2.75,4.22
-1.29904,-2.75,4.2
-1.29904,-2.75,4.18
-1.29904,-2.75,4.16
-1.29904,-2.75,4.14
-1.29904,-2.75,4.12
-1.29904,-2.75,4.1
-1.29904,-2.75,4.08
-1.35843,-2.58682,4.06
-1.35843,-2.41318,4.04
-1.29904,-2.25,4.02
-1.29904,-2.25,4
-1.29904,-2.25,3.98
-1.29904,-2.25,3.96
-1.29904,-2.25,3.94
-1.29904,-2.25,3.92
-1.29904,-2.25,3.9
-1.29904,-2.25,3.88
-1.29904,-2.25,3.86
-1.29904,-2.25,3.84
-1.29904,-2.25,3.82
-1.29904,-2.25,3.8
-1.29904,-2.25,3.78
-1.29904,-2.25,3.76
-1.29904,-2.25,3.74
-1.34903,-2.32139,3.72
-1.48205,-2.43301,3.7
-1.64523,-2.4924,3.68
-1.73205,-2.5,3.66
-1.73205,-2.5,3.64
-1.73205,-2.5,3.62
-1.73205,-2.5,3.6
-1.73205,-2.5,3.58
-1.73205,-2.5,3.56
-1.73205,-2.5,3.54
-1.73205,-2.5,3.52
-1.73205,-2.5,3.5
-1.73205,-2.5,3.48
-1.73205,-2.5,3.46
-1.73205,-2.5,3.44
-1.73205,-2.5,3.42
-1.73205,-2.5,3.4
-1.73205,-2.5,3.38
-1.73205,-2.5,3.36
-1.73205,-2.5,3.34
-1.73205,-2.5,3.32
-1.73205,-2.5,3.3
-1.73205,-2.5,3.28
-1.73205,-2.5,3.26
-1.73205,-2.5,3.24
-1.73205,-2.5,3.22
-1.73205,-2.5,3.2
-1.73205,-2.5,3.18
-1.73205,-2.5,3.16
-1.73205,-2.5,3.14
-1.73205,-2.5,3.12
-1.73205,-2.5,3.1
-1.73205,-2.5,3.08
-1.73205,-2.5,3.06
-1.73205,-2.5,3.04
-1.73205,-2.5,3.02
-1.73205,-2.5,3
-1.73205,-2.5,2.98
-1.73205,-2.5,2.96
-1.90306,-2.46985,2.94
-2.05344,-2.38302,2.92
-2.16506,-2.25,2.9
-2.16506,-2.25,2.88
-2.16506,-2.25,2.86
-2.16506,-2.25,2.84
-2.16506,-2.25,2.82
-2.16506,-2.25,2.8
-2.16506,-2.25,2.78
-2.16506,-2.25,2.76
-2.16506,-2.25,2.74
-2.16506,-2.25,2.72
-2.16506,-2.25,2.7
-2.16506,-2.25,2.68
-2.16506,-2.25,2.66
-2.16506,-2.25,2.64
-2.16506,-2.25,2.62
-2.16506,-2.25,2.6
-2.16506,-2.25,2.58
-2.16506,-2.25,2.56
-2.16506,-2.25,2.54
-2.16506,-2.25,2.52
-2.16506,-2.25,2.5
-2.16506,-2.25,2.48
-2.16506,-2.25,2.46
-2.16506,-2.25,2.44
-2.16506,-2.25,2.42
-2.16506,-2.25,2.4
-2.16506,-2.25,2.38
-2.16506,-2.25,2.36
-2.16506,-2.25,2.34
-2.16506,-2.25,2.32
-2.16506,-2.25,2.3
-2.16506,-2.25,2.28
-2.16506,-2.25,2.26
-2.16506,-2.25,2.24
-2.16506,-2.25,2.22
-2.16506,-2.25,2.2
-2.2019,-2.17101,2.18
-2.23205,-2,2.16
-2.2019,-1.82899,2.14
-2.16506,-1.75,2.12
-2.16506,-1.75,2.1
-2.16506,-1.75,2.08
-2.16506,-1.75,2.06
-2.16506,-1.75,2.04
-2.16506,-1.75,2.02
-2.16506,-1.75,2
-2.16506,-1.75,1.98
-2.16506,-1.75,1.96
-2.16506,-1.75,1.94
-2.16506,-1.75,1.92
-2.16506,-1.75,1.9
-2.16506,-1.75,1.88
-2.16506,-1.75,1.86
-2.16506,-1.75,1.84
-2.16506,-1.75,1.82
-2.16506,-1.75,1.8
-2.16506,-1.75,1.78
-2.16506,-1.75,1.76
-2.16506,-1.75,1.74
-2.16506,-1.75,1.72
-2.16506,-1.75,1.7
-2.10567,-1.58682,1.68
-2.10567,-1.41318,1.66
-2.16506,-1.25,1.64
-2.21505,-1.17861,1.62
-2.34808,-1.06699,1.6
-2.51125,-1.0076,1.58
-2.59808,-1,1.56
-2.76909,-1.03015,1.54
-2.91947,-1.11698,1.52
-3.03109,-1.25,1.5
-3.06792,-1.32899,1.48
-3.09808,-1.5,1.46
-3.06792,-1.67101,1.44
-3.03109,-1.75,1.42
-3.03109,-1.75,1.4
-3.03109,-1.75,1.38
-3.03109,-1.75,1.36
-3.03109,-1.75,1.34
-3.03109,-1.75,1.32
-3.03109,-1.75,1.3
-3.03109,-1.75,1.28
-3.03109,-1.75,1.26
-3.03109,-1.75,1.24
-3.03109,-1.75,1.22
-3.03109,-1.75,1.2
-3.03109,-1.75,1.18
-3.03109,-1.75,1.16
-3.03109,-1.75,1.14
-3.03109,-1.75,1.12
-3.03109,-1.75,1.1
-3.03109,-1.75,1.08
-3.03109,-1.75,1.06
-3.03109,-1.75,1.04
-3.03109,-1.75,1.02
-3.03109,-1.75,1
-3.03109,-1.75,0.98
-3.03109,-1.75,0.96
-3.03109,-1.75,0.94
-2.9811,-1.82139,0.92
-2.84808,-1.93301,0.9
-2.6849,-1.9924,0.88
-2.59808,-2,0.86
-2.42707,-1.96985,0.84
-2.27668,-1.88302,0.82
-2.16506,-1.75,0.8
-2.12823,-1.67101,0.78
-2.09808,-1.5,0.76
-2.12823,-1.32899,0.74
-2.16506,-1.25,0.72
-2.27668,-1.11698,0.7
-2.42707,-1.03015,0.68
-2.59808,-1,0.66
-2.59808,-1,0.64
-2.59808,-1,0.62
-2.59808,-1,0.6
-2.59808,-1,0.58
-2.59808,-1,0.56
-2.59808,-1,0.54
-2.59808,-1,0.52
-2.59808,-1,0.5
-2.59808,-1,0.48
-2.59808,-1,0.46
-2.59808,-1,0.44
-2.59808,-1,0.42
-2.59808,-1,0.4
-2.59808,-1,0.38
-2.59808,-1,0.36
-2.59808,-1,0.34
-2.59808,-1,0.32
-2.59808,-1,0.3
-2.59808,-1,0.28
-2.59808,-1,0.26
-2.59808,-1,0.24
-2.6849,-0.992404,0.22
-2.84808,-0.933013,0.2
-2.9811,-0.821394,0.18
-3.03109,-0.75,0.16
-3.03109,-0.75,0.14
-3.03109,-0.75,0.12
-3.03109,-0.75,0.1
-3.03109,-0.75,0.08
-3.03109,-0.75,0.06
-3.03109,-0.75,0.04
-3.03109,-0.75,0.02
-3.03109,-0.75,-4.12829e-14
-3.03109,-0.75,-0.02
-3.03109,-0.75,-0.04
-3.03109,-0.75,-0.06
-3.03109,-0.75,-0.08
-3.03109,-0.75,-0.1
-3.03109,-0.75,-0.12
-3.03109,-0.75,-0.14
-3.03109,-0.75,-0.16
-3.03109,-0.75,-0.18
-3.03109,-0.75,-0.2
-3.03109,-0.75,-0.22
-3.03109,-0.75,-0.24
-3.03109,-0.75,-0.26
-3.03109,-0.75,-0.28
-3.03109,-0.75,-0.3
-3.03109,-0.75,-0.32
-3.03109,-0.75,-0.34
-3.03109,-0.75,-0.36
-3.03109,-0.75,-0.38
-3.03109,-0.75,-0.4
-3.03109,-0.75,-0.42
-3.03109,-0.75,-0.44
-3.03109,-0.75,-0.46
-3.03109,-0.75,-0.48
-3.03109,-0.75,-0.5
-3.03109,-0.75,-0.52
-3.03109,-0.75,-0.54
-3.09048,-0.586824,-0.56
-3.09048,-0.413176,-0.58
-3.03109,-0.25,-0.6
-3.03109,-0.25,-0.62
-3.03109,-0.25,-0.64
-3.03109,-0.25,-0.66
-3.03109,-0.25,-0.68
-3.03109,-0.25,-0.7
-3.03109,-0.25,-0.72
-3.03109,-0.25,-0.74
-3.03109,-0.25,-0.76
-3.03109,-0.25,-0.78
-3.03109,-0.25,-0.8
-3.03109,-0.25,-0.82
-3.03109,-0.25,-0.84
-3.03109,-0.25,-0.86
-3.03109,-0.25,-0.88
-3.03109,-0.25,-0.9
-3.03109,-0.25,-0.92
-3.03109,-0.25,-0.94
-3.03109,-0.25,-0.96
-3.03109,-0.25,-0.98
-3.03109,-0.25,-1
-3.03109,-0.25,-1.02
-3.03109,-0.25,-1.04
-3.03109,-0.25,-1.06
-3.03109,-0.25,-1.08
-3.03109,-0.25,-1.1
-3.03109,-0.25,-1.12
-3.03109,-0.25,-1.14
-3.03109,-0.25,-1.16
-3.03109,-0.25,-1.18
-3.03109,-0.25,-1.2
-3.03109,-0.25,-1.22
-3.03109,-0.25,-1.24
-3.03109,-0.25,-1.26
-3.03109,-0.25,-1.28
-3.03109,-0.25,-1.3
-2.9811,-0.178606,-1.32
-2.84808,-0.0669873,-1.34
-2.6849,-0.00759612,-1.36
-2.59808,1.71663e-12,-1.38
-2.59808,1.71663e-12,-1.4
-2.59808,1.71663e-12,-1.42
-2.59808,1.71663e-12,-1.44
-2.59808,1.71663e-12,-1.46
-2.59808,1.71663e-12,-1.48
-2.59808,1.71663e-12,-1.5
-2.59808,1.71663e-12,-1.52
-2.59808,1.71663e-12,-1.54
-2.59808,1.71663e-12,-1.56
-2.59808,1.71663e-12,-1.58
-2.59808,1.71663e-12,-1.6
-2.59808,1.71663e-12,-1.62
-2.59808,1.71663e-12,-1.64
-2.59808,1.71663e-12,-1.66
-2.76909,0.0301537,-1.68
-2.91947,0.116978,-1.7
-3.03109,0.25,-1.72
-3.03109,0.25,-1.74
-3.03109,0.25,-1.76
-3.03109,0.25,-1.78
-3.03109,0.25,-1.8
-3.03109,0.25,-1.82
-3.03109,0.25,-1.84
-3.03109,0.25,-1.86
-3.03109,0.25,-1.88
-3.03109,0.25,-1.9
-3.03109,0.25,-1.92
-3.03109,0.25,-1.94
-3.03109,0.25,-1.96
-3.03109,0.25,-1.98
-3.03109,0.25,-2
-3.03109,0.25,-2.02
-3.03109,0.25,-2.04
-3.03109,0.25,-2.06
-3.03109,0.25,-2.08
-3.03109,0.25,-2.1
-3.03109,0.25,-2.12
-3.03109,0.25,-2.14
-3.03109,0.25,-2.16
-3.03109,0.25,-2.18
-3.03109,0.25,-2.2
-3.03109,0.25,-2.22
-3.03109,0.25,-2.24
-3.03109,0.25,-2.26
-3.03109,0.25,-2.28
-3.03109,0.25,-2.3
-3.03109,0.25,-2.32
-3.03109,0.25,-2.34
-3.03109,0.25,-2.36
-3.03109,0.25,-2.38
-3.03109,0.25,-2.4
-3.03109,0.25,-2.42
-3.06792,0.32899,-2.44
-3.09808,0.5,-2.46
-3.06792,0.67101,-2.48
-3.03109,0.75,-2.5
-3.03109,0.75,-2.52
-3.03109,0.75,-2.54
-3.03109,0.75,-2.56
-3.03109,0.75,-2.58
-3.03109,0.75,-2.6
-3.03109,0.75,-2.62
-3.03109,0.75,-2.64
-3.03109,0.75,-2.66
-3.03109,0.75,-2.68
-3.03109,0.75,-2.7
-3.03109,0.75,-2.72
-3.03109,0.75,-2.74
-3.03109,0.75,-2.76
-3.03109,0.75,-2.78
-3.03109,0.75,-2.8
-3.03109,0.75,-2.82
-3.03109,0.75,-2.84
-3.03109,0.75,-2.86
-3.03109,0.75,-2.88
-3.03109,0.75,-2.9
-3.03109,0.75,-2.92
-3.03109,0.75,-2.94
-3.03109,0.75,-2.96
-3.03109,0.75,-2.98
-3.03109,0.75,-3
-3.03109,0.75,-3.02
-3.03109,0.75,-3.04
-3.03109,0.75,-3.06
-3.03109,0.75,-3.08
-3.03109,0.75,-3.1
-3.03109,0.75,-3.12
-3.03109,0.75,-3.14
-3.03109,0.75,-3.16
-3.03109,0.75,-3.18
-3.03109,0.75,-3.2
-2.91947,0.883022,-3.22
-2.76909,0.969846,-3.24
-2.59808,1,-3.26
-2.59808,1,-3.28
-2.59808,1,-3.3
-2.59808,1,-3.32
-2.59808,1,-3.34
-2.59808,1,-3.36
-2.59808,1,-3.38
-2.59808,1,-3.4
-2.59808,1,-3.42
-2.59808,1,-3.44
-2.59808,1,-3.46
-2.59808,1,-3.48
-2.59808,1,-3.5
-2.59808,1,-3.52
-2.59808,1,-3.54
-2.59808,1,-3.56
-2.59808,1,-3.58
-2.59808,1,-3.6
-2.59808,1,-3.62
-2.59808,1,-3.64
-2.59808,1,-3.66
-2.59808,1,-3.68
-2.51125,1.0076,-3.7
-2.34808,1.06699,-3.72
-2.21505,1.17861,-3.74
-2.16506,1.25,-3.76
-2.10567,1.41318,-3.78
-2.10567,1.58682,-3.8
-2.16506,1.75,-3.82
-2.21505,1.82139,-3.84
-2.34808,1.93301,-3.86
-2.51125,1.9924,-3.88
-2.59808,2,-3.9
-2.76909,1.96985,-3.92
-2.91947,1.88302,-3.94
-3.03109,1.75,-3.96
-3.03109,1.75,-3.98
-3.03109,1.75,-4
-3.03109,1.75,-4.02
-3.03109,1.75,-4.04
-3.03109,1.75,-4.06
-3.03109,1.75,-4.08
-3.03109,1.75,-4.1
-3.03109,1.75,-4.12
-3.03109,1.75,-4.14
-3.03109,1.75,-4.16
-3.03109,1.75,-4.18
-3.03109,1.75,-4.2
-3.03109,1.75,-4.22
-3.03109,1.75,-4.24
-3.03109,1.75,-4.26
-3.03109,1.75,-4.28
-3.03109,1.75,-4.3
-3.03109,1.75,-4.32
-3.03109,1.75,-4.34
-3.03109,1.75,-4.36
-3.03109,1.75,-4.38
-3.03109,1.75,-4.4
-3.03109,1.75,-4.42
-3.03109,1.75,-4.44
-3.03109,1.75,-4.46
-3.09048,1.58682,-4.48
-3.09048,1.41318,-4.5
-3.03109,1.25,-4.52
-2.9811,1.17861,-4.54
-2.84808,1.06699,-4.56
-2.6849,1.0076,-4.58
-2.59808,1,-4.6
-2.42707,1.03015,-4.62
-2.27668,1.11698,-4.64
-2.16506,1.25,-4.66
-2.12823,1.32899,-4.68
-2.09808,1.5,-4.7
-2.12823,1.67101,-4.72
-2.16506,1.75,-4.74
-2.16506,1.75,-4.76
-2.16506,1.75,-4.78
-2.16506,1.75,-4.8
-2.16506,1.75,-4.82
-2.16506,1.75,-4.84
-2.16506,1.75,-4.86
-2.16506,1.75,-4.88
-2.16506,1.75,-4.9
-2.16506,1.75,-4.92
-2.16506,1.75,-4.94
-2.16506,1.75,-4.96
-2.16506,1.75,-4.98
-2.16506,1.75,-5
-2.16506,1.75,-5.02
-2.16506,1.75,-5.04
-2.16506,1.75,-5.06
-2.16506,1.75,-5.08
-2.16506,1.75,-5.1
-2.16506,1.75,-5.12
-2.16506,1.75,-5.14
-2.16506,1.75,-5.16
-2.22445,1.91318,-5.18
-2.22445,2.08682,-5.2
-2.16506,2.25,-5.22
-2.16506,2.25,-5.24
-2.16506,2.25,-5.26
-2.16506,2.25,-5.28
-2.16506,2.25,-5.3
-2.16506,2.25,-5.32
-2.16506,2.25,-5.34
-2.16506,2.25,-5.36
-2.16506,2.25,-5.38
-2.16506,2.25,-5.4
-2.16506,2.25,-5.42
-2.16506,2.25,-5.44
-2.16506,2.25,-5.46
-2.16506,2.25,-5.48
-2.16506,2.25,-5.5
-2.16506,2.25,-5.52
-2.16506,2.25,-5.54
-2.16506,2.25,-5.56
-2.16506,2.25,-5.58
-2.16506,2.25,-5.6
-2.16506,2.25,-5.62
-2.16506,2.25,-5.64
-2.16506,2.25,-5.66
-2.16506,2.25,-5.68
-2.16506,2.25,-5.7
-2.16506,2.25,-5.72
-2.16506,2.25,-5.74
-2.16506,2.25,-5.76
-2.16506,2.25,-5.78
-2.16506,2.25,-5.8
-2.16506,2.25,-5.82
-2.16506,2.25,-5.84
-2.16506,2.25,-5.86
-2.16506,2.25,-5.88
-2.16506,2.25,-5.9
-2.16506,2.25,-5.92
-2.11507,2.32139,-5.94
-1.98205,2.43301,-5.96
-1.81887,2.4924,-5.98
-1.73205,2.5,-6
-1.73205,2.5,-6.02
-1.73205,2.5,-6.04
-1.73205,2.5,-6.06
-1.73205,2.5,-6.08
-1.73205,2.5,-6.1
-1.73205,2.5,-6.12
-1.73205,2.5,-6.14
-1.73205,2.5,-6.16
-1.73205,2.5,-6.18
-1.73205,2.5,-6.2
-1.73205,2.5,-6.22
-1.73205,2.5,-6.24
-1.73205,2.5,-6.26
-1.73205,2.5,-6.28
-1.73205,2.5,-6.3
-1.73205,2.5,-6.32
-1.73205,2.5,-6.34
-1.73205,2.5,-6.36
-1.73205,2.5,-6.38
-1.73205,2.5,-6.4
-1.73205,2.5,-6.42
-1.73205,2.5,-6.44
-1.73205,2.5,-6.46
-1.73205,2.5,-6.48
-1.73205,2.5,-6.5
-1.73205,2.5,-6.52
-1.73205,2.5,-6.54
-1.73205,2.5,-6.56
-1.73205,2.5,-6.58
-1.73205,2.5,-6.6
-1.73205,2.5,-6.62
-1.73205,2.5,-6.64
-1.73205,2.5,-6.66
-1.73205,2.5,-6.68
-1.73205,2.5,-6.7
-1.56104,2.46985,-6.72
-1.41066,2.38302,-6.74
-1.29904,2.25,-6.76
-1.29904,2.25,-6.78
-1.29904,2.25,-6.8
-1.29904,2.25,-6.82
-1.29904,2.25,-6.84
-1.29904,2.25,-6.86
-1.29904,2.25,-6.88
-1.29904,2.25,-6.9
-1.29904,2.25,-6.92
-1.29904,2.25,-6.94
-1.29904,2.25,-6.96
-1.29904,2.25,-6.98
-1.29904,2.25,-7
-1.29904,2.25,-7.02
-1.29904,2.25,-7.04
-1.33587,2.32899,-7.06
-1.36603,2.5,-7.08
-1.33587,2.67101,-7.1
-1.29904,2.75,-7.12
-1.29904,2.75,-7.14
-1.29904,2.75,-7.16
-1.29904,2.75,-7.18
-1.29904,2.75,-7.2
-1.29904,2.75,-7.22
-1.29904,2.75,-7.24
-1.29904,2.75,-7.26
-1.29904,2.75,-7.28
-1.29904,2.75,-7.3
-1.29904,2.75,-7.32
-1.29904,2.75,-7.34
-1.29904,2.75,-7.36
-1.29904,2.75,-7.38
-1.29904,2.75,-7.4
-1.29904,2.75,-7.42
-1.29904,2.75,-7.44
-1.29904,2.75,-7.46
-1.29904,2.75,-7.48
-1.29904,2.75,-7.5
-1.29904,2.75,-7.52
-1.29904,2.75,-7.54
-1.29904,2.75,-7.56
-1.29904,2.75,-7.58
-1.29904,2.75,-7.6
-1.29904,2.75,-7.62
-1.29904,2.75,-7.64
-1.29904,2.75,-7.66
-1.29904,2.75,-7.68
-1.29904,2.75,-7.7
-1.29904,2.75,-7.72
-1.29904,2.75,-7.74
-1.29904,2.75,-7.76
-1.29904,2.75,-7.78
-1.29904,2.75,-7.8
-1.29904,2.75,-7.82
-1.18742,2.88302,-7.84
-1.03704,2.96985,-7.86
-0.866025,3,-7.88
-0.866025,3,-7.9
-0.866025,3,-7.92
-0.866025,3,-7.94
-0.866025,3,-7.96
-0.866025,3,-7.98
-0.866025,3,-8
-0.866025,3,-8.02
-0.866025,3,-8.04
-0.866025,3,-8.06
-0.866025,3,-8.08
-0.866025,3,-8.1
-0.866025,3,-8.12
-0.866025,3,-8.14
-0.866025,3,-8.16
-0.866025,3,-8.18
-0.866025,3,-8.2
-0.866025,3,-8.22
-0.866025,3,-8.24
-0.866025,3,-8.26
-0.866025,3,-8.28
-0.866025,3,-8.3
-0.866025,3,-8.32
-0.866025,3,-8.34
-0.866025,3,-8.36
-0.866025,3,-8.38
-0.866025,3,-8.4
-0.866025,3,-8.42
-0.866025,3,-8.44
-0.866025,3,-8.46
-0.866025,3,-8.48
-0.866025,3,-8.5
-0.866025,3,-8.52
-0.866025,3,-8.54
-0.866025,3,-8.56
-0.866025,3,-8.58
-0.779201,2.9924,-8.6
-0.616025,2.93301,-8.62
-0.483003,2.82139,-8.64
-0.433013,2.75,-8.66
-0.433013,2.75,-8.68
-0.433013,2.75,-8.7
-0.433013,2.75,-8.72
-0.433013,2.75,-8.74
-0.433013,2.75,-8.76
-0.433013,2.75,-8.78
-0.433013,2.75,-8.8
-0.433013,2.75,-8.82
-0.433013,2.75,-8.84
-0.433013,2.75,-8.86
-0.433013,2.75,-8.88
-0.433013,2.75,-8.9
-0.433013,2.75,-8.92
-0.433013,2.75,-8.94
-0.433013,2.75,-8.96
-0.433013,2.75,-8.98
-0.433013,2.75,-9
-0.433013,2.75,-9.02
-0.433013,2.75,-9.04
-0.433013,2.75,-9.06
-0.433013,2.75,-9.08
-0.321394,2.61698,-9.1
-0.17101,2.53015,-9.12
5.94727e-13,2.5,-9.14
0.0868241,2.5076,-9.16
0.25,2.56699,-9.18
0.383022,2.67861,-9.2
0.433013,2.75,-9.22
0.492404,2.91318,-9.24
0.492404,3.08682,-9.26
0.433013,3.25,-9.28
0.383022,3.32139,-9.3
0.25,3.43301,-9.32
0.0868241,3.4924,-9.34
1.38822e-12,3.5,-9.36
1.38822e-12,3.5,-9.38
1.38822e-12,3.5,-9.4
1.38822e-12,3.5,-9.42
1.38822e-12,3.5,-9.44
1.38822e-12,3.5,-9.46
1.38822e-12,3.5,-9.48
1.38822e-12,3.5,-9.5
1.38822e-12,3.5,-9.52
1.38822e-12,3.5,-9.54
1.38822e-12,3.5,-9.56
1.38822e-12,3.5,-9.58
1.38822e-12,3.5,-9.6
1.38822e-12,3.5,-9.62
1.38822e-12,3.5,-9.64
1.38822e-12,3.5,-9.66
1.38822e-12,3.5,-9.68
1.38822e-12,3.5,-9.7
1.38822e-12,3.5,-9.72
1.38822e-12,3.5,-9.74
1.38822e-12,3.5,-9.76
1.38822e-12,3.5,-9.78
1.38822e-12,3.5,-9.8
1.38822e-12,3.5,-9.82
1.38822e-12,3.5,-9.84
-0.0868241,3.4924,-9.86
-0.25,3.43301,-9.88
-0.383022,3.32139,-9.9
-0.433013,3.25,-9.92
-0.492404,3.08682,-9.94
-0.492404,2.91318,-9.96
-0.433013,2.75,-9.98
-0.383022,2.67861,-10
-0.25,2.56699,-10.02
-0.0868241,2.5076,-10.04
5.94727e-13,2.5,-10.06
0.17101,2.53015,-10.08
0.321394,2.61698,-10.1
0.433013,2.75,-10.12
0.433013,2.75,-10.14
0.433013,2.75,-10.16
0.433013,2.75,-10.18
0.433013,2.75,-10.2
0.433013,2.75,-10.22
0.433013,2.75,-10.24
0.433013,2.75,-10.26
0.433013,2.75,-10.28
0.433013,2.75,-10.3
0.433013,2.75,-10.32
0.433013,2.75,-10.34
0.433013,2.75,-10.36
0.433013,2.75,-10.38
0.433013,2.75,-10.4
0.433013,2.75,-10.42
0.433013,2.75,-10.44
0.433013,2.75,-10.46
0.433013,2.75,-10.48
0.433013,2.75,-10.5
0.433013,2.75,-10.52
0.433013,2.75,-10.54
0.483003,2.82139,-10.56
0.616025,2.93301,-10.58
0.779201,2.9924,-10.6
0.866025,3,-10.62
0.866025,3,-10.64
0.866025,3,-10.66
0.866025,3,-10.68
0.866025,3,-10.7
0.866025,3,-10.72
0.866025,3,-10.74
0.866025,3,-10.76
0.866025,3,-10.78
0.866025,3,-10.8
0.866025,3,-10.82
0.866025,3,-10.84
0.866025,3,-10.86
0.866025,3,-10.88
0.866025,3,-10.9
0.866025,3,-10.92
0.866025,3,-10.94
0.866025,3,-10.96
0.866025,3,-10.98
0.866025,3,-11
0.866025,3,-11.02
0.866025,3,-11.04
0.866025,3,-11.06
0.866025,3,-11.08
0.866025,3,-11.1
0.866025,3,-11.12
0.866025,3,-11.14
0.866025,3,-11.16
0.866025,3,-11.18
0.866025,3,-11.2
0.866025,3,-11.22
0.866025,3,-11.24
0.866025,3,-11.26
0.866025,3,-11.28
0.866025,3,-11.3
0.866025,3,-11.32
1.03704,2.96985,-11.34
1.18742,2.88302,-11.36
1.29904,2.75,-11.38
1.29904,2.75,-11.4
1.29904,2.75,-11.42
1.29904,2.75,-11.44
1.29904,2.75,-11.46
1.29904,2.75,-11.48
1.29904,2.75,-11.5
1.29904,2.75,-11.52
1.29904,2.75,-11.54
1.29904,2.75,-11.56
1.29904,2.75,-11.58
1.29904,2.75,-11.6
1.29904,2.75,-11.62
1.29904,2.75,-11.64
1.29904,2.75,-11.66
1.29904,2.75,-11.68
1.29904,2.75,-11.7
1.29904,2.75,-11.72
1.29904,2.75,-11.74
1.29904,2.75,-11.76
1.29904,2.75,-11.78
1.29904,2.75,-11.8
1.29904,2.75,-11.82
1.29904,2.75,-11.84
1.29904,2.75,-11.86
1.29904,2.75,-11.88
1.29904,2.75,-11.9
1.29904,2.75,-11.92
1.29904,2.75,-11.94
1.29904,2.75,-11.96
1.29904,2.75,-11.98
1.29904,2.75,-12
1.29904,2.75,-12.02
1.29904,2.75,-12.04
1.29904,2.75,-12.06
1.29904,2.75,-12.08
1.33587,2.67101,-12.1
1.36603,2.5,-12.12
1.33587,2.32899,-12.14
1.29904,2.25,-12.16
1.29904,2.25,-12.18
1.29904,2.25,-12.2
1.29904,2.25,-12.22
1.29904,2.25,-12.24
1.29904,2.25,-12.26
1.29904,2.25,-12.28
1.29904,2.25,-12.3
1.29904,2.25,-12.32
1.29904,2.25,-12.34
1.29904,2.25,-12.36
1.29904,2.25,-12.38
1.29904,2.25,-12.4
1.29904,2.25,-12.42
1.29904,2.25,-12.44
1.41066,2.38302,-12.46
1.56104,2.46985,-12.48
1.73205,2.5,-12.5
1.73205,2.5,-12.52
1.73205,2.5,-12.54
1.73205,2.5,-12.56
1.73205,2.5,-12.58
1.73205,2.5,-12.6
1.73205,2.5,-12.62
1.73205,2.5,-12.64
1.73205,2.5,-12.66
1.73205,2.5,-12.68
1.73205,2.5,-12.7
1.73205,2.5,-12.72
1.73205,2.5,-12.74
1.73205,2.5,-12.76
1.73205,2.5,-12.78
1.73205,2.5,-12.8
1.73205,2.5,-12.82
1.73205,2.5,-12.84
1.73205,2.5,-12.86
1.73205,2.5,-12.88
1.73205,2.5,-12.9
1.73205,2.5,-12.92
1.73205,2.5,-12.94
1.73205,2.5,-12.96
1.73205,2.5,-12.98
1.73205,2.5,-13
1.73205,2.5,-13.02
1.73205,2.5,-13.04
1.73205,2.5,-13.06
1.73205,2.5,-13.08
1.73205,2.5,-13.1
1.73205,2.5,-13.12
1.73205,2.5,-13.14
1.73205,2.5,-13.16
1.73205,2.5,-13.18
1.73205,2.5,-13.2
1.81887,2.4924,-13.22
1.98205,2.43301,-13.24
2.11507,2.32139,-13.26
2.16506,2.25,-13.28
2.16506,2.25,-13.3
2.16506,2.25,-13.32
2.16506,2.25,-13.34
2.16506,2.25,-13.36
2.16506,2.25,-13.38
2.16506,2.25,-13.4
2.16506,2.25,-13.42
2.16506,2.25,-13.44
2.16506,2.25,-13.46
2.16506,2.25,-13.48
2.16506,2.25,-13.5
2.16506,2.25,-13.52
2.16506,2.25,-13.54
2.16506,2.25,-13.56
2.16506,2.25,-13.58
2.16506,2.25,-13.6
2.16506,2.25,-13.62
2.16506,2.25,-13.64
2.16506,2.25,-13.66
2.16506,2.25,-13.68
2.16506,2.25,-13.7
2.16506,2.25,-13.72
2.16506,2.25,-13.74
2.16506,2.25,-13.76
2.16506,2.25,-13.78
2.16506,2.25,-13.8
2.16506,2.25,-13.82
2.16506,2.25,-13.84
2.16506,2.25,-13.86
2.16506,2.25,-13.88
2.16506,2.25,-13.9
2.16506,2.25,-13.92
2.16506,2.25,-13.94
2.16506,2.25,-13.96
2.16506,2.25,-13.98
2.22445,2.08682,-14
2.22445,1.91318,-14.02
2.16506,1.75,-14.04
2.16506,1.75,-14.06
2.16506,1.75,-14.08
2.16506,1.75,-14.1
2.16506,1.75,-14.12
2.16506,1.75,-14.14
2.16506,1.75,-14.16
2.16506,1.75,-14.18
2.16506,1.75,-14.2
2.16506,1.75,-14.22
2.16506,1.75,-14.24
2.16506,1.75,-14.26
2.16506,1.75,-14.28
2.16506,1.75,-14.3
2.16506,1.75,-14.32
2.16506,1.75,-14.34
2.16506,1.75,-14.36
2.16506,1.75,-14.38
2.16506,1.75,-14.4
2.16506,1.75,-14.42
2.16506,1.75,-14.44
2.16506,1.75,-14.46
2.12823,1.67101,-14.48
2.09808,1.5,-14.5
2.12823,1.32899,-14.52
2.16506,1.25,-14.54
2.27668,1.11698,-14.56
2.42707,1.03015,-14.58
2.59808,1,-14.6
2.6849,1.0076,-14.62
2.84808,1.06699,-14.64
2.9811,1.17861,-14.66
3.03109,1.25,-14.68
3.09048,1.41318,-14.7
3.09048,1.58682,-14.72
3.03109,1.75,-14.74
3.03109,1.75,-14.76
3.03109,1.75,-14.78
3.03109,1.75,-14.8
3.03109,1.75,-14.82
3.03109,1.75,-14.84
3.03109,1.75,-14.86
3.03109,1.75,-14.88
3.03109,1.75,-14.9
3.03109,1.75,-14.92
3.03109,1.75,-14.94
3.03109,1.75,-14.96
3.03109,1.75,-14.98
3.03109,1.75,-15
3.03109,1.75,-15.02
3.03109,1.75,-15.04
3.03109,1.75,-15.06
3.03109,1.75,-15.08
3.03109,1.75,-15.1
3.03109,1.75,-15.12
3.03109,1.75,-15.14
3.03109,1.75,-15.16
3.03109,1.75,-15.18
3.03109,1.75,-15.2
3.03109,1.75,-15.22
3.03109,1.75,-15.24
2.91947,1.88302,-15.26
2.76909,1.96985,-15.28
2.59808,2,-15.3
2.51125,1.9924,-15.32
2.34808,1.93301,-15.34
2.21505,1.82139,-15.36
2.16506,1.75,-15.38
2.10567,1.58682,-15.4
2.10567,1.41318,-15.42
2.16506,1.25,-15.44
2.21505,1.17861,-15.46
2.34808,1.06699,-15.48
2.51125,1.0076,-15.5
2.59808,1,-15.52
2.59808,1,-15.54
2.59808,1,-15.56
2.59808,1,-15.58
2.59808,1,-15.6
2.59808,1,-15.62
2.59808,1,-15.64
2.59808,1,-15.66
2.59808,1,-15.68
2.59808,1,-15.7
2.59808,1,-15.72
2.59808,1,-15.74
2.59808,1,-15.76
2.59808,1,-15.78
2.59808,1,-15.8
2.59808,1,-15.82
2.59808,1,-15.84
2.59808,1,-15.86
2.59808,1,-15.88
2.59808,1,-15.9
2.59808,1,-15.92
2.59808,1,-15.94
2.76909,0.969846,-15.96
2.91947,0.883022,-15.98
3.03109,0.75,-16
3.03109,0.75,-16.02
3.03109,0.75,-16.04
3.03109,0.75,-16.06
3.03109,0.75,-16.08
3.03109,0.75,-16.1
3.03109,0.75,-16.12
3.03109,0.75,-16.14
3.03109,0.75,-16.16
3.03109,0.75,-16.18
3.03109,0.75,-16.2
3.03109,0.75,-16.22
3.03109,0.75,-16.24
3.03109,0.75,-16.26
3.03109,0.75,-16.28
3.03109,0.75,-16.3
3.03109,0.75,-16.32
3.03109,0.75,-16.34
3.03109,0.75,-16.36
3.03109,0.75,-16.38
3.03109,0.75,-16.4
3.03109,0.75,-16.42
3.03109,0.75,-16.44
3.03109,0.75,-16.46
3.03109,0.75,-16.48
3.03109,0.75,-16.5
3.03109,0.75,-16.52
3.03109,0.75,-16.54
3.03109,0.75,-16.56
3.03109,0.75,-16.58
3.03109,0.75,-16.6
3.03109,0.75,-16.62
3.03109,0.75,-16.64
3.03109,0.75,-16.66
3.03109,0.75,-16.68
3.03109,0.75,-16.7
3.06792,0.67101,-16.72
3.09808,0.5,-16.74
3.06792,0.32899,-16.76
3.03109,0.25,-16.78
3.03109,0.25,-16.8
3.03109,0.25,-16.82
3.03109,0.25,-16.84
3.03109,0.25,-16.86
3.03109,0.25,-16.88
3.03109,0.25,-16.9
3.03109,0.25,-16.92
3.03109,0.25,-16.94
3.03109,0.25,-16.96
3.03109,0.25,-16.98
3.03109,0.25,-17
3.03109,0.25,-17.02
3.03109,0.25,-17.04
3.03109,0.25,-17.06
3.03109,0.25,-17.08
3.03109,0.25,-17.1
3.03109,0.25,-17.12
3.03109,0.25,-17.14
3.03109,0.25,-17.16
3.03109,0.25,-17.18
3.03109,0.25,-17.2
3.03109,0.25,-17.22
3.03109,0.25,-17.24
3.03109,0.25,-17.26
3.03109,0.25,-17.28
3.03109,0.25,-17.3
3.03109,0.25,-17.32
3.03109,0.25,-17.34
3.03109,0.25,-17.36
3.03109,0.25,-17.38
3.03109,0.25,-17.4
3.03109,0.25,-17.42
3.03109,0.25,-17.44
3.03109,0.25,-17.46
3.03109,0.25,-17.48
2.91947,0.116978,-17.5
2.76909,0.0301537,-17.52
2.59808,-3.77653e-12,-17.54
2.59808,-3.77653e-12,-17.56
2.59808,-3.77653e-12,-17.58
2.59808,-3.77653e-12,-17.6
2.59808,-3.77653e-12,-17.62
2.59808,-3.77653e-12,-17.64
2.59808,-3.77653e-12,-17.66
2.59808,-3.77653e-12,-17.68
2.59808,-3.77653e-12,-17.7
2.59808,-3.77653e-12,-17.72
2.59808,-3.77653e-12,-17.74
2.59808,-3.77653e-12,-17.76
2.59808,-3.77653e-12,-17.78
2.59808,-3.77653e-12,-17.8
2.59808,-3.77653e-12,-17.82
2.6849,-0.00759612,-17.84
2.84808,-0.0669873,-17.86
2.9811,-0.178606,-17.88
3.03109,-0.25,-17.9
3.03109,-0.25,-17.92
3.03109,-0.25,-17.94
3.03109,-0.25,-17.96
3.03109,-0.25,-17.98
3.03109,-0.25,-18
3.03109,-0.25,-18.02
3.03109,-0.25,-18.04
3.03109,-0.25,-18.06
3.03109,-0.25,-18.08
3.03109,-0.25,-18.1
3.03109,-0.25,-18.12
3.03109,-0.25,-18.14
3.03109,-0.25,-18.16
3.03109,-0.25,-18.18
3.03109,-0.25,-18.2
3.03109,-0.25,-18.22
3.03109,-0.25,-18.24
3.03109,-0.25,-18.26
3.03109,-0.25,-18.28
3.03109,-0.25,-18.3
3.03109,-0.25,-18.32
3.03109,-0.25,-18.34
3.03109,-0.25,-18.36
3.03109,-0.25,-18.38
3.03109,-0.25,-18.4
3.03109,-0.25,-18.42
3.03109,-0.25,-18.44
3.03109,-0.25,-18.46
3.03109,-0.25,-18.48
3.03109,-0.25,-18.5
3.03109,-0.25,-18.52
3.03109,-0.25,-18.54
3.03109,-0.25,-18.56
3.03109,-0.25,-18.58
3.03109,-0.25,-18.6
3.09048,-0.413176,-18.62
3.09048,-0.586824,-18.64
3.03109,-0.75,-18.66
3.03109,-0.75,-18.68
3.03109,-0.75,-18.7
3.03109,-0.75,-18.72
3.03109,-0.75,-18.74
3.03109,-0.75,-18.76
3.03109,-0.75,-18.78
3.03109,-0.75,-18.8
3.03109,-0.75,-18.82
3.03109,-0.75,-18.84
3.03109,-0.75,-18.86
3.03109,-0.75,-18.88
3.03109,-0.75,-18.9
3.03109,-0.75,-18.92
3.03109,-0.75,-18.94
3.03109,-0.75,-18.96
3.03109,-0.75,-18.98
3.03109,-0.75,-19
3.03109,-0.75,-19.02
3.03109,-0.75,-19.04
3.03109,-0.75,-19.06
3.03109,-0.75,-19.08
3.03109,-0.75,-19.1
3.03109,-0.75,-19.12
3.03109,-0.75,-19.14
3.03109,-0.75,-19.16
3.03109,-0.75,-19.18
3.03109,-0.75,-19.2
3.03109,-0.75,-19.22
3.03109,-0.75,-19.24
3.03109,-0.75,-19.26
3.03109,-0.75,-19.28
3.03109,-0.75,-19.3
3.03109,-0.75,-19.32
3.03109,-0.75,-19.34
3.03109,-0.75,-19.36
2.9811,-0.821394,-19.38
2.84808,-0.933013,-19.4
2.6849,-0.992404,-19.42
2.59808,-1,-19.44
2.59808,-1,-19.46
2.59808,-1,-19.48
2.59808,-1,-19.5
2.59808,-1,-19.52
2.59808,-1,-19.54
2.59808,-1,-19.56
2.59808,-1,-19.58
2.59808,-1,-19.6
2.59808,-1,-19.62
2.59808,-1,-19.64
2.59808,-1,-19.66
2.59808,-1,-19.68
2.59808,-1,-19.7
2.59808,-1,-19.72
2.59808,-1,-19.74
2.59808,-1,-19.76
2.59808,-1,-19.78
2.59808,-1,-19.8
2.59808,-1,-19.82
2.59808,-1,-19.84
2.59808,-1,-19.86
2.42707,-1.03015,-19.88
2.27668,-1.11698,-19.9
2.16506,-1.25,-19.92
2.12823,-1.32899,-19.94
2.09808,-1.5,-19.96
2.12823,-1.67101,-19.98
2.16506,-1.75,-20
2.27668,-1.88302,-20.02
2.42707,-1.96985,-20.04
2.59808,-2,-20.06
2.6849,-1.9924,-20.08
2.84808,-1.93301,-20.1
2.9811,-1.82139,-20.12
3.03109,-1.75,-20.14
3.03109,-1.75,-20.16
3.03109,-1.75,-20.18
3.03109,-1.75,-20.2
3.03109,-1.75,-20.22
3.03109,-1.75,-20.24
3.03109,-1.75,-20.26
3.03109,-1.75,-20.28
3.03109,-1.75,-20.3
3.03109,-1.75,-20.32
3.03109,-1.75,-20.34
3.03109,-1.75,-20.36
3.03109,-1.75,-20.38
3.03109,-1.75,-20.4
3.03109,-1.75,-20.42
3.03109,-1.75,-20.44
3.03109,-1.75,-20.46
3.03109,-1.75,-20.48
3.03109,-1.75,-20.5
3.03109,-1.75,-20.52
3.03109,-1.75,-20.54
3.03109,-1.75,-20.56
3.03109,-1.75,-20.58
3.03109,-1.75,-20.6
3.03109,-1.75,-20.62
3.06792,-1.67101,-20.64
3.09808,-1.5,-20.66
3.06792,-1.32899,-20.68
3.03109,-1.25,-20.7
2.91947,-1.11698,-20.72
2.76909,-1.03015,-20.74
2.59808,-1,-20.76
2.51125,-1.0076,-20.78
2.34808,-1.06699,-20.8
2.21505,-1.17861,-20.82
2.16506,-1.25,-20.84
2.10567,-1.41318,-20.86
2.10567,-1.58682,-20.88
2.16506,-1.75,-20.9
2.16506,-1.75,-20.92
2.16506,-1.75,-20.94
2.16506,-1.75,-20.96
2.16506,-1.75,-20.98
2.16506,-1.75,-21
2.16506,-1.75,-21.02
2.16506,-1.75,-21.04
2.16506,-1.75,-21.06
2.16506,-1.75,-21.08
2.16506,-1.75,-21.1
2.16506,-1.75,-21.12
2.16506,-1.75,-21.14
2.16506,-1.75,-21.16
2.16506,-1.75,-21.18
2.16506,-1.75,-21.2
2.16506,-1.75,-21.22
2.16506,-1.75,-21.24
2.16506,-1.75,-21.26
2.16506,-1.75,-21.28
2.16506,-1.75,-21.3
2.16506,-1.75,-21.32
2.2019,-1.82899,-21.34
2.23205,-2,-21.36
2.2019,-2.17101,-21.38
2.16506,-2.25,-21.4
2.16506,-2.25,-21.42
2.16506,-2.25,-21.44
2.16506,-2.25,-21.46
2.16506,-2.25,-21.48
2.16506,-2.25,-21.5
2.16506,-2.25,-21.52
2.16506,-2.25,-21.54
2.16506,-2.25,-21.56
2.16506,-2.25,-21.58
2.16506,-2.25,-21.6
2.16506,-2.25,-21.62
2.16506,-2.25,-21.64
2.16506,-2.25,-21.66
2.16506,-2.25,-21.68
2.16506,-2.25,-21.7
2.16506,-2.25,-21.72
2.16506,-2.25,-21.74
2.16506,-2.25,-21.76
2.16506,-2.25,-21.78
2.16506,-2.25,-21.8
2.16506,-2.25,-21.82
2.16506,-2.25,-21.84
2.16506,-2.25,-21.86
2.16506,-2.25,-21.88
2.16506,-2.25,-21.9
2.16506,-2.25,-21.92
2.16506,-2.25,-21.94
2.16506,-2.25,-21.96
2.16506,-2.25,-21.98
2.16506,-2.25,-22
2.16506,-2.25,-22.02
2.16506,-2.25,-22.04
2.16506,-2.25,-22.06
2.16506,-2.25,-22.08
2.16506,-2.25,-22.1
2.05344,-2.38302,-22.12
1.90306,-2.46985,-22.14
1.73205,-2.5,-22.16
1.73205,-2.5,-22.18
1.73205,-2.5,-22.2
1.73205,-2.5,-22.22
1.73205,-2.5,-22.24
1.73205,-2.5,-22.26
1.73205,-2.5,-22.28
1.73205,-2.5,-22.3
1.73205,-2.5,-22.32
1.73205,-2.5,-22.34
1.73205,-2.5,-22.36
1.73205,-2.5,-22.38
1.73205,-2.5,-22.4
1.73205,-2.5,-22.42
1.73205,-2.5,-22.44
1.73205,-2.5,-22.46
1.73205,-2.5,-22.48
1.73205,-2.5,-22.5
1.73205,-2.5,-22.52
1.73205,-2.5,-22.54
1.73205,-2.5,-22.56
1.73205,-2.5,-22.58
1.73205,-2.5,-22.6
1.73205,-2.5,-22.62
1.73205,-2.5,-22.64
1.73205,-2.5,-22.66
1.73205,-2.5,-22.68
1.73205,-2.5,-22.7
1.73205,-2.5,-22.72
1.73205,-2.5,-22.74
1.73205,-2.5,-22.76
1.73205,-2.5,-22.78
1.73205,-2.5,-22.8
1.73205,-2.5,-22.82
1.73205,-2.5,-22.84
1.73205,-2.5,-22.86
1.64523,-2.4924,-22.88
1.48205,-2.43301,-22.9
1.34903,-2.32139,-22.92
1.29904,-2.25,-22.94
1.29904,-2.25,-22.96
1.29904,-2.25,-22.98
1.29904,-2.25,-23
1.29904,-2.25,-23.02
1.29904,-2.25,-23.04
1.29904,-2.25,-23.06
1.29904,-2.25,-23.08
1.29904,-2.25,-23.1
1.29904,-2.25,-23.12
1.29904,-2.25,-23.14
1.29904,-2.25,-23.16
1.29904,-2.25,-23.18
1.29904,-2.25,-23.2
1.29904,-2.25,-23.22
1.35843,-2.41318,-23.24
1.35843,-2.58682,-23.26
1.29904,-2.75,-23.28
1.29904,-2.75,-23.3
1.29904,-2.75,-23.32
1.29904,-2.75,-23.34
1.29904,-2.75,-23.36
1.29904,-2.75,-23.38
1.29904,-2.75,-23.4
1.29904,-2.75,-23.42
1.29904,-2.75,-23.44
1.29904,-2.75,-23.46
1.29904,-2.75,-23.48
1.29904,-2.75,-23.5
1.29904,-2.75,-23.52
1.29904,-2.75,-23.54
1.29904,-2.75,-23.56
1.29904,-2.75,-23.58
1.29904,-2.75,-23.6
1.29904,-2.75,-23.62
1.29904,-2.75,-23.64
1.29904,-2.75,-23.66
1.29904,-2.75,-23.68
1.29904,-2.75,-23.7
1.29904,-2.75,-23.72
1.29904,-2.75,-23.74
1.29904,-2.75,-23.76
1.29904,-2.75,-23.78
1.29904,-2.75,-23.8
1.29904,-2.75,-23.82
1.29904,-2.75,-23.84
1.29904,-2.75,-23.86
1.29904,-2.75,-23.88
1.29904,-2.75,-23.9
1.29904,-2.75,-23.92
1.29904,-2.75,-23.94
1.29904,-2.75,-23.96
1.29904,-2.75,-23.98
1.24905,-2.82139,-24
1.11603,-2.93301,-24.02
0.952849,-2.9924,-24.04
0.866025,-3,-24.06
0.866025,-3,-24.08
0.866025,-3,-24.1
0.866025,-3,-24.12
0.866025,-3,-24.14
0.866025,-3,-24.16
0.866025,-3,-24.18
0.866025,-3,-24.2
0.866025,-3,-24.22
0.866025,-3,-24.24
0.866025,-3,-24.26
0.866025,-3,-24.28
0.866025,-3,-24.3
0.866025,-3,-24.32
0.866025,-3,-24.34
0.866025,-3,-24.36
0.866025,-3,-24.38
0.866025,-3,-24.4
0.866025,-3,-24.42
0.866025,-3,-24.44
0.866025,-3,-24.46
0.866025,-3,-24.48
0.866025,-3,-24.5
0.866025,-3,-24.52
0.866025,-3,-24.54
0.866025,-3,-24.56
0.866025,-3,-24.58
0.866025,-3,-24.6
0.866025,-3,-24.62
0.866025,-3,-24.64
0.866025,-3,-24.66
0.866025,-3,-24.68
0.866025,-3,-24.7
0.866025,-3,-24.72
0.866025,-3,-24.74
0.866025,-3,-24.76
0.695015,-2.96985,-24.78
0.544632,-2.88302,-24.8
0.433013,-2.75,-24.82
0.433013,-2.75,-24.84
0.433013,-2.75,-24.86
0.433013,-2.75,-24.88
0.433013,-2.75,-24.9
0.433013,-2.75,-24.92
0.433013,-2.75,-24.94
0.433013,-2.75,-24.96
0.433013,-2.75,-24.98
