-3.03109,-1.75,14.98
-3.03109,-1.75,14.96
-3.03109,-1.75,14.94
-3.03109,-1.75,14.92
-3.03109,-1.75,14.9
-3.03109,-1.75,14.88
-3.03109,-1.75,14.86
-3.03109,-1.75,14.84
-3.03109,-1.75,14.82
-3.03109,-1.75,14.8
-2.9811,-1.82139,14.78
-2.84808,-1.93301,14.76
-2.6849,-1.9924,14.74
-2.59808,-2,14.72
-2.42707,-1.96985,14.7
-2.27668,-1.88302,14.68
-2.16506,-1.75,14.66
-2.12823,-1.67101,14.64
-2.09808,-1.5,14.62
-2.12823,-1.32899,14.6
-2.16506,-1.25,14.58
-2.27668,-1.11698,14.56
-2.42707,-1.03015,14.54
-2.59808,-1,14.52
-2.59808,-1,14.5
-2.59808,-1,14.48
-2.59808,-1,14.46
-2.59808,-1,14.44
-2.59808,-1,14.42
-2.59808,-1,14.4
-2.59808,-1,14.38
-2.59808,-1,14.36
-2.59808,-1,14.34
-2.59808,-1,14.32
-2.59808,-1,14.3
-2.59808,-1,14.28
-2.59808,-1,14.26
-2.59808,-1,14.24
-2.59808,-1,14.22
-2.59808,-1,14.2
-2.59808,-1,14.18
-2.59808,-1,14.16
-2.59808,-1,14.14
-2.59808,-1,14.12
-2.59808,-1,14.1
-2.6849,-0.992404,14.08
-2.84808,-0.933013,14.06
-2.9811,-0.821394,14.04
-3.03109,-0.75,14.02
-3.03109,-0.75,14
-3.03109,-0.75,13.98
-3.03109,-0.75,13.96
-3.03109,-0.75,13.94
-3.03109,-0.75,13.92
-3.03109,-0.75,13.9
-3.03109,-0.75,13.88
-3.03109,-0.75,13.86
-3.03109,-0.75,13.84
-3.03109,-0.75,13.82
-3.03109,-0.75,13.8
-3.03109,-0.75,13.78
-3.03109,-0.75,13.76
-3.03109,-0.75,13.74
-3.03109,-0.75,13.72
-3.03109,-0.75,13.7
-3.03109,-0.75,13.68
-3.03109,-0.75,13.66
-3.03109,-0.75,13.64
-3.03109,-0.75,13.62
-3.03109,-0.75,13.6
-3.03109,-0.75,13.58
-3.03109,-0.75,13.56
-3.03109,-0.75,13.54
-3.03109,-0.75,13.52
-3.03109,-0.75,13.5
-3.03109,-0.75,13.48
-3.03109,-0.75,13.46
-3.03109,-0.75,13.44
-3.03109,-0.75,13.42
-3.03109,-0.75,13.4
-3.03109,-0.75,13.38
-3.03109,-0.75,13.36
-3.03109,-0.75,13.34
-3.03109,-0.75,13.32
-3.09048,-0.586824,13.3
-3.09048,-0.413176,13.28
-3.03109,-0.25,13.26
-3.03109,-0.25,13.24
-3.03109,-0.25,13.22
-3.03109,-0.25,13.2
-3.03109,-0.25,13.18
-3.03109,-0.25,13.16
-3.03109,-0.25,13.14
-3.03109,-0.25,13.12
-3.03109,-0.25,13.1
-3.03109,-0.25,13.08
-3.03109,-0.25,13.06
-3.03109,-0.25,13.04
-3.03109,-0.25,13.02
-3.03109,-0.25,13
-3.03109,-0.25,12.98
-3.03109,-0.25,12.96
-3.03109,-0.25,12.94
-3.03109,-0.25,12.92
-3.03109,-0.25,12.9
-3.03109,-0.25,12.88
-3.03109,-0.25,12.86
-3.03109,-0.25,12.84
-3.03109,-0.25,12.82
-3.03109,-0.25,12.8
-3.03109,-0.25,12.78
-3.03109,-0.25,12.76
-3.03109,-0.25,12.74
-3.03109,-0.25,12.72
-3.03109,-0.25,12.7
-3.03109,-0.25,12.68
-3.03109,-0.25,12.66
-3.03109,-0.25,12.64
-3.03109,-0.25,12.62
-3.03109,-0.25,12.6
-3.03109,-0.25,12.58
-3.03109,-0.25,12.56
-2.9811,-0.178606,12.54
-2.84808,-0.0669873,12.52
-2.6849,-0.00759612,12.5
-2.59808,1.71663e-12,12.48
-2.59808,1.71663e-12,12.46
-2.59808,1.71663e-12,12.44
-2.59808,1.71663e-12,12.42
-2.59808,1.71663e-12,12.4
-2.59808,1.71663e-12,12.38
-2.59808,1.71663e-12,12.36
-2.59808,1.71663e-12,12.34
-2.59808,1.71663e-12,12.32
-2.59808,1.71663e-12,12.3
-2.59808,1.71663e-12,12.28
-2.59808,1.71663e-12,12.26
-2.59808,1.71663e-12,12.24
-2.59808,1.71663e-12,12.22
-2.59808,1.71663e-12,12.2
-2.76909,0.0301537,12.18
-2.91947,0.116978,12.16
-3.03109,0.25,12.14
-3.03109,0.25,12.12
-3.03109,0.25,12.1
-3.03109,0.25,12.08
-3.03109,0.25,12.06
-3.03109,0.25,12.04
-3.03109,0.25,12.02
-3.03109,0.25,12
-3.03109,0.25,11.98
-3.03109,0.25,11.96
-3.03109,0.25,11.94
-3.03109,0.25,11.92
-3.03109,0.25,11.9
-3.03109,0.25,11.88
-3.03109,0.25,11.86
-3.03109,0.25,11.84
-3.03109,0.25,11.82
-3.03109,0.25,11.8
-3.03109,0.25,11.78
-3.03109,0.25,11.76
-3.03109,0.25,11.74
-3.03109,0.25,11.72
-3.03109,0.25,11.7
-3.03109,0.25,11.68
-3.03109,0.25,11.66
-3.03109,0.25,11.64
-3.03109,0.25,11.62
-3.03109,0.25,11.6
-3.03109,0.25,11.58
-3.03109,0.25,11.56
-3.03109,0.25,11.54
-3.03109,0.25,11.52
-3.03109,0.25,11.5
-3.03109,0.25,11.48
-3.03109,0.25,11.46
-3.03109,0.25,11.44
-3.06792,0.32899,11.42
-3.09808,0.5,11.4
-3.06792,0.67101,11.38
-3.03109,0.75,11.36
-3.03109,0.75,11.34
-3.03109,0.75,11.32
-3.03109,0.75,11.3
-3.03109,0.75,11.28
-3.03109,0.75,11.26
-3.03109,0.75,11.24
-3.03109,0.75,11.22
-3.03109,0.75,11.2
-3.03109,0.75,11.18
-3.03109,0.75,11.16
-3.03109,0.75,11.14
-3.03109,0.75,11.12
-3.03109,0.75,11.1
-3.03109,0.75,11.08
-3.03109,0.75,11.06
-3.03109,0.75,11.04
-3.03109,0.75,11.02
-3.03109,0.75,11
-3.03109,0.75,10.98
-3.03109,0.75,10.96
-3.03109,0.75,10.94
-3.03109,0.75,10.92
-3.03109,0.75,10.9
-3.03109,0.75,10.88
-3.03109,0.75,10.86
-3.03109,0.75,10.84
-3.03109,0.75,10.82
-3.03109,0.75,10.8
-3.03109,0.75,10.78
-3.03109,0.75,10.76
-3.03109,0.75,10.74
-3.03109,0.75,10.72
-3.03109,0.75,10.7
-3.03109,0.75,10.68
-3.03109,0.75,10.66
-2.91947,0.883022,10.64
-2.76909,0.969846,10.62
-2.59808,1,10.6
-2.59808,1,10.58
-2.59808,1,10.56
-2.59808,1,10.54
-2.59808,1,10.52
-2.59808,1,10.5
-2.59808,1,10.48
-2.59808,1,10.46
-2.59808,1,10.44
-2.59808,1,10.42
-2.59808,1,10.4
-2.59808,1,10.38
-2.59808,1,10.36
-2.59808,1,10.34
-2.59808,1,10.32
-2.59808,1,10.3
-2.59808,1,10.28
-2.59808,1,10.26
-2.59808,1,10.24
-2.59808,1,10.22
-2.59808,1,10.2
-2.59808,1,10.18
-2.51125,1.0076,10.16
-2.34808,1.06699,10.14
-2.21505,1.17861,10.12
-2.16506,1.25,10.1
-2.10567,1.41318,10.08
-2.10567,1.58682,10.06
-2.16506,1.75,10.04
-2.21505,1.82139,10.02
-2.34808,1.93301,10
-2.51125,1.9924,9.98
-2.59808,2,9.96
-2.76909,1.96985,9.94
-2.91947,1.88302,9.92
-3.03109,1.75,9.9
-3.03109,1.75,9.88
-3.03109,1.75,9.86
-3.03109,1.75,9.84
-3.03109,1.75,9.82
-3.03109,1.75,9.8
-3.03109,1.75,9.78
-3.03109,1.75,9.76
-3.03109,1.75,9.74
-3.03109,1.75,9.72
-3.03109,1.75,9.7
-3.03109,1.75,9.68
-3.03109,1.75,9.66
-3.03109,1.75,9.64
-3.03109,1.75,9.62
-3.03109,1.75,9.6
-3.03109,1.75,9.58
-3.03109,1.75,9.56
-3.03109,1.75,9.54
-3.03109,1.75,9.52
-3.03109,1.75,9.5
-3.03109,1.75,9.48
-3.03109,1.75,9.46
-3.03109,1.75,9.44
-3.03109,1.75,9.42
-3.03109,1.75,9.4
-3.09048,1.58682,9.38
-3.09048,1.41318,9.36
-3.03109,1.25,9.34
-2.9811,1.17861,9.32
-2.84808,1.06699,9.3
-2.6849,1.0076,9.28
-2.59808,1,9.26
-2.42707,1.03015,9.24
-2.27668,1.11698,9.22
-2.16506,1.25,9.2
-2.12823,1.32899,9.18
-2.09808,1.5,9.16
-2.12823,1.67101,9.14
-2.16506,1.75,9.12
-2.16506,1.75,9.1
-2.16506,1.75,9.08
-2.16506,1.75,9.06
-2.16506,1.75,9.04
-2.16506,1.75,9.02
-2.16506,1.75,9
-2.16506,1.75,8.98
-2.16506,1.75,8.96
-2.16506,1.75,8.94
-2.16506,1.75,8.92
-2.16506,1.75,8.9
-2.16506,1.75,8.88
-2.16506,1.75,8.86
-2.16506,1.75,8.84
-2.16506,1.75,8.82
-2.16506,1.75,8.8
-2.16506,1.75,8.78
-2.16506,1.75,8.76
-2.16506,1.75,8.74
-2.16506,1.75,8.72
-2.16506,1.75,8.7
-2.22445,1.91318,8.68
-2.22445,2.08682,8.66
-2.16506,2.25,8.64
-2.16506,2.25,8.62
-2.16506,2.25,8.6
-2.16506,2.25,8.58
-2.16506,2.25,8.56
-2.16506,2.25,8.54
-2.16506,2.25,8.52
-2.16506,2.25,8.5
-2.16506,2.25,8.48
-2.16506,2.25,8.46
-2.16506,2.25,8.44
-2.16506,2.25,8.42
-2.16506,2.25,8.4
-2.16506,2.25,8.38
-2.16506,2.25,8.36
-2.16506,2.25,8.34
-2.16506,2.25,8.32
-2.16506,2.25,8.3
-2.16506,2.25,8.28
-2.16506,2.25,8.26
-2.16506,2.25,8.24
-2.16506,2.25,8.22
-2.16506,2.25,8.2
-2.16506,2.25,8.18
-2.16506,2.25,8.16
-2.16506,2.25,8.14
-2.16506,2.25,8.12
-2.16506,2.25,8.1
-2.16506,2.25,8.08
-2.16506,2.25,8.06
-2.16506,2.25,8.04
-2.16506,2.25,8.02
-2.16506,2.25,8
-2.16506,2.25,7.98
-2.16506,2.25,7.96
-2.16506,2.25,7.94
-2.11507,2.32139,7.92
-1.98205,2.43301,7.9
-1.81887,2.4924,7.88
-1.73205,2.5,7.86
-1.73205,2.5,7.84
-1.73205,2.5,7.82
-1.73205,2.5,7.8
-1.73205,2.5,7.78
-1.73205,2.5,7.76
-1.73205,2.5,7.74
-1.73205,2.5,7.72
-1.73205,2.5,7.7
-1.73205,2.5,7.68
-1.73205,2.5,7.66
-1.73205,2.5,7.64
-1.73205,2.5,7.62
-1.73205,2.5,7.6
-1.73205,2.5,7.58
-1.73205,2.5,7.56
-1.73205,2.5,7.54
-1.73205,2.5,7.52
-1.73205,2.5,7.5
-1.73205,2.5,7.48
-1.73205,2.5,7.46
-1.73205,2.5,7.44
-1.73205,2.5,7.42
-1.73205,2.5,7.4
-1.73205,2.5,7.38
-1.73205,2.5,7.36
-1.73205,2.5,7.34
-1.73205,2.5,7.32
-1.73205,2.5,7.3
-1.73205,2.5,7.28
-1.73205,2.5,7.26
-1.73205,2.5,7.24
-1.73205,2.5,7.22
-1.73205,2.5,7.2
-1.73205,2.5,7.18
-1.73205,2.5,7.16
-1.56104,2.46985,7.14
-1.41066,2.38302,7.12
-1.29904,2.25,7.1
-1.29904,2.25,7.08
-1.29904,2.25,7.06
-1.29904,2.25,7.04
-1.29904,2.25,7.02
-1.29904,2.25,7
-1.29904,2.25,6.98
-1.29904,2.25,6.96
-1.29904,2.25,6.94
-1.29904,2.25,6.92
-1.29904,2.25,6.9
-1.29904,2.25,6.88
-1.29904,2.25,6.86
-1.29904,2.25,6.84
-1.29904,2.25,6.82
-1.33587,2.32899,6.8
-1.36603,2.5,6.78
-1.33587,2.67101,6.76
-1.29904,2.75,6.74
-1.29904,2.75,6.72
-1.29904,2.75,6.7
-1.29904,2.75,6.68
-1.29904,2.75,6.66
-1.29904,2.75,6.64
-1.29904,2.75,6.62
-1.29904,2.75,6.6
-1.29904,2.75,6.58
-1.29904,2.75,6.56
-1.29904,2.75,6.54
-1.29904,2.75,6.52
-1.29904,2.75,6.5
-1.29904,2.75,6.48
-1.29904,2.75,6.46
-1.29904,2.75,6.44
-1.29904,2.75,6.42
-1.29904,2.75,6.4
-1.29904,2.75,6.38
-1.29904,2.75,6.36
-1.29904,2.75,6.34
-1.29904,2.75,6.32
-1.29904,2.75,6.3
-1.29904,2.75,6.28
-1.29904,2.75,6.26
-1.29904,2.75,6.24
-1.29904,2.75,6.22
-1.29904,2.75,6.2
-1.29904,2.75,6.18
-1.29904,2.75,6.16
-1.29904,2.75,6.14
-1.29904,2.75,6.12
-1.29904,2.75,6.1
-1.29904,2.75,6.08
-1.29904,2.75,6.06
-1.29904,2.75,6.04
-1.18742,2.88302,6.02
-1.03704,2.96985,6
-0.866025,3,5.98
-0.866025,3,5.96
-0.866025,3,5.94
-0.866025,3,5.92
-0.866025,3,5.9
-0.866025,3,5.88
-0.866025,3,5.86
-0.866025,3,5.84
-0.866025,3,5.82
-0.866025,3,5.8
-0.866025,3,5.78
-0.866025,3,5.76
-0.866025,3,5.74
-0.866025,3,5.72
-0.866025,3,5.7
-0.866025,3,5.68
-0.866025,3,5.66
-0.866025,3,5.64
-0.866025,3,5.62
-0.866025,3,5.6
-0.866025,3,5.58
-0.866025,3,5.56
-0.866025,3,5.54
-0.866025,3,5.52
-0.866025,3,5.5
-0.866025,3,5.48
-0.866025,3,5.46
-0.866025,3,5.44
-0.866025,3,5.42
-0.866025,3,5.4
-0.866025,3,5.38
-0.866025,3,5.36
-0.866025,3,5.34
-0.866025,3,5.32
-0.866025,3,5.3
-0.866025,3,5.28
-0.779201,2.9924,5.26
-0.616025,2.93301,5.24
-0.483003,2.82139,5.22
-0.433013,2.75,5.2
-0.433013,2.75,5.18
-0.433013,2.75,5.16
-0.433013,2.75,5.14
-0.433013,2.75,5.12
-0.433013,2.75,5.1
-0.433013,2.75,5.08
-0.433013,2.75,5.06
-0.433013,2.75,5.04
-0.433013,2.75,5.02
-0.433013,2.75,5
-0.433013,2.75,4.98
-0.433013,2.75,4.96
-0.433013,2.75,4.94
-0.433013,2.75,4.92
-0.433013,2.75,4.9
-0.433013,2.75,4.88
-0.433013,2.75,4.86
-0.433013,2.75,4.84
-0.433013,2.75,4.82
-0.433013,2.75,4.8
-0.433013,2.75,4.78
-0.321394,2.61698,4.76
-0.17101,2.53015,4.74
5.94727e-13,2.5,4.72
0.0868241,2.5076,4.7
0.25,2.56699,4.68
0.383022,2.67861,4.66
0.433013,2.75,4.64
0.492404,2.91318,4.62
0.492404,3.08682,4.6
0.433013,3.25,4.58
0.383022,3.32139,4.56
0.25,3.43301,4.54
0.0868241,3.4924,4.52
1.38822e-12,3.5,4.5
1.38822e-12,3.5,4.48
1.38822e-12,3.5,4.46
1.38822e-12,3.5,4.44
1.38822e-12,3.5,4.42
1.38822e-12,3.5,4.4
1.38822e-12,3.5,4.38
1.38822e-12,3.5,4.36
1.38822e-12,3.5,4.34
1.38822e-12,3.5,4.32
1.38822e-12,3.5,4.3
1.38822e-12,3.5,4.28
1.38822e-12,3.5,4.26
1.38822e-12,3.5,4.24
1.38822e-12,3.5,4.22
1.38822e-12,3.5,4.2
1.38822e-12,3.5,4.18
1.38822e-12,3.5,4.16
1.38822e-12,3.5,4.14
1.38822e-12,3.5,4.12
1.38822e-12,3.5,4.1
1.38822e-12,3.5,4.08
1.38822e-12,3.5,4.06
1.38822e-12,3.5,4.04
1.38822e-12,3.5,4.02
-0.0868241,3.4924,4
-0.25,3.43301,3.98
-0.383022,3.32139,3.96
-0.433013,3.25,3.94
-0.492404,3.08682,3.92
-0.492404,2.91318,3.9
-0.433013,2.75,3.88
-0.383022,2.67861,3.86
-0.25,2.56699,3.84
-0.0868241,2.5076,3.82
5.94727e-13,2.5,3.8
0.17101,2.53015,3.78
0.321394,2.61698,3.76
0.433013,2.75,3.74
0.433013,2.75,3.72
0.433013,2.75,3.7
0.433013,2.75,3.68
0.433013,2.75,3.66
0.433013,2.75,3.64
0.433013,2.75,3.62
0.433013,2.75,3.6
0.433013,2.75,3.58
0.433013,2.75,3.56
0.433013,2.75,3.54
0.433013,2.75,3.52
0.433013,2.75,3.5
0.433013,2.75,3.48
0.433013,2.75,3.46
0.433013,2.75,3.44
0.433013,2.75,3.42
0.433013,2.75,3.4
0.433013,2.75,3.38
0.433013,2.75,3.36
0.433013,2.75,3.34
0.433013,2.75,3.32
0.483003,2.82139,3.3
0.616025,2.93301,3.28
0.779201,2.9924,3.26
0.866025,3,3.24
0.866025,3,3.22
0.866025,3,3.2
0.866025,3,3.18
0.866025,3,3.16
0.866025,3,3.14
0.866025,3,3.12
0.866025,3,3.1
0.866025,3,3.08
0.866025,3,3.06
0.866025,3,3.04
0.866025,3,3.02
0.866025,3,3
0.866025,3,2.98
0.866025,3,2.96
0.866025,3,2.94
0.866025,3,2.92
0.866025,3,2.9
0.866025,3,2.88
0.866025,3,2.86
0.866025,3,2.84
0.866025,3,2.82
0.866025,3,2.8
0.866025,3,2.78
0.866025,3,2.76
0.866025,3,2.74
0.866025,3,2.72
0.866025,3,2.7
0.866025,3,2.68
0.866025,3,2.66
0.866025,3,2.64
0.866025,3,2.62
0.866025,3,2.6
0.866025,3,2.58
0.866025,3,2.56
0.866025,3,2.54
1.03704,2.96985,2.52
1.18742,2.88302,2.5
1.29904,2.75,2.48
1.29904,2.75,2.46
1.29904,2.75,2.44
1.29904,2.75,2.42
1.29904,2.75,2.4
1.29904,2.75,2.38
1.29904,2.75,2.36
1.29904,2.75,2.34
1.29904,2.75,2.32
1.29904,2.75,2.3
1.29904,2.75,2.28
1.29904,2.75,2.26
1.29904,2.75,2.24
1.29904,2.75,2.22
1.29904,2.75,2.2
1.29904,2.75,2.18
1.29904,2.75,2.16
1.29904,2.75,2.14
1.29904,2.75,2.12
1.29904,2.75,2.1
1.29904,2.75,2.08
1.29904,2.75,2.06
1.29904,2.75,2.04
1.29904,2.75,2.02
1.29904,2.75,2
1.29904,2.75,1.98
1.29904,2.75,1.96
1.29904,2.75,1.94
1.29904,2.75,1.92
1.29904,2.75,1.9
1.29904,2.75,1.88
1.29904,2.75,1.86
1.29904,2.75,1.84
1.29904,2.75,1.82
1.29904,2.75,1.8
1.29904,2.75,1.78
1.33587,2.67101,1.76
1.36603,2.5,1.74
1.33587,2.32899,1.72
1.29904,2.25,1.7
1.29904,2.25,1.68
1.29904,2.25,1.66
1.29904,2.25,1.64
1.29904,2.25,1.62
1.29904,2.25,1.6
1.29904,2.25,1.58
1.29904,2.25,1.56
1.29904,2.25,1.54
1.29904,2.25,1.52
1.29904,2.25,1.5
1.29904,2.25,1.48
1.29904,2.25,1.46
1.29904,2.25,1.44
1.29904,2.25,1.42
1.41066,2.38302,1.4
1.56104,2.46985,1.38
1.73205,2.5,1.36
1.73205,2.5,1.34
1.73205,2.5,1.32
1.73205,2.5,1.3
1.73205,2.5,1.28
1.73205,2.5,1.26
1.73205,2.5,1.24
1.73205,2.5,1.22
1.73205,2.5,1.2
1.73205,2.5,1.18
1.73205,2.5,1.16
1.73205,2.5,1.14
1.73205,2.5,1.12
1.73205,2.5,1.1
1.73205,2.5,1.08
1.73205,2.5,1.06
1.73205,2.5,1.04
1.73205,2.5,1.02
1.73205,2.5,1
1.73205,2.5,0.98
1.73205,2.5,0.96
1.73205,2.5,0.94
1.73205,2.5,0.92
1.73205,2.5,0.9
1.73205,2.5,0.88
1.73205,2.5,0.86
1.73205,2.5,0.84
1.73205,2.5,0.82
1.73205,2.5,0.8
1.73205,2.5,0.78
1.73205,2.5,0.76
1.73205,2.5,0.74
1.73205,2.5,0.72
1.73205,2.5,0.7
1.73205,2.5,0.68
1.73205,2.5,0.66
1.81887,2.4924,0.64
1.98205,2.43301,0.62
2.11507,2.32139,0.6
2.16506,2.25,0.58
2.16506,2.25,0.56
2.16506,2.25,0.54
2.16506,2.25,0.52
2.16506,2.25,0.5
2.16506,2.25,0.48
2.16506,2.25,0.46
2.16506,2.25,0.44
2.16506,2.25,0.42
2.16506,2.25,0.4
2.16506,2.25,0.38
2.16506,2.25,0.36
2.16506,2.25,0.34
2.16506,2.25,0.32
2.16506,2.25,0.3
2.16506,2.25,0.28
2.16506,2.25,0.26
2.16506,2.25,0.24
2.16506,2.25,0.22
2.16506,2.25,0.2
2.16506,2.25,0.18
2.16506,2.25,0.16
2.16506,2.25,0.14
2.16506,2.25,0.12
2.16506,2.25,0.1
2.16506,2.25,0.08
2.16506,2.25,0.06
2.16506,2.25,0.04
2.16506,2.25,0.02
2.16506,2.25,-4.12829e-14
2.16506,2.25,-0.02
2.16506,2.25,-0.04
2.16506,2.25,-0.06
2.16506,2.25,-0.08
2.16506,2.25,-0.1
2.16506,2.25,-0.12
2.22445,2.08682,-0.14
2.22445,1.91318,-0.16
2.16506,1.75,-0.18
2.16506,1.75,-0.2
2.16506,1.75,-0.22
2.16506,1.75,-0.24
2.16506,1.75,-0.26
2.16506,1.75,-0.28
2.16506,1.75,-0.3
2.16506,1.75,-0.32
2.16506,1.75,-0.34
2.16506,1.75,-0.36
2.16506,1.75,-0.38
2.16506,1.75,-0.4
2.16506,1.75,-0.42
2.16506,1.75,-0.44
2.16506,1.75,-0.46
2.16506,1.75,-0.48
2.16506,1.75,-0.5
2.16506,1.75,-0.52
2.16506,1.75,-0.54
2.16506,1.75,-0.56
2.16506,1.75,-0.58
2.16506,1.75,-0.6
2.12823,1.67101,-0.62
2.09808,1.5,-0.64
2.12823,1.32899,-0.66
2.16506,1.25,-0.68
2.27668,1.11698,-0.7
2.42707,1.03015,-0.72
2.59808,1,-0.74
2.6849,1.0076,-0.76
2.84808,1.06699,-0.78
2.9811,1.17861,-0.8
3.03109,1.25,-0.82
3.09048,1.41318,-0.84
3.09048,1.58682,-0.86
3.03109,1.75,-0.88
3.03109,1.75,-0.9
3.03109,1.75,-0.92
3.03109,1.75,-0.94
3.03109,1.75,-0.96
3.03109,1.75,-0.98
3.03109,1.75,-1
3.03109,1.75,-1.02
3.03109,1.75,-1.04
3.03109,1.75,-1.06
3.03109,1.75,-1.08
3.03109,1.75,-1.1
3.03109,1.75,-1.12
3.03109,1.75,-1.14
3.03109,1.75,-1.16
3.03109,1.75,-1.18
3.03109,1.75,-1.2
3.03109,1.75,-1.22
3.03109,1.75,-1.24
3.03109,1.75,-1.26
3.03109,1.75,-1.28
3.03109,1.75,-1.3
3.03109,1.75,-1.32
3.03109,1.75,-1.34
3.03109,1.75,-1.36
3.03109,1.75,-1.38
2.91947,1.88302,-1.4
2.76909,1.96985,-1.42
2.59808,2,-1.44
2.51125,1.9924,-1.46
2.34808,1.93301,-1.48
2.21505,1.82139,-1.5
2.16506,1.75,-1.52
2.10567,1.58682,-1.54
2.10567,1.41318,-1.56
2.16506,1.25,-1.58
2.21505,1.17861,-1.6
2.34808,1.06699,-1.62
2.51125,1.0076,-1.64
2.59808,1,-1.66
2.59808,1,-1.68
2.59808,1,-1.7
2.59808,1,-1.72
2.59808,1,-1.74
2.59808,1,-1.76
2.59808,1,-1.78
2.59808,1,-1.8
2.59808,1,-1.82
2.59808,1,-1.84
2.59808,1,-1.86
2.59808,1,-1.88
2.59808,1,-1.9
2.59808,1,-1.92
2.59808,1,-1.94
2.59808,1,-1.96
2.59808,1,-1.98
2.59808,1,-2
2.59808,1,-2.02
2.59808,1,-2.04
2.59808,1,-2.06
2.59808,1,-2.08
2.76909,0.969846,-2.1
2.91947,0.883022,-2.12
3.03109,0.75,-2.14
3.03109,0.75,-2.16
3.03109,0.75,-2.18
3.03109,0.75,-2.2
3.03109,0.75,-2.22
3.03109,0.75,-2.24
3.03109,0.75,-2.26
3.03109,0.75,-2.28
3.03109,0.75,-2.3
3.03109,0.75,-2.32
3.03109,0.75,-2.34
3.03109,0.75,-2.36
3.03109,0.75,-2.38
3.03109,0.75,-2.4
3.03109,0.75,-2.42
3.03109,0.75,-2.44
3.03109,0.75,-2.46
3.03109,0.75,-2.48
3.03109,0.75,-2.5
3.03109,0.75,-2.52
3.03109,0.75,-2.54
3.03109,0.75,-2.56
3.03109,0.75,-2.58
3.03109,0.75,-2.6
3.03109,0.75,-2.62
3.03109,0.75,-2.64
3.03109,0.75,-2.66
3.03109,0.75,-2.68
3.03109,0.75,-2.7
3.03109,0.75,-2.72
3.03109,0.75,-2.74
3.03109,0.75,-2.76
3.03109,0.75,-2.78
3.03109,0.75,-2.8
3.03109,0.75,-2.82
3.03109,0.75,-2.84
3.06792,0.67101,-2.86
3.09808,0.5,-2.88
3.06792,0.32899,-2.9
3.03109,0.25,-2.92
3.03109,0.25,-2.94
3.03109,0.25,-2.96
3.03109,0.25,-2.98
3.03109,0.25,-3
3.03109,0.25,-3.02
3.03109,0.25,-3.04
3.03109,0.25,-3.06
3.03109,0.25,-3.08
3.03109,0.25,-3.1
3.03109,0.25,-3.12
3.03109,0.25,-3.14
3.03109,0.25,-3.16
3.03109,0.25,-3.18
3.03109,0.25,-3.2
3.03109,0.25,-3.22
3.03109,0.25,-3.24
3.03109,0.25,-3.26
3.03109,0.25,-3.28
3.03109,0.25,-3.3
3.03109,0.25,-3.32
3.03109,0.25,-3.34
3.03109,0.25,-3.36
3.03109,0.25,-3.38
3.03109,0.25,-3.4
3.03109,0.25,-3.42
3.03109,0.25,-3.44
3.03109,0.25,-3.46
3.03109,0.25,-3.48
3.03109,0.25,-3.5
3.03109,0.25,-3.52
3.03109,0.25,-3.54
3.03109,0.25,-3.56
3.03109,0.25,-3.58
3.03109,0.25,-3.6
3.03109,0.25,-3.62
2.91947,0.116978,-3.64
2.76909,0.0301537,-3.66
2.59808,-3.77653e-12,-3.68
2.59808,-3.77653e-12,-3.7
2.59808,-3.77653e-12,-3.72
2.59808,-3.77653e-12,-3.74
2.59808,-3.77653e-12,-3.76
2.59808,-3.77653e-12,-3.78
2.59808,-3.77653e-12,-3.8
2.59808,-3.77653e-12,-3.82
2.59808,-3.77653e-12,-3.84
2.59808,-3.77653e-12,-3.86
2.59808,-3.77653e-12,-3.88
2.59808,-3.77653e-12,-3.9
2.59808,-3.77653e-12,-3.92
2.59808,-3.77653e-12,-3.94
2.59808,-3.77653e-12,-3.96
2.6849,-0.00759612,-3.98
2.84808,-0.0669873,-4
2.9811,-0.178606,-4.02
3.03109,-0.25,-4.04
3.03109,-0.25,-4.06
3.03109,-0.25,-4.08
3.03109,-0.25,-4.1
3.03109,-0.25,-4.12
3.03109,-0.25,-4.14
3.03109,-0.25,-4.16
3.03109,-0.25,-4.18
3.03109,-0.25,-4.2
3.03109,-0.25,-4.22
3.03109,-0.25,-4.24
3.03109,-0.25,-4.26
3.03109,-0.25,-4.28
3.03109,-0.25,-4.3
3.03109,-0.25,-4.32
3.03109,-0.25,-4.34
3.03109,-0.25,-4.36
3.03109,-0.25,-4.38
3.03109,-0.25,-4.4
3.03109,-0.25,-4.42
3.03109,-0.25,-4.44
3.03109,-0.25,-4.46
3.03109,-0.25,-4.48
3.03109,-0.25,-4.5
3.03109,-0.25,-4.52
3.03109,-0.25,-4.54
3.03109,-0.25,-4.56
3.03109,-0.25,-4.58
3.03109,-0.25,-4.6
3.03109,-0.25,-4.62
3.03109,-0.25,-4.64
3.03109,-0.25,-4.66
3.03109,-0.25,-4.68
3.03109,-0.25,-4.7
3.03109,-0.25,-4.72
3.03109,-0.25,-4.74
3.09048,-0.413176,-4.76
3.09048,-0.586824,-4.78
3.03109,-0.75,-4.8
3.03109,-0.75,-4.82
3.03109,-0.75,-4.84
3.03109,-0.75,-4.86
3.03109,-0.75,-4.88
3.03109,-0.75,-4.9
3.03109,-0.75,-4.92
3.03109,-0.75,-4.94
3.03109,-0.75,-4.96
3.03109,-0.75,-4.98
3.03109,-0.75,-5
3.03109,-0.75,-5.02
3.03109,-0.75,-5.04
3.03109,-0.75,-5.06
3.03109,-0.75,-5.08
3.03109,-0.75,-5.1
3.03109,-0.75,-5.12
3.03109,-0.75,-5.14
3.03109,-0.75,-5.16
3.03109,-0.75,-5.18
3.03109,-0.75,-5.2
3.03109,-0.75,-5.22
3.03109,-0.75,-5.24
3.03109,-0.75,-5.26
3.03109,-0.75,-5.28
3.03109,-0.75,-5.3
3.03109,-0.75,-5.32
3.03109,-0.75,-5.34
3.03109,-0.75,-5.36
3.03109,-0.75,-5.38
3.03109,-0.75,-5.4
3.03109,-0.75,-5.42
3.03109,-0.75,-5.44
3.03109,-0.75,-5.46
3.03109,-0.75,-5.48
3.03109,-0.75,-5.5
2.9811,-0.821394,-5.52
2.84808,-0.933013,-5.54
2.6849,-0.992404,-5.56
2.59808,-1,-5.58
2.59808,-1,-5.6
2.59808,-1,-5.62
2.59808,-1,-5.64
2.59808,-1,-5.66
2.59808,-1,-5.68
2.59808,-1,-5.7
2.59808,-1,-5.72
2.59808,-1,-5.74
2.59808,-1,-5.76
2.59808,-1,-5.78
2.59808,-1,-5.8
2.59808,-1,-5.82
2.59808,-1,-5.84
2.59808,-1,-5.86
2.59808,-1,-5.88
2.59808,-1,-5.9
2.59808,-1,-5.92
2.59808,-1,-5.94
2.59808,-1,-5.96
2.59808,-1,-5.98
2.59808,-1,-6
2.42707,-1.03015,-6.02
2.27668,-1.11698,-6.04
2.16506,-1.25,-6.06
2.12823,-1.32899,-6.08
2.09808,-1.5,-6.1
2.12823,-1.67101,-6.12
2.16506,-1.75,-6.14
2.27668,-1.88302,-6.16
2.42707,-1.96985,-6.18
2.59808,-2,-6.2
2.6849,-1.9924,-6.22
2.84808,-1.93301,-6.24
2.9811,-1.82139,-6.26
3.03109,-1.75,-6.28
3.03109,-1.75,-6.3
3.03109,-1.75,-6.32
3.03109,-1.75,-6.34
3.03109,-1.75,-6.36
3.03109,-1.75,-6.38
3.03109,-1.75,-6.4
3.03109,-1.75,-6.42
3.03109,-1.75,-6.44
3.03109,-1.75,-6.46
3.03109,-1.75,-6.48
3.03109,-1.75,-6.5
3.03109,-1.75,-6.52
3.03109,-1.75,-6.54
3.03109,-1.75,-6.56
3.03109,-1.75,-6.58
3.03109,-1.75,-6.6
3.03109,-1.75,-6.62
3.03109,-1.75,-6.64
3.03109,-1.75,-6.66
3.03109,-1.75,-6.68
3.03109,-1.75,-6.7
3.03109,-1.75,-6.72
3.03109,-1.75,-6.74
3.03109,-1.75,-6.76
3.06792,-1.67101,-6.78
3.09808,-1.5,-6.8
3.06792,-1.32899,-6.82
3.03109,-1.25,-6.84
2.91947,-1.11698,-6.86
2.76909,-1.03015,-6.88
2.59808,-1,-6.9
2.51125,-1.0076,-6.92
2.34808,-1.06699,-6.94
2.21505,-1.17861,-6.96
2.16506,-1.25,-6.98
2.10567,-1.41318,-7
2.10567,-1.58682,-7.02
2.16506,-1.75,-7.04
2.16506,-1.75,-7.06
2.16506,-1.75,-7.08
2.16506,-1.75,-7.1
2.16506,-1.75,-7.12
2.16506,-1.75,-7.14
2.16506,-1.75,-7.16
2.16506,-1.75,-7.18
2.16506,-1.75,-7.2
2.16506,-1.75,-7.22
2.16506,-1.75,-7.24
2.16506,-1.75,-7.26
2.16506,-1.75,-7.28
2.16506,-1.75,-7.3
2.16506,-1.75,-7.32
2.16506,-1.75,-7.34
2.16506,-1.75,-7.36
2.16506,-1.75,-7.38
2.16506,-1.75,-7.4
2.16506,-1.75,-7.42
2.16506,-1.75,-7.44
2.16506,-1.75,-7.46
2.2019,-1.82899,-7.48
2.23205,-2,-7.5
2.2019,-2.17101,-7.52
2.16506,-2.25,-7.54
2.16506,-2.25,-7.56
2.16506,-2.25,-7.58
2.16506,-2.25,-7.6
2.16506,-2.25,-7.62
2.16506,-2.25,-7.64
2.16506,-2.25,-7.66
2.16506,-2.25,-7.68
2.16506,-2.25,-7.7
2.16506,-2.25,-7.72
2.16506,-2.25,-7.74
2.16506,-2.25,-7.76
2.16506,-2.25,-7.78
2.16506,-2.25,-7.8
2.16506,-2.25,-7.82
2.16506,-2.25,-7.84
2.16506,-2.25,-7.86
2.16506,-2.25,-7.88
2.16506,-2.25,-7.9
2.16506,-2.25,-7.92
2.16506,-2.25,-7.94
2.16506,-2.25,-7.96
2.16506,-2.25,-7.98
2.16506,-2.25,-8
2.16506,-2.25,-8.02
2.16506,-2.25,-8.04
2.16506,-2.25,-8.06
2.16506,-2.25,-8.08
2.16506,-2.25,-8.1
2.16506,-2.25,-8.12
2.16506,-2.25,-8.14
2.16506,-2.25,-8.16
2.16506,-2.25,-8.18
2.16506,-2.25,-8.2
2.16506,-2.25,-8.22
2.16506,-2.25,-8.24
2.05344,-2.38302,-8.26
1.90306,-2.46985,-8.28
1.73205,-2.5,-8.3
1.73205,-2.5,-8.32
1.73205,-2.5,-8.34
1.73205,-2.5,-8.36
1.73205,-2.5,-8.38
1.73205,-2.5,-8.4
1.73205,-2.5,-8.42
1.73205,-2.5,-8.44
1.73205,-2.5,-8.46
1.73205,-2.5,-8.48
1.73205,-2.5,-8.5
1.73205,-2.5,-8.52
1.73205,-2.5,-8.54
1.73205,-2.5,-8.56
1.73205,-2.5,-8.58
1.73205,-2.5,-8.6
1.73205,-2.5,-8.62
1.73205,-2.5,-8.64
1.73205,-2.5,-8.66
1.73205,-2.5,-8.68
1.73205,-2.5,-8.7
1.73205,-2.5,-8.72
1.73205,-2.5,-8.74
1.73205,-2.5,-8.76
1.73205,-2.5,-8.78
1.73205,-2.5,-8.8
1.73205,-2.5,-8.82
1.73205,-2.5,-8.84
1.73205,-2.5,-8.86
1.73205,-2.5,-8.88
1.73205,-2.5,-8.9
1.73205,-2.5,-8.92
1.73205,-2.5,-8.94
1.73205,-2.5,-8.96
1.73205,-2.5,-8.98
1.73205,-2.5,-9
1.64523,-2.4924,-9.02
1.48205,-2.43301,-9.04
1.34903,-2.32139,-9.06
1.29904,-2.25,-9.08
1.29904,-2.25,-9.1
1.29904,-2.25,-9.12
1.29904,-2.25,-9.14
1.29904,-2.25,-9.16
1.29904,-2.25,-9.18
1.29904,-2.25,-9.2
1.29904,-2.25,-9.22
1.29904,-2.25,-9.24
1.29904,-2.25,-9.26
1.29904,-2.25,-9.28
1.29904,-2.25,-9.3
1.29904,-2.25,-9.32
1.29904,-2.25,-9.34
1.29904,-2.25,-9.36
1.35843,-2.41318,-9.38
1.35843,-2.58682,-9.4
1.29904,-2.75,-9.42
1.29904,-2.75,-9.44
1.29904,-2.75,-9.46
1.29904,-2.75,-9.48
1.29904,-2.75,-9.5
1.29904,-2.75,-9.52
1.29904,-2.75,-9.54
1.29904,-2.75,-9.56
1.29904,-2.75,-9.58
1.29904,-2.75,-9.6
1.29904,-2.75,-9.62
1.29904,-2.75,-9.64
1.29904,-2.75,-9.66
1.29904,-2.75,-9.68
1.29904,-2.75,-9.7
1.29904,-2.75,-9.72
1.29904,-2.75,-9.74
1.29904,-2.75,-9.76
1.29904,-2.75,-9.78
1.29904,-2.75,-9.8
1.29904,-2.75,-9.82
1.29904,-2.75,-9.84
1.29904,-2.75,-9.86
1.29904,-2.75,-9.88
1.29904,-2.75,-9.9
1.29904,-2.75,-9.92
1.29904,-2.75,-9.94
1.29904,-2.75,-9.96
1.29904,-2.75,-9.98
1.29904,-2.75,-10
1.29904,-2.75,-10.02
1.29904,-2.75,-10.04
1.29904,-2.75,-10.06
1.29904,-2.75,-10.08
1.29904,-2.75,-10.1
1.29904,-2.75,-10.12
1.24905,-2.82139,-10.14
1.11603,-2.93301,-10.16
0.952849,-2.9924,-10.18
0.866025,-3,-10.2
0.866025,-3,-10.22
0.866025,-3,-10.24
0.866025,-3,-10.26
0.866025,-3,-10.28
0.866025,-3,-10.3
0.866025,-3,-10.32
0.866025,-3,-10.34
0.866025,-3,-10.36
0.866025,-3,-10.38
0.866025,-3,-10.4
0.866025,-3,-10.42
0.866025,-3,-10.44
0.866025,-3,-10.46
0.866025,-3,-10.48
0.866025,-3,-10.5
0.866025,-3,-10.52
0.866025,-3,-10.54
0.866025,-3,-10.56
0.866025,-3,-10.58
0.866025,-3,-10.6
0.866025,-3,-10.62
0.866025,-3,-10.64
0.866025,-3,-10.66
0.866025,-3,-10.68
0.866025,-3,-10.7
0.866025,-3,-10.72
0.866025,-3,-10.74
0.866025,-3,-10.76
0.866025,-3,-10.78
0.866025,-3,-10.8
0.866025,-3,-10.82
0.866025,-3,-10.84
0.866025,-3,-10.86
0.866025,-3,-10.88
0.866025,-3,-10.9
0.695015,-2.96985,-10.92
0.544632,-2.88302,-10.94
0.433013,-2.75,-10.96
0.433013,-2.75,-10.98
0.433013,-2.75,-11
0.433013,-2.75,-11.02
0.433013,-2.75,-11.04
0.433013,-2.75,-11.06
0.433013,-2.75,-11.08
0.433013,-2.75,-11.1
0.433013,-2.75,-11.12
0.433013,-2.75,-11.14
0.433013,-2.75,-11.16
0.433013,-2.75,-11.18
0.433013,-2.75,-11.2
0.433013,-2.75,-11.22
0.433013,-2.75,-11.24
0.433013,-2.75,-11.26
0.433013,-2.75,-11.28
0.433013,-2.75,-11.3
0.433013,-2.75,-11.32
0.433013,-2.75,-11.34
0.433013,-2.75,-11.36
0.433013,-2.75,-11.38
0.383022,-2.67861,-11.4
0.25,-2.56699,-11.42
0.0868241,-2.5076,-11.44
-3.37005e-12,-2.5,-11.46
-0.17101,-2.53015,-11.48
-0.321394,-2.61698,-11.5
-0.433013,-2.75,-11.52
-0.469846,-2.82899,-11.54
-0.5,-3,-11.56
-0.469846,-3.17101,-11.58
-0.433013,-3.25,-11.6
-0.321394,-3.38302,-11.62
-0.17101,-3.46985,-11.64
-4.16354e-12,-3.5,-11.66
-4.16354e-12,-3.5,-11.68
-4.16354e-12,-3.5,-11.7
-4.16354e-12,-3.5,-11.72
-4.16354e-12,-3.5,-11.74
-4.16354e-12,-3.5,-11.76
-4.16354e-12,-3.5,-11.78
-4.16354e-12,-3.5,-11.8
-4.16354e-12,-3.5,-11.82
-4.16354e-12,-3.5,-11.84
-4.16354e-12,-3.5,-11.86
-4.16354e-12,-3.5,-11.88
-4.16354e-12,-3.5,-11.9
-4.16354e-12,-3.5,-11.92
-4.16354e-12,-3.5,-11.94
-4.16354e-12,-3.5,-11.96
-4.16354e-12,-3.5,-11.98
-4.16354e-12,-3.5,-12
-4.16354e-12,-3.5,-12.02
-4.16354e-12,-3.5,-12.04
-4.16354e-12,-3.5,-12.06
-4.16354e-12,-3.5,-12.08
-4.16354e-12,-3.5,-12.1
-4.16354e-12,-3.5,-12.12
-4.16354e-12,-3.5,-12.14
-4.16354e-12,-3.5,-12.16
0.17101,-3.46985,-12.18
0.321394,-3.38302,-12.2
0.433013,-3.25,-12.22
0.469846,-3.17101,-12.24
0.5,-3,-12.26
0.469846,-2.82899,-12.28
0.433013,-2.75,-12.3
0.321394,-2.61698,-12.32
0.17101,-2.53015,-12.34
-3.37005e-12,-2.5,-12.36
-0.0868241,-2.5076,-12.38
-0.25,-2.56699,-12.4
-0.383022,-2.67861,-12.42
-0.433013,-2.75,-12.44
-0.433013,-2.75,-12.46
-0.433013,-2.75,-12.48
-0.433013,-2.75,-12.5
-0.433013,-2.75,-12.52
-0.433013,-2.75,-12.54
-0.433013,-2.75,-12.56
-0.433013,-2.75,-12.58
-0.433013,-2.75,-12.6
-0.433013,-2.75,-12.62
-0.433013,-2.75,-12.64
-0.433013,-2.75,-12.66
-0.433013,-2.75,-12.68
-0.433013,-2.75,-12.7
-0.433013,-2.75,-12.72
-0.433013,-2.75,-12.74
-0.433013,-2.75,-12.76
-0.433013,-2.75,-12.78
-0.433013,-2.75,-12.8
-0.433013,-2.75,-12.82
-0.433013,-2.75,-12.84
-0.433013,-2.75,-12.86
-0.544632,-2.88302,-12.88
-0.695015,-2.96985,-12.9
-0.866025,-3,-12.92
-0.866025,-3,-12.94
-0.866025,-3,-12.96
-0.866025,-3,-12.98
-0.866025,-3,-13
-0.866025,-3,-13.02
-0.866025,-3,-13.04
-0.866025,-3,-13.06
-0.866025,-3,-13.08
-0.866025,-3,-13.1
-0.866025,-3,-13.12
-0.866025,-3,-13.14
-0.866025,-3,-13.16
-0.866025,-3,-13.18
-0.866025,-3,-13.2
-0.866025,-3,-13.22
-0.866025,-3,-13.24
-0.866025,-3,-13.26
-0.866025,-3,-13.28
-0.866025,-3,-13.3
-0.866025,-3,-13.32
-0.866025,-3,-13.34
-0.866025,-3,-13.36
-0.866025,-3,-13.38
-0.866025,-3,-13.4
-0.866025,-3,-13.42
-0.866025,-3,-13.44
-0.866025,-3,-13.46
-0.866025,-3,-13.48
-0.866025,-3,-13.5
-0.866025,-3,-13.52
-0.866025,-3,-13.54
-0.866025,-3,-13.56
-0.866025,-3,-13.58
-0.866025,-3,-13.6
-0.866025,-3,-13.62
-0.952849,-2.9924,-13.64
-1.11603,-2.93301,-13.66
-1.24905,-2.82139,-13.68
-1.29904,-2.75,-13.7
-1.29904,-2.75,-13.72
-1.29904,-2.75,-13.74
-1.29904,-2.75,-13.76
-1.29904,-2.75,-13.78
-1.29904,-2.75,-13.8
-1.29904,-2.75,-13.82
-1.29904,-2.75,-13.84
-1.29904,-2.75,-13.86
-1.29904,-2.75,-13.88
-1.29904,-2.75,-13.9
-1.29904,-2.75,-13.92
-1.29904,-2.75,-13.94
-1.29904,-2.75,-13.96
-1.29904,-2.75,-13.98
-1.29904,-2.75,-14
-1.29904,-2.75,-14.02
-1.29904,-2.75,-14.04
-1.29904,-2.75,-14.06
-1.29904,-2.75,-14.08
-1.29904,-2.75,-14.1
-1.29904,-2.75,-14.12
-1.29904,-2.75,-14.14
-1.29904,-2.75,-14.16
-1.29904,-2.75,-14.18
-1.29904,-2.75,-14.2
-1.29904,-2.75,-14.22
-1.29904,-2.75,-14.24
-1.29904,-2.75,-14.26
-1.29904,-2.75,-14.28
-1.29904,-2.75,-14.3
-1.29904,-2.75,-14.32
-1.29904,-2.75,-14.34
-1.29904,-2.75,-14.36
-1.29904,-2.75,-14.38
-1.29904,-2.75,-14.4
-1.35843,-2.58682,-14.42
-1.35843,-2.41318,-14.44
-1.29904,-2.25,-14.46
-1.29904,-2.25,-14.48
-1.29904,-2.25,-14.5
-1.29904,-2.25,-14.52
-1.29904,-2.25,-14.54
-1.29904,-2.25,-14.56
-1.29904,-2.25,-14.58
-1.29904,-2.25,-14.6
-1.29904,-2.25,-14.62
-1.29904,-2.25,-14.64
-1.29904,-2.25,-14.66
-1.29904,-2.25,-14.68
-1.29904,-2.25,-14.7
-1.29904,-2.25,-14.72
-1.29904,-2.25,-14.74
-1.34903,-2.32139,-14.76
-1.48205,-2.43301,-14.78
-1.64523,-2.4924,-14.8
-1.73205,-2.5,-14.82
-1.73205,-2.5,-14.84
-1.73205,-2.5,-14.86
-1.73205,-2.5,-14.88
-1.73205,-2.5,-14.9
-1.73205,-2.5,-14.92
-1.73205,-2.5,-14.94
-1.73205,-2.5,-14.96
-1.73205,-2.5,-14.98
-1.73205,-2.5,-15
-1.73205,-2.5,-15.02
-1.73205,-2.5,-15.04
-1.73205,-2.5,-15.06
-1.73205,-2.5,-15.08
-1.73205,-2.5,-15.1
-1.73205,-2.5,-15.12
-1.73205,-2.5,-15.14
-1.73205,-2.5,-15.16
-1.73205,-2.5,-15.18
-1.73205,-2.5,-15.2
-1.73205,-2.5,-15.22
-1.73205,-2.5,-15.24
-1.73205,-2.5,-15.26
-1.73205,-2.5,-15.28
-1.73205,-2.5,-15.3
-1.73205,-2.5,-15.32
-1.73205,-2.5,-15.34
-1.73205,-2.5,-15.36
-1.73205,-2.5,-15.38
-1.73205,-2.5,-15.4
-1.73205,-2.5,-15.42
-1.73205,-2.5,-15.44
-1.73205,-2.5,-15.46
-1.73205,-2.5,-15.48
-1.73205,-2.5,-15.5
-1.73205,-2.5,-15.52
-1.90306,-2.46985,-15.54
-2.05344,-2.38302,-15.56
-2.16506,-2.25,-15.58
-2.16506,-2.25,-15.6
-2.16506,-2.25,-15.62
-2.16506,-2.25,-15.64
-2.16506,-2.25,-15.66
-2.16506,-2.25,-15.68
-2.16506,-2.25,-15.7
-2.16506,-2.25,-15.72
-2.16506,-2.25,-15.74
-2.16506,-2.25,-15.76
-2.16506,-2.25,-15.78
-2.16506,-2.25,-15.8
-2.16506,-2.25,-15.82
-2.16506,-2.25,-15.84
-2.16506,-2.25,-15.86
-2.16506,-2.25,-15.88
-2.16506,-2.25,-15.9
-2.16506,-2.25,-15.92
-2.16506,-2.25,-15.94
-2.16506,-2.25,-15.96
-2.16506,-2.25,-15.98
-2.16506,-2.25,-16
-2.16506,-2.25,-16.02
-2.16506,-2.25,-16.04
-2.16506,-2.25,-16.06
-2.16506,-2.25,-16.08
-2.16506,-2.25,-16.1
-2.16506,-2.25,-16.12
-2.16506,-2.25,-16.14
-2.16506,-2.25,-16.16
-2.16506,-2.25,-16.18
-2.16506,-2.25,-16.2
-2.16506,-2.25,-16.22
-2.16506,-2.25,-16.24
-2.16506,-2.25,-16.26
-2.16506,-2.25,-16.28
-2.2019,-2.17101,-16.3
-2.23205,-2,-16.32
-2.2019,-1.82899,-16.34
-2.16506,-1.75,-16.36
-2.16506,-1.75,-16.38
-2.16506,-1.75,-16.4
-2.16506,-1.75,-16.42
-2.16506,-1.75,-16.44
-2.16506,-1.75,-16.46
-2.16506,-1.75,-16.48
-2.16506,-1.75,-16.5
-2.16506,-1.75,-16.52
-2.16506,-1.75,-16.54
-2.16506,-1.75,-16.56
-2.16506,-1.75,-16.58
-2.16506,-1.75,-16.6
-2.16506,-1.75,-16.62
-2.16506,-1.75,-16.64
-2.16506,-1.75,-16.66
-2.16506,-1.75,-16.68
-2.16506,-1.75,-16.7
-2.16506,-1.75,-16.72
-2.16506,-1.75,-16.74
-2.16506,-1.75,-16.76
-2.16506,-1.75,-16.78
-2.10567,-1.58682,-16.8
-2.10567,-1.41318,-16.82
-2.16506,-1.25,-16.84
-2.21505,-1.17861,-16.86
-2.34808,-1.06699,-16.88
-2.51125,-1.0076,-16.9
-2.59808,-1,-16.92
-2.76909,-1.03015,-16.94
-2.91947,-1.11698,-16.96
-3.03109,-1.25,-16.98
-3.06792,-1.32899,-17
-3.09808,-1.5,-17.02
-3.06792,-1.67101,-17.04
-3.03109,-1.75,-17.06
-3.03109,-1.75,-17.08
-3.03109,-1.75,-17.1
-3.03109,-1.75,-17.12
-3.03109,-1.75,-17.14
-3.03109,-1.75,-17.16
-3.03109,-1.75,-17.18
-3.03109,-1.75,-17.2
-3.03109,-1.75,-17.22
-3.03109,-1.75,-17.24
-3.03109,-1.75,-17.26
-3.03109,-1.75,-17.28
-3.03109,-1.75,-17.3
-3.03109,-1.75,-17.32
-3.03109,-1.75,-17.34
-3.03109,-1.75,-17.36
-3.03109,-1.75,-17.38
-3.03109,-1.75,-17.4
-3.03109,-1.75,-17.42
-3.03109,-1.75,-17.44
-3.03109,-1.75,-17.46
-3.03109,-1.75,-17.48
-3.03109,-1.75,-17.5
-3.03109,-1.75,-17.52
-3.03109,-1.75,-17.54
-2.9811,-1.82139,-17.56
-2.84808,-1.93301,-17.58
-2.6849,-1.9924,-17.6
-2.59808,-2,-17.62
-2.42707,-1.96985,-17.64
-2.27668,-1.88302,-17.66
-2.16506,-1.75,-17.68
-2.12823,-1.67101,-17.7
-2.09808,-1.5,-17.72
-2.12823,-1.32899,-17.74
-2.16506,-1.25,-17.76
-2.27668,-1.11698,-17.78
-2.42707,-1.03015,-17.8
-2.59808,-1,-17.82
-2.59808,-1,-17.84
-2.59808,-1,-17.86
-2.59808,-1,-17.88
-2.59808,-1,-17.9
-2.59808,-1,-17.92
-2.59808,-1,-17.94
-2.59808,-1,-17.96
-2.59808,-1,-17.98
-2.59808,-1,-18
-2.59808,-1,-18.02
-2.59808,-1,-18.04
-2.59808,-1,-18.06
-2.59808,-1,-18.08
-2.59808,-1,-18.1
-2.59808,-1,-18.12
-2.59808,-1,-18.14
-2.59808,-1,-18.16
-2.59808,-1,-18.18
-2.59808,-1,-18.2
-2.59808,-1,-18.22
-2.59808,-1,-18.24
-2.6849,-0.992404,-18.26
-2.84808,-0.933013,-18.28
-2.9811,-0.821394,-18.3
-3.03109,-0.75,-18.32
-3.03109,-0.75,-18.34
-3.03109,-0.75,-18.36
-3.03109,-0.75,-18.38
-3.03109,-0.75,-18.4
-3.03109,-0.75,-18.42
-3.03109,-0.75,-18.44
-3.03109,-0.75,-18.46
-3.03109,-0.75,-18.48
-3.03109,-0.75,-18.5
-3.03109,-0.75,-18.52
-3.03109,-0.75,-18.54
-3.03109,-0.75,-18.56
-3.03109,-0.75,-18.58
-3.03109,-0.75,-18.6
-3.03109,-0.75,-18.62
-3.03109,-0.75,-18.64
-3.03109,-0.75,-18.66
-3.03109,-0.75,-18.68
-3.03109,-0.75,-18.7
-3.03109,-0.75,-18.72
-3.03109,-0.75,-18.74
-3.03109,-0.75,-18.76
-3.03109,-0.75,-18.78
-3.03109,-0.75,-18.8
-3.03109,-0.75,-18.82
-3.03109,-0.75,-18.84
-3.03109,-0.75,-18.86
-3.03109,-0.75,-18.88
-3.03109,-0.75,-18.9
-3.03109,-0.75,-18.92
-3.03109,-0.75,-18.94
-3.03109,-0.75,-18.96
-3.03109,-0.75,-18.98
-3.03109,-0.75,-19
-3.03109,-0.75,-19.02
-3.09048,-0.586824,-19.04
-3.09048,-0.413176,-19.06
-3.03109,-0.25,-19.08
-3.03109,-0.25,-19.1
-3.03109,-0.25,-19.12
-3.03109,-0.25,-19.14
-3.03109,-0.25,-19.16
-3.03109,-0.25,-19.18
-3.03109,-0.25,-19.2
-3.03109,-0.25,-19.22
-3.03109,-0.25,-19.24
-3.03109,-0.25,-19.26
-3.03109,-0.25,-19.28
-3.03109,-0.25,-19.3
-3.03109,-0.25,-19.32
-3.03109,-0.25,-19.34
-3.03109,-0.25,-19.36
-3.03109,-0.25,-19.38
-3.03109,-0.25,-19.4
-3.03109,-0.25,-19.42
-3.03109,-0.25,-19.44
-3.03109,-0.25,-19.46
-3.03109,-0.25,-19.48
-3.03109,-0.25,-19.5
-3.03109,-0.25,-19.52
-3.03109,-0.25,-19.54
-3.03109,-0.25,-19.56
-3.03109,-0.25,-19.58
-3.03109,-0.25,-19.6
-3.03109,-0.25,-19.62
-3.03109,-0.25,-19.64
-3.03109,-0.25,-19.66
-3.03109,-0.25,-19.68
-3.03109,-0.25,-19.7
-3.03109,-0.25,-19.72
-3.03109,-0.25,-19.74
-3.03109,-0.25,-19.76
-3.03109,-0.25,-19.78
-2.9811,-0.178606,-19.8
-2.84808,-0.0669873,-19.82
-2.6849,-0.00759612,-19.84
-2.59808,1.71663e-12,-19.86
-2.59808,1.71663e-12,-19.88
-2.59808,1.71663e-12,-19.9
-2.59808,1.71663e-12,-19.92
-2.59808,1.71663e-12,-19.94
-2.59808,1.71663e-12,-19.96
-2.59808,1.71663e-12,-19.98
-2.59808,1.71663e-12,-20
-2.59808,1.71663e-12,-20.02
-2.59808,1.71663e-12,-20.04
-2.59808,1.71663e-12,-20.06
-2.59808,1.71663e-12,-20.08
-2.59808,1.71663e-12,-20.1
-2.59808,1.71663e-12,-20.12
-2.59808,1.71663e-12,-20.14
-2.76909,0.0301537,-20.16
-2.91947,0.116978,-20.18
-3.03109,0.25,-20.2
-3.03109,0.25,-20.22
-3.03109,0.25,-20.24
-3.03109,0.25,-20.26
-3.03109,0.25,-20.28
-3.03109,0.25,-20.3
-3.03109,0.25,-20.32
-3.03109,0.25,-20.34
-3.03109,0.25,-20.36
-3.03109,0.25,-20.38
-3.03109,0.25,-20.4
-3.03109,0.25,-20.42
-3.03109,0.25,-20.44
-3.03109,0.25,-20.46
-3.03109,0.25,-20.48
-3.03109,0.25,-20.5
-3.03109,0.25,-20.52
-3.03109,0.25,-20.54
-3.03109,0.25,-20.56
-3.03109,0.25,-20.58
-3.03109,0.25,-20.6
-3.03109,0.25,-20.62
-3.03109,0.25,-20.64
-3.03109,0.25,-20.66
-3.03109,0.25,-20.68
-3.03109,0.25,-20.7
-3.03109,0.25,-20.72
-3.03109,0.25,-20.74
-3.03109,0.25,-20.76
-3.03109,0.25,-20.78
-3.03109,0.25,-20.8
-3.03109,0.25,-20.82
-3.03109,0.25,-20.84
-3.03109,0.25,-20.86
-3.03109,0.25,-20.88
-3.03109,0.25,-20.9
-3.06792,0.32899,-20.92
-3.09808,0.5,-20.94
-3.06792,0.67101,-20.96
-3.03109,0.75,-20.98
-3.03109,0.75,-21
-3.03109,0.75,-21.02
-3.03109,0.75,-21.04
-3.03109,0.75,-21.06
-3.03109,0.75,-21.08
-3.03109,0.75,-21.1
-3.03109,0.75,-21.12
-3.03109,0.75,-21.14
-3.03109,0.75,-21.16
-3.03109,0.75,-21.18
-3.03109,0.75,-21.2
-3.03109,0.75,-21.22
-3.03109,0.75,-21.24
-3.03109,0.75,-21.26
-3.03109,0.75,-21.28
-3.03109,0.75,-21.3
-3.03109,0.75,-21.32
-3.03109,0.75,-21.34
-3.03109,0.75,-21.36
-3.03109,0.75,-21.38
-3.03109,0.75,-21.4
-3.03109,0.75,-21.42
-3.03109,0.75,-21.44
-3.03109,0.75,-21.46
-3.03109,0.75,-21.48
-3.03109,0.75,-21.5
-3.03109,0.75,-21.52
-3.03109,0.75,-21.54
-3.03109,0.75,-21.56
-3.03109,0.75,-21.58
-3.03109,0.75,-21.6
-3.03109,0.75,-21.62
-3.03109,0.75,-21.64
-3.03109,0.75,-21.66
-3.03109,0.75,-21.68
-2.91947,0.883022,-21.7
-2.76909,0.969846,-21.72
-2.59808,1,-21.74
-2.59808,1,-21.76
-2.59808,1,-21.78
-2.59808,1,-21.8
-2.59808,1,-21.82
-2.59808,1,-21.84
-2.59808,1,-21.86
-2.59808,1,-21.88
-2.59808,1,-21.9
-2.59808,1,-21.92
-2.59808,1,-21.94
-2.59808,1,-21.96
-2.59808,1,-21.98
-2.59808,1,-22
-2.59808,1,-22.02
-2.59808,1,-22.04
-2.59808,1,-22.06
-2.59808,1,-22.08
-2.59808,1,-22.1
-2.59808,1,-22.12
-2.59808,1,-22.14
-2.59808,1,-22.16
-2.51125,1.0076,-22.18
-2.34808,1.06699,-22.2
-2.21505,1.17861,-22.22
-2.16506,1.25,-22.24
-2.10567,1.41318,-22.26
-2.10567,1.58682,-22.28
-2.16506,1.75,-22.3
-2.21505,1.82139,-22.32
-2.34808,1.93301,-22.34
-2.51125,1.9924,-22.36
-2.59808,2,-22.38
-2.76909,1.96985,-22.4
-2.91947,1.88302,-22.42
-3.03109,1.75,-22.44
-3.03109,1.75,-22.46
-3.03109,1.75,-22.48
-3.03109,1.75,-22.5
-3.03109,1.75,-22.52
-3.03109,1.75,-22.54
-3.03109,1.75,-22.56
-3.03109,1.75,-22.58
-3.03109,1.75,-22.6
-3.03109,1.75,-22.62
-3.03109,1.75,-22.64
-3.03109,1.75,-22.66
-3.03109,1.75,-22.68
-3.03109,1.75,-22.7
-3.03109,1.75,-22.72
-3.03109,1.75,-22.74
-3.03109,1.75,-22.76
-3.03109,1.75,-22.78
-3.03109,1.75,-22.8
-3.03109,1.75,-22.82
-3.03109,1.75,-22.84
-3.03109,1.75,-22.86
-3.03109,1.75,-22.88
-3.03109,1.75,-22.9
-3.03109,1.75,-22.92
-3.03109,1.75,-22.94
-3.09048,1.58682,-22.96
-3.09048,1.41318,-22.98
-3.03109,1.25,-23
-2.9811,1.17861,-23.02
-2.84808,1.06699,-23.04
-2.6849,1.0076,-23.06
-2.59808,1,-23.08
-2.42707,1.03015,-23.1
-2.27668,1.11698,-23.12
-2.16506,1.25,-23.14
-2.12823,1.32899,-23.16
-2.09808,1.5,-23.18
-2.12823,1.67101,-23.2
-2.16506,1.75,-23.22
-2.16506,1.75,-23.24
-2.16506,1.75,-23.26
-2.16506,1.75,-23.28
-2.16506,1.75,-23.3
-2.16506,1.75,-23.32
-2.16506,1.75,-23.34
-2.16506,1.75,-23.36
-2.16506,1.75,-23.38
-2.16506,1.75,-23.4
-2.16506,1.75,-23.42
-2.16506,1.75,-23.44
-2.16506,1.75,-23.46
-2.16506,1.75,-23.48
-2.16506,1.75,-23.5
-2.16506,1.75,-23.52
-2.16506,1.75,-23.54
-2.16506,1.75,-23.56
-2.16506,1.75,-23.58
-2.16506,1.75,-23.6
-2.16506,1.75,-23.62
-2.16506,1.75,-23.64
-2.22445,1.91318,-23.66
-2.22445,2.08682,-23.68
-2.16506,2.25,-23.7
-2.16506,2.25,-23.72
-2.16506,2.25,-23.74
-2.16506,2.25,-23.76
-2.16506,2.25,-23.78
-2.16506,2.25,-23.8
-2.16506,2.25,-23.82
-2.16506,2.25,-23.84
-2.16506,2.25,-23.86
-2.16506,2.25,-23.88
-2.16506,2.25,-23.9
-2.16506,2.25,-23.92
-2.16506,2.25,-23.94
-2.16506,2.25,-23.96
-2.16506,2.25,-23.98
-2.16506,2.25,-24
-2.16506,2.25,-24.02
-2.16506,2.25,-24.04
-2.16506,2.25,-24.06
-2.16506,2.25,-24.08
-2.16506,2.25,-24.1
-2.16506,2.25,-24.12
-2.16506,2.25,-24.14
-2.16506,2.25,-24.16
-2.16506,2.25,-24.18
-2.16506,2.25,-24.2
-2.16506,2.25,-24.22
-2.16506,2.25,-24.24
-2.16506,2.25,-24.26
-2.16506,2.25,-24.28
-2.16506,2.25,-24.3
-2.16506,2.25,-24.32
-2.16506,2.25,-24.34
-2.16506,2.25,-24.36
-2.16506,2.25,-24.38
-2.16506,2.25,-24.4
-2.11507,2.32139,-24.42
-1.98205,2.43301,-24.44
-1.81887,2.4924,-24.46
-1.73205,2.5,-24.48
-1.73205,2.5,-24.5
-1.73205,2.5,-24.52
-1.73205,2.5,-24.54
-1.73205,2.5,-24.56
-1.73205,2.5,-24.58
-1.73205,2.5,-24.6
-1.73205,2.5,-24.62
-1.73205,2.5,-24.64
-1.73205,2.5,-24.66
-1.73205,2.5,-24.68
-1.73205,2.5,-24.7
-1.73205,2.5,-24.72
-1.73205,2.5,-24.74
-1.73205,2.5,-24.76
-1.73205,2.5,-24.78
-1.73205,2.5,-24.8
-1.73205,2.5,-24.82
-1.73205,2.5,-24.84
-1.73205,2.5,-24.86
-1.73205,2.5,-24.88
-1.73205,2.5,-24.9
-1.73205,2.5,-24.92
-1.73205,2.5,-24.94
-1.73205,2.5,-24.96
-1.73205,2.5,-24.98
